0000000000 (genesis block) : 0 
0007000001 (0000000000) : 74.45247409742176 
0003000002 (0007000001) : 292.13098017695864 
0007000003 (0003000002) : 2023.1197934905706 
0003000004 (0007000003) : 3937.318850941487 
0009000005 (0003000004) : 3981.6882059892514 
0006000006 (0009000005) : 5166.82479588376 
0007000007 (0006000006) : 5405.400183970747 
0002000008 (0007000007) : 6739.655221742521 
0007000009 (0002000008) : 8559.159938440662 
0006000010 (0007000009) : 8981.92455080918 
0007000011 (0006000010) : 9441.905700043704 
