0000000000 (genesis block) : 0 
0007000001 (0000000000) : 74.59362091536833 
0003000002 (0007000001) : 292.1417987816743 
0007000003 (0003000002) : 2023.306262514059 
0003000004 (0007000003) : 3937.3997251941446 
0009000005 (0003000004) : 3981.7515208591653 
0006000006 (0009000005) : 5166.890955053725 
0007000007 (0006000006) : 5405.6754930531115 
0002000008 (0007000007) : 6739.4345286374655 
0007000009 (0002000008) : 8559.435285381125 
0006000010 (0007000009) : 8981.987405593345 
0007000011 (0006000010) : 9442.183103559204 
