0000000000 (genesis block) : 0 
0007000001 (0000000000) : 74.53611989177517 
0003000002 (0007000001) : 292.0951883334405 
0007000003 (0003000002) : 2023.2400656938446 
0003000004 (0007000003) : 3937.353852586936 
0009000005 (0003000004) : 3981.684040204697 
0006000006 (0009000005) : 5166.829905251515 
0007000007 (0006000006) : 5405.520219147267 
0002000008 (0007000007) : 6739.691897932103 
0007000009 (0002000008) : 8559.280480372987 
0006000010 (0007000009) : 8981.929063273252 
0007000011 (0006000010) : 9442.025348929117 
