0000000000 (genesis block) : 0 
0007000001 (0000000000) : 74.60905348412828 
0003000002 (0007000001) : 292.26106637543205 
0007000003 (0003000002) : 2023.3211115525023 
0003000004 (0007000003) : 3937.454198792765 
0009000005 (0003000004) : 3981.3715355768595 
0006000006 (0009000005) : 5166.90264418324 
0007000007 (0006000006) : 5405.717102982689 
0002000008 (0007000007) : 6739.628202049739 
0007000009 (0002000008) : 8559.475379399304 
0006000010 (0007000009) : 8982.001327231654 
0007000011 (0006000010) : 9442.221237262236 
