0000000000 (genesis block) : 0 
0007000001 (0000000000) : 74.54445068793521 
0003000002 (0007000001) : 292.0847727757451 
0007000003 (0003000002) : 2023.2353609498664 
0003000004 (0007000003) : 3937.2727945259 
0009000005 (0003000004) : 3981.78656809635 
0006000006 (0009000005) : 5167.110082527092 
0007000007 (0006000006) : 5405.574818294424 
0002000008 (0007000007) : 6739.212995635524 
0007000009 (0002000008) : 8559.333272205315 
0006000010 (0007000009) : 8982.206827086222 
0007000011 (0006000010) : 9442.077072636854 
