0000000000 (genesis block) : 0 
0007000001 (0000000000) : 74.49220147501651 
0003000002 (0007000001) : 292.1366969178784 
0007000003 (0003000002) : 2023.1818454767183 
0003000004 (0007000003) : 3937.322290762163 
0009000005 (0003000004) : 3981.5694272083583 
0006000006 (0009000005) : 5166.706331601914 
0007000007 (0006000006) : 5405.520199653086 
0002000008 (0007000007) : 6739.615675432202 
0007000009 (0002000008) : 8559.278470225581 
0006000010 (0007000009) : 8981.80563258103 
0007000011 (0006000010) : 9442.02504790782 
