0000000000 (genesis block) : 0 
0007000001 (0000000000) : 74.42781094145508 
0003000002 (0007000001) : 291.96234482303703 
0007000003 (0003000002) : 2023.0929463728976 
0003000004 (0007000003) : 3937.0754362515827 
0009000005 (0003000004) : 3981.750050614756 
0006000006 (0009000005) : 5166.95691659 
0007000007 (0006000006) : 5405.375704682144 
0002000008 (0007000007) : 6739.41182150394 
0007000009 (0002000008) : 8559.135030464155 
0006000010 (0007000009) : 8982.054106496804 
0007000011 (0006000010) : 9441.880100684806 
