0000000000 (genesis block) : 0 
0007000001 (0000000000) : 74.22866232302972 
0003000002 (0007000001) : 292.16615864840145 
0007000003 (0003000002) : 2022.8714183506775 
0003000004 (0007000003) : 3937.355196907429 
0009000005 (0003000004) : 3981.991414244866 
0006000006 (0009000005) : 5167.129676473803 
0007000007 (0006000006) : 5405.096374590199 
0002000008 (0007000007) : 6739.690845719898 
0007000009 (0002000008) : 8558.856957307951 
0006000010 (0007000009) : 8982.22844184992 
0007000011 (0006000010) : 9441.602179529773 
