0000000000 (genesis block) : 0 
0007000001 (0000000000) : 74.55887176937583 
0003000002 (0007000001) : 292.1247975031804 
0007000003 (0003000002) : 2023.2866773294982 
0003000004 (0007000003) : 3937.4569597618856 
0009000005 (0003000004) : 3981.787106149459 
0006000006 (0009000005) : 5166.934078722428 
0007000007 (0006000006) : 5405.623090607018 
0002000008 (0007000007) : 6739.795132274131 
0007000009 (0002000008) : 8559.384236509044 
0006000010 (0007000009) : 8982.033417494078 
0007000011 (0006000010) : 9442.12883819437 
