0000000000 (genesis block) : 0 
0007000001 (0000000000) : 74.44937758440634 
0003000002 (0007000001) : 291.9908147494049 
0007000003 (0003000002) : 2023.1412389209818 
0003000004 (0007000003) : 3937.175592432544 
0009000005 (0003000004) : 3981.8507539530156 
0006000006 (0009000005) : 5167.008152404981 
0007000007 (0006000006) : 5405.4758535997935 
0002000008 (0007000007) : 6739.5126062869795 
0007000009 (0002000008) : 8559.235669579823 
0006000010 (0007000009) : 8982.111123787066 
0007000011 (0006000010) : 9441.983467264461 
