Peer 0
0000000000(genesis block) : 0 
0011000001(0000000000) : 1012.8461836260138 
0015000002(0011000001) : 1190.750461967933 
0017000003(0015000002) : 3004.929420447279 
0014000004(0017000003) : 3199.5739867526113 
0005000005(0014000004) : 3309.1046571522706 
0001000006(0005000005) : 4025.2030551787316 
0006000007(0001000006) : 4031.8363129822383 0017000007(0001000006) : 4033.502299398865 
0009000008(0006000007) : 4209.639752387674 
0017000009(0009000008) : 4307.223901260288 
0014000010(0017000009) : 5812.208980266253 
0018000011(0014000010) : 5967.1203730833795 
0014000012(0018000011) : 6352.9445967135 
0002000013(0014000012) : 6510.6051832802905 
0005000014(0002000013) : 6918.102322463501 
0018000015(0005000014) : 6919.760908663334 
0013000016(0018000015) : 7498.4130674022845 
0007000017(0013000016) : 7649.044305922693 
0014000018(0007000017) : 7803.663322361308 
0016000019(0014000018) : 8096.712879157598 
0014000020(0016000019) : 8104.704438941583 
Peer 1
0000000000(genesis block) : 0 
0011000001(0000000000) : 1012.9921857789217 
0015000002(0011000001) : 1190.7286961308619 
0017000003(0015000002) : 3005.136517281799 
0014000004(0017000003) : 3199.607357825663 
0005000005(0014000004) : 3308.950954545947 
0001000006(0005000005) : 4024.8970208252726 
0006000007(0001000006) : 4031.7808076975502 0017000007(0001000006) : 4033.7141540461407 
0009000008(0006000007) : 4209.618880265717 
0017000009(0009000008) : 4307.419295481155 
0014000010(0017000009) : 5812.244656114151 
0018000011(0014000010) : 5967.0324942246025 
0014000012(0018000011) : 6352.978366571726 
0002000013(0014000012) : 6510.865638469412 
0005000014(0002000013) : 6917.951254575968 
0018000015(0005000014) : 6919.6709285558 
0013000016(0018000015) : 7498.254418589627 
0007000017(0013000016) : 7648.987530243774 
0014000018(0007000017) : 7803.700129500657 
0016000019(0014000018) : 8097.004850719715 
0014000020(0016000019) : 8104.73967002964 
Peer 2
0000000000(genesis block) : 0 
0011000001(0000000000) : 1012.945815196608 
0015000002(0011000001) : 1192.4781773709728 
0017000003(0015000002) : 3006.6233443744113 
0014000004(0017000003) : 3201.2863781483334 
0005000005(0014000004) : 3310.8050972063634 
0001000006(0005000005) : 4026.8690543117536 
0006000007(0001000006) : 4033.534243103775 0017000007(0001000006) : 4035.248673733523 
0009000008(0006000007) : 4211.211032131461 
0017000009(0009000008) : 4308.923682324213 
0014000010(0017000009) : 5813.900846336306 
0018000011(0014000010) : 5968.787068891901 
0014000012(0018000011) : 6354.670909221158 
0002000013(0014000012) : 6508.911634762432 
0005000014(0002000013) : 6919.792033653121 
0018000015(0005000014) : 6921.406755435679 
0013000016(0018000015) : 7500.12763921568 
0007000017(0013000016) : 7650.486981097416 
0014000018(0007000017) : 7805.357934871294 
0016000019(0014000018) : 8098.187120792802 
0014000020(0016000019) : 8106.422726034396 
Peer 3
0000000000(genesis block) : 0 
0011000001(0000000000) : 1013.0673650985216 
0015000002(0011000001) : 1190.8942677538096 
0017000003(0015000002) : 3005.1146938189704 
0014000004(0017000003) : 3199.793230957303 
0005000005(0014000004) : 3309.296011925801 
0001000006(0005000005) : 4025.474125674298 
0006000007(0001000006) : 4031.8969437279147 0017000007(0001000006) : 4033.6995719180127 
0009000008(0006000007) : 4209.385310997703 
0017000009(0009000008) : 4307.404023368277 
0014000010(0017000009) : 5812.432193205797 
0018000011(0014000010) : 5967.245382660306 
0014000012(0018000011) : 6353.164617771503 
0002000013(0014000012) : 6511.094749737934 
0005000014(0002000013) : 6918.292411301431 
0018000015(0005000014) : 6919.8886949095895 
0013000016(0018000015) : 7498.083419638973 
0007000017(0013000016) : 7649.233610715044 
0014000018(0007000017) : 7803.881211913074 
0016000019(0014000018) : 8096.72320916638 
0014000020(0016000019) : 8104.924278152544 
Peer 4
0000000000(genesis block) : 0 
0011000001(0000000000) : 1012.8830318932335 
0015000002(0011000001) : 1191.2513622897618 
0017000003(0015000002) : 3005.1082670045375 
0014000004(0017000003) : 3199.753378547015 
0005000005(0014000004) : 3309.0857873658983 
0001000006(0005000005) : 4025.641410792897 
0006000007(0001000006) : 4032.3342166501197 0017000007(0001000006) : 4033.68101270143 
0009000008(0006000007) : 4209.9413355672405 
0017000009(0009000008) : 4307.403935333774 
0014000010(0017000009) : 5812.387919083726 
0018000011(0014000010) : 5967.298999487973 
0014000012(0018000011) : 6353.123377666004 
0002000013(0014000012) : 6511.026147723139 
0005000014(0002000013) : 6918.084024208295 
0018000015(0005000014) : 6919.941332146155 
0013000016(0018000015) : 7497.988857198957 
0007000017(0013000016) : 7648.545012333074 
0014000018(0007000017) : 7803.8418895593595 
0016000019(0014000018) : 8096.71015864919 
0014000020(0016000019) : 8104.885534279955 
Peer 5
0000000000(genesis block) : 0 
0011000001(0000000000) : 1012.90319485291 
0015000002(0011000001) : 1191.0335182424415 
0017000003(0015000002) : 3005.0685611237905 
0014000004(0017000003) : 3199.32771530857 
0005000005(0014000004) : 3308.646388170067 
0001000006(0005000005) : 4025.201975216418 
0006000007(0001000006) : 4031.925226243361 0017000007(0001000006) : 4033.6447828611335 
0009000008(0006000007) : 4209.717043579345 
0017000009(0009000008) : 4307.362869072645 
0014000010(0017000009) : 5811.965237788386 
0018000011(0014000010) : 5967.033287902797 
0014000012(0018000011) : 6352.699805389035 
0002000013(0014000012) : 6511.066940550146 
0005000014(0002000013) : 6917.644604384314 
0018000015(0005000014) : 6919.676363459188 
0013000016(0018000015) : 7497.949951202016 
0007000017(0013000016) : 7648.682940280506 
0014000018(0007000017) : 7803.41738439296 
0016000019(0014000018) : 8096.848394221323 
0014000020(0016000019) : 8104.458943781431 
Peer 6
0000000000(genesis block) : 0 
0011000001(0000000000) : 1013.0537462994757 
0015000002(0011000001) : 1190.9601284895118 
0017000003(0015000002) : 3005.215219507594 
0014000004(0017000003) : 3199.703065112645 
0005000005(0014000004) : 3309.022918787395 
0001000006(0005000005) : 4025.129657155019 
0006000007(0001000006) : 4031.549465669773 0017000007(0001000006) : 4033.7884966499055 
0009000008(0006000007) : 4209.732889117236 
0017000009(0009000008) : 4307.509638975481 
0014000010(0017000009) : 5812.34067249862 
0018000011(0014000010) : 5967.264507472623 
0014000012(0018000011) : 6353.075160048229 
0002000013(0014000012) : 6510.890960459137 
0005000014(0002000013) : 6918.020330255712 
0018000015(0005000014) : 6919.901837167853 
0013000016(0018000015) : 7498.325483975764 
0007000017(0013000016) : 7649.0595384200715 
0014000018(0007000017) : 7803.792723640978 
0016000019(0014000018) : 8096.998589638434 
0014000020(0016000019) : 8104.834839958269 
Peer 7
0000000000(genesis block) : 0 
0011000001(0000000000) : 1012.9541094957368 
0015000002(0011000001) : 1191.323125641653 
0017000003(0015000002) : 3005.2624794472144 
0014000004(0017000003) : 3199.6175667479224 
0005000005(0014000004) : 3308.935670248289 
0001000006(0005000005) : 4025.4913770582716 
0006000007(0001000006) : 4032.2152945900516 0017000007(0001000006) : 4033.833874709671 
0009000008(0006000007) : 4210.008408828341 
0017000009(0009000008) : 4307.553521928043 
0014000010(0017000009) : 5812.25462802363 
0018000011(0014000010) : 5967.322974886843 
0014000012(0018000011) : 6352.989596973049 
0002000013(0014000012) : 6511.031249391968 
0005000014(0002000013) : 6917.933798652388 
0018000015(0005000014) : 6919.966883778143 
0013000016(0018000015) : 7498.138388420656 
0007000017(0013000016) : 7648.392394141239 
0014000018(0007000017) : 7803.707650874359 
0016000019(0014000018) : 8096.861761829374 
0014000020(0016000019) : 8104.748275264381 
Peer 8
0000000000(genesis block) : 0 
0011000001(0000000000) : 1012.9294710001218 
0015000002(0011000001) : 1190.8713700028436 
0017000003(0015000002) : 3004.9943010421343 
0014000004(0017000003) : 3199.538360137042 
0005000005(0014000004) : 3309.06655298362 
0001000006(0005000005) : 4025.040474630593 
0006000007(0001000006) : 4031.92292171994 0017000007(0001000006) : 4033.571749966696 
0009000008(0006000007) : 4209.674654127095 
0017000009(0009000008) : 4307.275810414758 
0014000010(0017000009) : 5812.171814504275 
0018000011(0014000010) : 5966.956229739772 
0014000012(0018000011) : 6352.90624442653 
0002000013(0014000012) : 6510.722488154775 
0005000014(0002000013) : 6918.065600185222 
0018000015(0005000014) : 6919.598205919994 
0013000016(0018000015) : 7498.373472369119 
0007000017(0013000016) : 7649.104765573396 
0014000018(0007000017) : 7803.625080175972 
0016000019(0014000018) : 8096.876036683023 
0014000020(0016000019) : 8104.6672670109565 
Peer 9
0000000000(genesis block) : 0 
0011000001(0000000000) : 1013.0062643517389 
0015000002(0011000001) : 1190.7213023997776 
0017000003(0015000002) : 3004.9383080101766 
0014000004(0017000003) : 3199.6194239820147 
0005000005(0014000004) : 3309.1504611310106 
0001000006(0005000005) : 4025.300759293894 
0006000007(0001000006) : 4032.0696291720596 0017000007(0001000006) : 4033.5259202295683 
0009000008(0006000007) : 4209.211666795286 
0017000009(0009000008) : 4307.231211232335 
0014000010(0017000009) : 5812.254538970576 
0018000011(0014000010) : 5967.0723870438 
0014000012(0018000011) : 6352.990828804842 
0002000013(0014000012) : 6510.921963948677 
0005000014(0002000013) : 6918.149502649498 
0018000015(0005000014) : 6919.715849232061 
0013000016(0018000015) : 7498.2560656555215 
0007000017(0013000016) : 7649.189850566387 
0014000018(0007000017) : 7803.708107288244 
0016000019(0014000018) : 8096.672289067946 
0014000020(0016000019) : 8104.750959630359 
Peer 10
0000000000(genesis block) : 0 
0011000001(0000000000) : 1013.0498311602399 
0015000002(0011000001) : 1191.1649422386827 
0017000003(0015000002) : 3005.1830939234414 
0014000004(0017000003) : 3199.553034537091 
0005000005(0014000004) : 3309.0859619656435 
0001000006(0005000005) : 4025.3324817225794 
0006000007(0001000006) : 4032.217033103478 0017000007(0001000006) : 4033.7704243083194 
0009000008(0006000007) : 4209.693055123603 
0017000009(0009000008) : 4307.445842975048 
0014000010(0017000009) : 5812.190774387214 
0018000011(0014000010) : 5966.973473901267 
0014000012(0018000011) : 6352.924968886906 
0002000013(0014000012) : 6510.700833597274 
0005000014(0002000013) : 6918.083480050053 
0018000015(0005000014) : 6919.616219637478 
0013000016(0018000015) : 7498.31442398635 
0007000017(0013000016) : 7648.870845647732 
0014000018(0007000017) : 7803.643182103398 
0016000019(0014000018) : 8096.568625316996 
0014000020(0016000019) : 8104.686691374218 
Peer 11
0000000000(genesis block) : 0 
0011000001(0000000000) : 1012.7334648068396 
0015000002(0011000001) : 1191.0233842297514 
0017000003(0015000002) : 3004.8810421190074 
0014000004(0017000003) : 3199.524712583608 
0005000005(0014000004) : 3309.056945451631 
0001000006(0005000005) : 4025.474490812516 
0006000007(0001000006) : 4032.106969172126 0017000007(0001000006) : 4033.4537136074537 
0009000008(0006000007) : 4209.713624631187 
0017000009(0009000008) : 4307.176467767329 
0014000010(0017000009) : 5812.160690079654 
0018000011(0014000010) : 5967.229210483423 
0014000012(0018000011) : 6352.894926683342 
0002000013(0014000012) : 6510.876613659269 
0005000014(0002000013) : 6918.0530732407115 
0018000015(0005000014) : 6919.872078002305 
0013000016(0018000015) : 7498.216252098936 
0007000017(0013000016) : 7648.773293795764 
0014000018(0007000017) : 7803.614178425168 
0016000019(0014000018) : 8096.662534608032 
0014000020(0016000019) : 8104.657666047143 
Peer 12
0000000000(genesis block) : 0 
0011000001(0000000000) : 1012.7641091802916 
0015000002(0011000001) : 1190.910986606406 
0017000003(0015000002) : 3004.769060961547 
0014000004(0017000003) : 3199.413478479831 
0005000005(0014000004) : 3308.9453255410854 
0001000006(0005000005) : 4025.363110460382 
0006000007(0001000006) : 4031.9959778238817 0017000007(0001000006) : 4033.342580191548 
0009000008(0006000007) : 4209.768482955668 
0017000009(0009000008) : 4307.064355595853 
0014000010(0017000009) : 5812.048703115201 
0018000011(0014000010) : 5967.118737397438 
0014000012(0018000011) : 6352.784233792691 
0002000013(0014000012) : 6510.765090243542 
0005000014(0002000013) : 6917.9419977879315 
0018000015(0005000014) : 6919.761551490947 
0013000016(0018000015) : 7498.251409878854 
0007000017(0013000016) : 7648.8849350547125 
0014000018(0007000017) : 7803.5033911374885 
0016000019(0014000018) : 8096.550828504018 
0014000020(0016000019) : 8104.544699648258 
Peer 13
0000000000(genesis block) : 0 
0011000001(0000000000) : 1013.0826197097758 
0015000002(0011000001) : 1191.2853800156704 
0017000003(0015000002) : 3005.32555547896 
0014000004(0017000003) : 3199.58602457185 
0005000005(0014000004) : 3308.9034831712315 
0001000006(0005000005) : 4025.460626370961 
0006000007(0001000006) : 4032.1844790940268 0017000007(0001000006) : 4033.9023546839962 
0009000008(0006000007) : 4209.777019185188 
0017000009(0009000008) : 4307.620341590515 
0014000010(0017000009) : 5812.2228577540345 
0018000011(0014000010) : 5967.29031322454 
0014000012(0018000011) : 6352.956965782459 
0002000013(0014000012) : 6511.323296596184 
0005000014(0002000013) : 6917.901719212062 
0018000015(0005000014) : 6919.934380583652 
0013000016(0018000015) : 7497.692566752477 
0007000017(0013000016) : 7648.841747056113 
0014000018(0007000017) : 7803.675051344505 
0016000019(0014000018) : 8097.007099321889 
0014000020(0016000019) : 8104.718890955893 
Peer 14
0000000000(genesis block) : 0 
0011000001(0000000000) : 1012.8758043276833 
0015000002(0011000001) : 1191.102276140183 
0017000003(0015000002) : 3004.9623442446664 
0014000004(0017000003) : 3199.2211718198305 
0005000005(0014000004) : 3308.752975624335 
0001000006(0005000005) : 4025.2841833383623 
0006000007(0001000006) : 4032.0319756761437 0017000007(0001000006) : 4033.5352047232814 
0009000008(0006000007) : 4209.609532721571 
0017000009(0009000008) : 4307.256325623181 
0014000010(0017000009) : 5811.857204918728 
0018000011(0014000010) : 5966.925587293105 
0014000012(0018000011) : 6352.591292870267 
0002000013(0014000012) : 6510.9586124611715 
0005000014(0002000013) : 6917.750768846468 
0018000015(0005000014) : 6919.569412314979 
0013000016(0018000015) : 7498.057537683749 
0007000017(0013000016) : 7648.791709856 
0014000018(0007000017) : 7803.311009976574 
0016000019(0014000018) : 8096.7421583641635 
0014000020(0016000019) : 8104.352686268258 
Peer 15
0000000000(genesis block) : 0 
0011000001(0000000000) : 1012.994324698699 
0015000002(0011000001) : 1190.5229371884438 
0017000003(0015000002) : 3005.1365329504215 
0014000004(0017000003) : 3199.8023565132103 
0005000005(0014000004) : 3309.1571613270503 
0001000006(0005000005) : 4025.1027381755885 
0006000007(0001000006) : 4031.988783728014 0017000007(0001000006) : 4033.7242052014913 
0009000008(0006000007) : 4209.411411721182 
0017000009(0009000008) : 4307.430856766359 
0014000010(0017000009) : 5812.436218482354 
0018000011(0014000010) : 5967.239892186082 
0014000012(0018000011) : 6353.172099942736 
0002000013(0014000012) : 6510.832309266158 
0005000014(0002000013) : 6918.157015146564 
0018000015(0005000014) : 6919.877454183217 
0013000016(0018000015) : 7498.454794463058 
0007000017(0013000016) : 7649.1962324575825 
0014000018(0007000017) : 7803.891342234023 
0016000019(0014000018) : 8096.873583837853 
0014000020(0016000019) : 8104.935796510436 
Peer 16
0000000000(genesis block) : 0 
0011000001(0000000000) : 1012.9215205088432 
0015000002(0011000001) : 1191.082009150068 
0017000003(0015000002) : 3005.0069538207736 
0014000004(0017000003) : 3199.651561675191 
0005000005(0014000004) : 3309.1831363640404 
0001000006(0005000005) : 4025.5889098553967 
0006000007(0001000006) : 4032.2340495790518 0017000007(0001000006) : 4033.579798573193 
0009000008(0006000007) : 4209.572498407643 
0017000009(0009000008) : 4307.301486897999 
0014000010(0017000009) : 5812.286246472949 
0018000011(0014000010) : 5967.230770518852 
0014000012(0018000011) : 6353.02150182022 
0002000013(0014000012) : 6510.788922105861 
0005000014(0002000013) : 6918.180305892361 
0018000015(0005000014) : 6919.872849896667 
0013000016(0018000015) : 7498.386573898733 
0007000017(0013000016) : 7648.945196703901 
0014000018(0007000017) : 7803.741997904313 
0016000019(0014000018) : 8096.312069474653 
0014000020(0016000019) : 8104.782194768423 
Peer 17
0000000000(genesis block) : 0 
0011000001(0000000000) : 1012.7852295475607 
0015000002(0011000001) : 1192.5228365428452 
0017000003(0015000002) : 3003.14166598667 
0014000004(0017000003) : 3201.028404250781 
0005000005(0014000004) : 3310.5624596846337 
0001000006(0005000005) : 4026.8882063550523 
0017000007(0001000006) : 4031.7151095991776 0006000007(0001000006) : 4033.61913923436 
0009000008(0006000007) : 4211.032387294233 
0017000009(0009000008) : 4305.432129820799 
0014000010(0017000009) : 5813.708249113933 
0018000011(0014000010) : 5968.760891238903 
0014000012(0018000011) : 6354.40483456617 
0002000013(0014000012) : 6512.396592436412 
0005000014(0002000013) : 6919.565979461066 
0018000015(0005000014) : 6921.387761083508 
0013000016(0018000015) : 7499.887261223362 
0007000017(0013000016) : 7650.518829934283 
0014000018(0007000017) : 7805.164522562804 
0016000019(0014000018) : 8098.201714759885 
0014000020(0016000019) : 8106.188794419686 
Peer 18
0000000000(genesis block) : 0 
0011000001(0000000000) : 1012.9380290178856 
0015000002(0011000001) : 1190.9738623120675 
0017000003(0015000002) : 3005.104004127469 
0014000004(0017000003) : 3199.362616795244 
0005000005(0014000004) : 3308.894409428061 
0001000006(0005000005) : 4025.141911285942 
0006000007(0001000006) : 4032.0270441718008 0017000007(0001000006) : 4033.6771872084933 
0009000008(0006000007) : 4209.502603568156 
0017000009(0009000008) : 4307.398513735697 
0014000010(0017000009) : 5811.999748201819 
0018000011(0014000010) : 5966.783367937516 
0014000012(0018000011) : 6352.733188392338 
0002000013(0014000012) : 6510.8936467368485 
0005000014(0002000013) : 6917.892914396562 
0018000015(0005000014) : 6919.426287243822 
0013000016(0018000015) : 7498.201502457432 
0007000017(0013000016) : 7648.932999927978 
0014000018(0007000017) : 7803.453240918407 
0016000019(0014000018) : 8096.75952904708 
0014000020(0016000019) : 8104.495029581884 
Peer 19
0000000000(genesis block) : 0 
0011000001(0000000000) : 1013.1526648485694 
0015000002(0011000001) : 1191.2318529979466 
0017000003(0015000002) : 3005.356674199142 
0014000004(0017000003) : 3199.671952852083 
0005000005(0014000004) : 3308.991573097523 
0001000006(0005000005) : 4025.401171384675 
0006000007(0001000006) : 4032.269179881045 0017000007(0001000006) : 4033.935260882969 
0009000008(0006000007) : 4209.963251189112 
0017000009(0009000008) : 4307.63651809634 
0014000010(0017000009) : 5812.308358616432 
0018000011(0014000010) : 5967.24326411808 
0014000012(0018000011) : 6353.046667320452 
0002000013(0014000012) : 6510.974407473109 
0005000014(0002000013) : 6917.98750655553 
0018000015(0005000014) : 6919.8892353597075 
0013000016(0018000015) : 7498.292818899834 
0007000017(0013000016) : 7648.8936484897995 
0014000018(0007000017) : 7803.760566958117 
0016000019(0014000018) : 8096.804142854491 
0014000020(0016000019) : 8104.80437028742 
