0000000000 (genesis block) : 0 
0010000001 (0000000000) : 316.37142657415365 
0019000002 (0010000001) : 756.1081321522998 
0006000003 (0019000002) : 877.9390034992317 
0004000004 (0006000003) : 1225.6653965293838 
0000000005 (0004000004) : 1796.5500678794233 
0011000006 (0000000005) : 2319.0887404648474 
0007000007 (0011000006) : 2872.024273541284 
0015000008 (0007000007) : 3411.6582453699457 
0019000009 (0015000008) : 3446.6862568606402 
0010000010 (0019000009) : 3477.230187174935 
0016000011 (0010000010) : 3511.238132198492 
0010000012 (0016000011) : 3561.5475251888624 
0001000013 (0010000012) : 3577.8324106516557 
0011000014 (0001000013) : 4395.47805590251 
0005000015 (0011000014) : 4451.504849818693 
0019000016 (0005000015) : 5704.007400326198 
0007000017 (0019000016) : 5947.616630693189 
0003000018 (0007000017) : 7431.286912527181 
0005000019 (0003000018) : 7562.886179106639 
0008000020 (0005000019) : 8315.180371445877 
0019000021 (0008000020) : 9959.472431048678 
