0000000000 (genesis block) : 0 
0010000001 (0000000000) : 316.09602627817463 
0019000002 (0010000001) : 755.8435742701713 
0006000003 (0019000002) : 877.5785696769972 
0004000004 (0006000003) : 1225.491132181905 
0000000005 (0004000004) : 1796.3708651247366 
0011000006 (0000000005) : 2318.8476803032268 
0007000007 (0011000006) : 2871.8485481693497 
0015000008 (0007000007) : 3412.021291792988 
0019000009 (0015000008) : 3446.425991686114 
0010000010 (0019000009) : 3476.873234187052 
0016000011 (0010000010) : 3511.0739947926286 
0010000012 (0016000011) : 3561.1898633428755 
0001000013 (0010000012) : 3577.637915009134 
0011000014 (0001000013) : 4395.237799533979 
0005000015 (0011000014) : 4451.1424149822005 
0019000016 (0005000015) : 5703.747536302423 
0007000017 (0019000016) : 5947.442530426571 
0003000018 (0007000017) : 7431.648150524605 
0005000019 (0003000018) : 7562.524626389636 
0008000020 (0005000019) : 8314.818806328603 
0019000021 (0008000020) : 9959.213097377253 
