0000000000 (genesis block) : 0 
0010000001 (0000000000) : 316.2558894885467 
0019000002 (0010000001) : 756.0067490604356 
0006000003 (0019000002) : 877.7749672760309 
0004000004 (0006000003) : 1225.5562214772717 
0000000005 (0004000004) : 1796.273039719639 
0011000006 (0000000005) : 2319.044751629561 
0007000007 (0011000006) : 2872.0357940884915 
0015000008 (0007000007) : 3412.096015415853 
0019000009 (0015000008) : 3446.5894295137687 
0010000010 (0019000009) : 3477.1127100306303 
0016000011 (0010000010) : 3510.9338223080213 
0010000012 (0016000011) : 3561.43023041865 
0001000013 (0010000012) : 3577.394741189413 
0011000014 (0001000013) : 4395.43457542094 
0005000015 (0011000014) : 4451.38312294581 
0019000016 (0005000015) : 5703.91052322648 
0007000017 (0019000016) : 5947.628326109587 
0003000018 (0007000017) : 7431.63884880036 
0005000019 (0003000018) : 7562.764063337012 
0008000020 (0005000019) : 8314.96239165087 
0019000021 (0008000020) : 9959.377258927116 
