0000000000 (genesis block) : 0 
0010000001 (0000000000) : 316.0037758584619 
0019000002 (0010000001) : 755.9626082312976 
0006000003 (0019000002) : 877.7508140283383 
0004000004 (0006000003) : 1225.319464920382 
0000000005 (0004000004) : 1796.5424272987802 
0011000006 (0000000005) : 2318.81485299471 
0007000007 (0011000006) : 2871.9801970474114 
0015000008 (0007000007) : 3412.1864636491023 
0019000009 (0015000008) : 3446.542460512537 
0010000010 (0019000009) : 3476.7016448363224 
0016000011 (0010000010) : 3511.0548654822833 
0010000012 (0016000011) : 3561.018324932221 
0001000013 (0010000012) : 3577.8117858417977 
0011000014 (0001000013) : 4395.205083257435 
0005000015 (0011000014) : 4451.314142431066 
0019000016 (0005000015) : 5703.866601765268 
0007000017 (0019000016) : 5947.573251489035 
0003000018 (0007000017) : 7431.509748337871 
0005000019 (0003000018) : 7562.69807035051 
0008000020 (0005000019) : 8314.991283993386 
0019000021 (0008000020) : 9959.331630450271 
