0000000000 (genesis block) : 0 
0010000001 (0000000000) : 316.33237001612457 
0019000002 (0010000001) : 755.9763628266107 
0006000003 (0019000002) : 877.9520722977152 
0004000004 (0006000003) : 1225.6768535156425 
0000000005 (0004000004) : 1796.4525270629854 
0011000006 (0000000005) : 2319.2216859037057 
0007000007 (0011000006) : 2872.036488696368 
0015000008 (0007000007) : 3412.3315511657615 
0019000009 (0015000008) : 3446.555951477707 
0010000010 (0019000009) : 3477.188795496503 
0016000011 (0010000010) : 3510.5660646467445 
0010000012 (0016000011) : 3561.50639429465 
0001000013 (0010000012) : 3577.573605217336 
0011000014 (0001000013) : 4395.610671801841 
0005000015 (0011000014) : 4451.649297577927 
0019000016 (0005000015) : 5703.880345366725 
0007000017 (0019000016) : 5947.62852856462 
0003000018 (0007000017) : 7431.655206238426 
0005000019 (0003000018) : 7563.031330093197 
0008000020 (0005000019) : 8315.141119481827 
0019000021 (0008000020) : 9959.34592617054 
