0000000000 (genesis block) : 0 
0010000001 (0000000000) : 316.34620884813097 
0019000002 (0010000001) : 756.056509264764 
0006000003 (0019000002) : 877.8259822492415 
0004000004 (0006000003) : 1225.5222508924846 
0000000005 (0004000004) : 1796.3613045967566 
0011000006 (0000000005) : 2318.9088728394186 
0007000007 (0011000006) : 2872.0952125335716 
0015000008 (0007000007) : 3412.2178875207946 
0019000009 (0015000008) : 3446.6726002871387 
0010000010 (0019000009) : 3477.3125610962493 
0016000011 (0010000010) : 3511.0093783551565 
0010000012 (0016000011) : 3561.627432833253 
0001000013 (0010000012) : 3577.484764145152 
0011000014 (0001000013) : 4395.2984196307 
0005000015 (0011000014) : 4451.64944802934 
0019000016 (0005000015) : 5703.9967296689465 
0007000017 (0019000016) : 5947.691186201052 
0003000018 (0007000017) : 7431.541480523526 
0005000019 (0003000018) : 7563.026285910208 
0008000020 (0005000019) : 8314.979597730906 
0019000021 (0008000020) : 9959.460968533496 
