0000000000 (genesis block) : 0 
0010000001 (0000000000) : 316.3737457640417 
0019000002 (0010000001) : 755.9624242583933 
0006000003 (0019000002) : 877.9650626057086 
0004000004 (0006000003) : 1225.6888372523338 
0000000005 (0004000004) : 1796.522808701279 
0011000006 (0000000005) : 2319.2359595531566 
0007000007 (0011000006) : 2872.1441831821408 
0015000008 (0007000007) : 3412.4495757659224 
0019000009 (0015000008) : 3446.512122205947 
0010000010 (0019000009) : 3477.150361372439 
0016000011 (0010000010) : 3510.848016380089 
0010000012 (0016000011) : 3561.4678193178233 
0001000013 (0010000012) : 3577.646342751208 
0011000014 (0001000013) : 4395.626191485822 
0005000015 (0011000014) : 4451.762989199304 
0019000016 (0005000015) : 5703.834794890893 
0007000017 (0019000016) : 5947.73846109537 
0003000018 (0007000017) : 7431.774701853591 
0005000019 (0003000018) : 7563.146884689284 
0008000020 (0005000019) : 8315.212604393642 
0019000021 (0008000020) : 9959.301216487916 
