0000000000 (genesis block) : 0 
0010000001 (0000000000) : 316.25577677519897 
0019000002 (0010000001) : 755.5895121398455 
0006000003 (0019000002) : 877.5681161115797 
0004000004 (0006000003) : 1225.282712993696 
0000000005 (0004000004) : 1796.437784729628 
0011000006 (0000000005) : 2318.8389643093547 
0007000007 (0011000006) : 2871.7378369590165 
0015000008 (0007000007) : 3412.2389460068634 
0019000009 (0015000008) : 3446.104449404644 
0010000010 (0019000009) : 3477.140269705286 
0016000011 (0010000010) : 3511.0202229752567 
0010000012 (0016000011) : 3561.457201385186 
0001000013 (0010000012) : 3577.6906987679913 
0011000014 (0001000013) : 4395.227168885437 
0005000015 (0011000014) : 4451.462141688918 
0019000016 (0005000015) : 5703.427766941292 
0007000017 (0019000016) : 5947.330835133338 
0003000018 (0007000017) : 7431.805393149883 
0005000019 (0003000018) : 7562.844438379633 
0008000020 (0005000019) : 8314.884917237589 
0019000021 (0008000020) : 9958.893924162025 
