0000000000 (genesis block) : 0 
0010000001 (0000000000) : 316.2261007185589 
0019000002 (0010000001) : 755.8810361923298 
0006000003 (0019000002) : 877.8025057128697 
0004000004 (0006000003) : 1225.4872984402405 
0000000005 (0004000004) : 1796.080889699127 
0011000006 (0000000005) : 2319.0754523858373 
0007000007 (0011000006) : 2871.888003835631 
0015000008 (0007000007) : 3412.12551260708 
0019000009 (0015000008) : 3446.4610490832674 
0010000010 (0019000009) : 3477.1656784055162 
0016000011 (0010000010) : 3510.939394284022 
0010000012 (0016000011) : 3561.480364945145 
0001000013 (0010000012) : 3577.399392424964 
0011000014 (0001000013) : 4395.465127228165 
0005000015 (0011000014) : 4451.432279873687 
0019000016 (0005000015) : 5703.7852441649475 
0007000017 (0019000016) : 5947.482107870773 
0003000018 (0007000017) : 7431.448263129969 
0005000019 (0003000018) : 7562.813987079454 
0008000020 (0005000019) : 8314.767174237693 
0019000021 (0008000020) : 9959.250190644907 
