0000000000 (genesis block) : 0 
0010000001 (0000000000) : 316.1602459238956 
0019000002 (0010000001) : 755.7584074422352 
0006000003 (0019000002) : 877.6582548418286 
0004000004 (0006000003) : 1225.0812803733745 
0000000005 (0004000004) : 1796.4867690055798 
0011000006 (0000000005) : 2318.927826410841 
0007000007 (0011000006) : 2871.744127867368 
0015000008 (0007000007) : 3412.244495537037 
0019000009 (0015000008) : 3446.3059482297076 
0010000010 (0019000009) : 3476.9377535154968 
0016000011 (0010000010) : 3511.1647473307335 
0010000012 (0016000011) : 3561.2550511830823 
0001000013 (0010000012) : 3577.8062569052804 
0011000014 (0001000013) : 4395.317624201111 
0005000015 (0011000014) : 4451.5531871813755 
0019000016 (0005000015) : 5703.630360950092 
0007000017 (0019000016) : 5947.3361047902345 
0003000018 (0007000017) : 7431.746140087609 
0005000019 (0003000018) : 7562.934591373324 
0008000020 (0005000019) : 8314.97572039641 
0019000021 (0008000020) : 9959.095403488083 
