0000000000 (genesis block) : 0 
0010000001 (0000000000) : 316.20041620302817 
0019000002 (0010000001) : 755.7057276306825 
0006000003 (0019000002) : 877.5061804373389 
0004000004 (0006000003) : 1225.2328962042932 
0000000005 (0004000004) : 1796.3804103758923 
0011000006 (0000000005) : 2318.7759605024294 
0007000007 (0011000006) : 2871.591483036485 
0015000008 (0007000007) : 3412.0931335606415 
0019000009 (0015000008) : 3446.2525092184455 
0010000010 (0019000009) : 3477.090276999664 
0016000011 (0010000010) : 3511.012539494944 
0010000012 (0016000011) : 3561.4083216956355 
0001000013 (0010000012) : 3577.6956690023962 
0011000014 (0001000013) : 4395.165878611979 
0005000015 (0011000014) : 4451.401291967792 
0019000016 (0005000015) : 5703.575311142839 
0007000017 (0019000016) : 5947.1843565729105 
0003000018 (0007000017) : 7431.72005630042 
0005000019 (0003000018) : 7562.783251895003 
0008000020 (0005000019) : 8314.824094247278 
0019000021 (0008000020) : 9959.04006648856 
