0000000000 (genesis block) : 0 
0010000001 (0000000000) : 316.1913730780727 
0019000002 (0010000001) : 756.1965851249548 
0006000003 (0019000002) : 878.0175514298843 
0004000004 (0006000003) : 1225.586252177448 
0000000005 (0004000004) : 1796.7614550702604 
0011000006 (0000000005) : 2319.081562171633 
0007000007 (0011000006) : 2872.142953915269 
0015000008 (0007000007) : 3412.4529008853515 
0019000009 (0015000008) : 3446.804575107883 
0010000010 (0019000009) : 3476.967638651993 
0016000011 (0010000010) : 3510.8915669620988 
0010000012 (0016000011) : 3561.2849732054565 
0001000013 (0010000012) : 3577.883757602386 
0011000014 (0001000013) : 4395.471781466172 
0005000015 (0011000014) : 4451.580311761057 
0019000016 (0005000015) : 5704.12787139008 
0007000017 (0019000016) : 5947.737759279732 
0003000018 (0007000017) : 7431.778317553964 
0005000019 (0003000018) : 7562.964158379178 
0008000020 (0005000019) : 8315.257385023186 
0019000021 (0008000020) : 9959.59183668673 
