0000000000 (genesis block) : 0 
0010000001 (0000000000) : 316.29914693461535 
0019000002 (0010000001) : 756.1645302986509 
0006000003 (0019000002) : 878.0911665946102 
0004000004 (0006000003) : 1225.695728002108 
0000000005 (0004000004) : 1796.3967380782856 
0011000006 (0000000005) : 2319.190359612728 
0007000007 (0011000006) : 2872.1771241314323 
0015000008 (0007000007) : 3411.8111560882353 
0019000009 (0015000008) : 3446.775213499622 
0010000010 (0019000009) : 3477.076927498169 
0016000011 (0010000010) : 3511.08598976192 
0010000012 (0016000011) : 3561.394693149252 
0001000013 (0010000012) : 3577.714415505035 
0011000014 (0001000013) : 4395.580665705131 
0005000015 (0011000014) : 4451.657972426368 
0019000016 (0005000015) : 5704.100224858107 
0007000017 (0019000016) : 5947.768920265552 
0003000018 (0007000017) : 7431.134088732733 
0005000019 (0003000018) : 7563.03859403924 
0008000020 (0005000019) : 8315.081472705882 
0019000021 (0008000020) : 9959.56532734563 
