0000000000 (genesis block) : 0 
0010000001 (0000000000) : 316.1854525698958 
0019000002 (0010000001) : 755.8066431335109 
0006000003 (0019000002) : 877.5408030136124 
0004000004 (0006000003) : 1225.4534724691123 
0000000005 (0004000004) : 1796.6021397525406 
0011000006 (0000000005) : 2318.555749568777 
0007000007 (0011000006) : 2871.813423584462 
0015000008 (0007000007) : 3412.190514517843 
0019000009 (0015000008) : 3446.388537074685 
0010000010 (0019000009) : 3476.961572840603 
0016000011 (0010000010) : 3511.232889551427 
0010000012 (0016000011) : 3561.2767056618723 
0001000013 (0010000012) : 3577.836946410575 
0011000014 (0001000013) : 4394.9459311210885 
0005000015 (0011000014) : 4451.436327371554 
0019000016 (0005000015) : 5703.711560607369 
0007000017 (0019000016) : 5947.403919951669 
0003000018 (0007000017) : 7431.772146181536 
0005000019 (0003000018) : 7562.817065879819 
0008000020 (0005000019) : 8315.044711862443 
0019000021 (0008000020) : 9959.175949271827 
