0000000000 (genesis block) : 0 
0010000001 (0000000000) : 316.19901877112864 
0019000002 (0010000001) : 755.7961290320333 
0006000003 (0019000002) : 877.8066028023877 
0004000004 (0006000003) : 1225.5212160683743 
0000000005 (0004000004) : 1796.628813112538 
0011000006 (0000000005) : 2319.0782596084 
0007000007 (0011000006) : 2871.9782171605707 
0015000008 (0007000007) : 3412.314202539541 
0019000009 (0015000008) : 3446.343137230505 
0010000010 (0019000009) : 3476.975741567186 
0016000011 (0010000010) : 3510.780357188453 
0010000012 (0016000011) : 3561.293567174788 
0001000013 (0010000012) : 3577.750525557183 
0011000014 (0001000013) : 4395.465687511713 
0005000015 (0011000014) : 4451.435476241128 
0019000016 (0005000015) : 5703.666897259553 
0007000017 (0019000016) : 5947.569359998457 
0003000018 (0007000017) : 7431.7839618513835 
0005000019 (0003000018) : 7562.8179378597815 
0008000020 (0005000019) : 8315.111992263495 
0019000021 (0008000020) : 9959.133062071674 
