0000000000 (genesis block) : 0 
0010000001 (0000000000) : 316.1809314606071 
0019000002 (0010000001) : 755.7106352830848 
0006000003 (0019000002) : 877.4134274709132 
0004000004 (0006000003) : 1225.3257880006818 
0000000005 (0004000004) : 1796.4737028370641 
0011000006 (0000000005) : 2318.6830125525034 
0007000007 (0011000006) : 2871.683940635818 
0015000008 (0007000007) : 3412.18591094896 
0019000009 (0015000008) : 3446.2610478093243 
0010000010 (0019000009) : 3477.0376183901594 
0016000011 (0010000010) : 3511.1056161058013 
0010000012 (0016000011) : 3561.3545296800157 
0001000013 (0010000012) : 3577.758070342783 
0011000014 (0001000013) : 4395.073111132998 
0005000015 (0011000014) : 4451.307753748718 
0019000016 (0005000015) : 5703.582464818212 
0007000017 (0019000016) : 5947.276806313121 
0003000018 (0007000017) : 7431.813457092168 
0005000019 (0003000018) : 7562.689660015687 
0008000020 (0005000019) : 8314.91737399803 
0019000021 (0008000020) : 9959.048721297577 
