0000000000 (genesis block) : 0 
0010000001 (0000000000) : 316.36132584110385 
0019000002 (0010000001) : 755.9946476106492 
0006000003 (0019000002) : 877.7303534848232 
0004000004 (0006000003) : 1225.6180278275053 
0000000005 (0004000004) : 1796.4580827426357 
0011000006 (0000000005) : 2318.999437192976 
0007000007 (0011000006) : 2872.000603492877 
0015000008 (0007000007) : 3412.312642924491 
0019000009 (0015000008) : 3446.577630871733 
0010000010 (0019000009) : 3477.3546799871783 
0016000011 (0010000010) : 3510.91304408538 
0010000012 (0016000011) : 3561.6706641931282 
0001000013 (0010000012) : 3577.5795708943933 
0011000014 (0001000013) : 4395.389510290537 
0005000015 (0011000014) : 4451.624461511521 
0019000016 (0005000015) : 5703.899799449855 
0007000017 (0019000016) : 5947.594186978832 
0003000018 (0007000017) : 7431.636345185443 
0005000019 (0003000018) : 7563.008220864513 
0008000020 (0005000019) : 8315.074421492349 
0019000021 (0008000020) : 9959.365883778944 
