0000000000 (genesis block) : 0 
0010000001 (0000000000) : 316.24412247609416 
0019000002 (0010000001) : 755.9458588760057 
0006000003 (0019000002) : 877.868164387061 
0004000004 (0006000003) : 1225.5867486854377 
0000000005 (0004000004) : 1796.1789518357775 
0011000006 (0000000005) : 2319.089826278605 
0007000007 (0011000006) : 2871.9871287897618 
0015000008 (0007000007) : 3412.189980845463 
0019000009 (0015000008) : 3446.495882188615 
0010000010 (0019000009) : 3477.207132790591 
0016000011 (0010000010) : 3510.8400275988492 
0010000012 (0016000011) : 3561.5234327508806 
0001000013 (0010000012) : 3577.3013857108785 
0011000014 (0001000013) : 4395.479345986154 
0005000015 (0011000014) : 4451.477143866721 
0019000016 (0005000015) : 5703.816596975075 
0007000017 (0019000016) : 5947.579597159505 
0003000018 (0007000017) : 7431.545729266837 
0005000019 (0003000018) : 7562.857440702477 
0008000020 (0005000019) : 8314.865356279044 
0019000021 (0008000020) : 9959.284098153707 
