0000000000 (genesis block) : 0 
0010000001 (0000000000) : 316.18634951204785 
0019000002 (0010000001) : 755.7929299223816 
0006000003 (0019000002) : 877.682916085537 
0004000004 (0006000003) : 1225.4096238791292 
0000000005 (0004000004) : 1796.2012221147352 
0011000006 (0000000005) : 2318.9555545189482 
0007000007 (0011000006) : 2871.7682734405466 
0015000008 (0007000007) : 3412.1910988203726 
0019000009 (0015000008) : 3446.3404774781256 
0010000010 (0019000009) : 3477.0448215500464 
0016000011 (0010000010) : 3511.0600597853227 
0010000012 (0016000011) : 3561.359424414497 
0001000013 (0010000012) : 3577.519142307799 
0011000014 (0001000013) : 4395.3427050487735 
0005000015 (0011000014) : 4451.312200680633 
0019000016 (0005000015) : 5703.665001393713 
0007000017 (0019000016) : 5947.362368993107 
0003000018 (0007000017) : 7431.568620963647 
0005000019 (0003000018) : 7562.694242102619 
0008000020 (0005000019) : 8314.647575528626 
0019000021 (0008000020) : 9959.130123677378 
