0000000000 (genesis block) : 0 
0010000001 (0000000000) : 316.3334965369728 
0019000002 (0010000001) : 756.0473504193124 
0006000003 (0019000002) : 878.0438894017594 
0004000004 (0006000003) : 1225.756624638066 
0000000005 (0004000004) : 1796.3477693228185 
0011000006 (0000000005) : 2319.2597886782514 
0007000007 (0011000006) : 2872.140859264986 
0015000008 (0007000007) : 3412.274425842131 
0019000009 (0015000008) : 3446.659992650104 
0010000010 (0019000009) : 3477.292396193144 
0016000011 (0010000010) : 3510.670838432808 
0010000012 (0016000011) : 3561.610489032577 
0001000013 (0010000012) : 3577.4700483758706 
0011000014 (0001000013) : 4395.648552860635 
0005000015 (0011000014) : 4451.646748213312 
0019000016 (0005000015) : 5703.984007440866 
0007000017 (0019000016) : 5947.732111650063 
0003000018 (0007000017) : 7431.597434128394 
0005000019 (0003000018) : 7563.0272153980395 
0008000020 (0005000019) : 8315.037442666688 
0019000021 (0008000020) : 9959.450525649108 
