0000000000 (genesis block) : 0 
0002000001 (0000000000) : 1040.9434069365827 
0013000002 (0002000001) : 1632.0101112289183 
0010000003 (0013000002) : 2010.6509922052833 
0013000004 (0010000003) : 2026.993604362659 
0011000005 (0013000004) : 2241.501365526785 
0014000006 (0011000005) : 2428.898622927927 
0019000007 (0014000006) : 2710.221436603821 
0002000008 (0019000007) : 3707.3036126896786 
0014000009 (0002000008) : 3801.040356615694 
0009000010 (0014000009) : 4218.304079946071 
0010000011 (0009000010) : 4269.158036819892 
0014000012 (0010000011) : 4432.2422357463865 
0000000013 (0014000012) : 5408.019670761475 
0014000014 (0000000013) : 6778.587395542624 
