0000000000 (genesis block) : 0 
0002000001 (0000000000) : 1041.1003995533117 
0013000002 (0002000001) : 1632.070240748156 
0010000003 (0013000002) : 2010.804056483002 
0013000004 (0010000003) : 2027.0535526470574 
0011000005 (0013000004) : 2241.5607852166963 
0014000006 (0011000005) : 2428.9243086537354 
0019000007 (0014000006) : 2710.282277716901 
0002000008 (0019000007) : 3707.5973970124755 
0014000009 (0002000008) : 3801.065764545193 
0009000010 (0014000009) : 4218.597760247169 
0010000011 (0009000010) : 4269.308887438685 
0014000012 (0010000011) : 4432.270952559548 
0000000013 (0014000012) : 5408.229934373454 
0014000014 (0000000013) : 6778.614715680405 
