0000000000 (genesis block) : 0 
0002000001 (0000000000) : 1041.0293893361265 
0013000002 (0002000001) : 1632.0874888298238 
0010000003 (0013000002) : 2010.4181862034318 
0013000004 (0010000003) : 2027.0688630774127 
0011000005 (0013000004) : 2241.320511752624 
0014000006 (0011000005) : 2428.4294916956014 
0019000007 (0014000006) : 2710.3752340947453 
0002000008 (0019000007) : 3707.4690367942585 
0014000009 (0002000008) : 3800.570287846016 
0009000010 (0014000009) : 4218.371530656329 
0010000011 (0009000010) : 4268.927625045964 
0014000012 (0010000011) : 4431.7719536991235 
0000000013 (0014000012) : 5408.184831376738 
0014000014 (0000000013) : 6778.117602388511 
