0000000000 (genesis block) : 0 
0002000001 (0000000000) : 1041.2505967313052 
0013000002 (0002000001) : 1632.0999506885914 
0010000003 (0013000002) : 2011.026014677173 
0013000004 (0010000003) : 2027.0833475055956 
0011000005 (0013000004) : 2241.710367877996 
0014000006 (0011000005) : 2429.074136962877 
0019000007 (0014000006) : 2710.4301772979056 
0002000008 (0019000007) : 3707.8496967940832 
0014000009 (0002000008) : 3801.215407203389 
0009000010 (0014000009) : 4218.549051062641 
0010000011 (0009000010) : 4269.533984951134 
0014000012 (0010000011) : 4432.421603730418 
0000000013 (0014000012) : 5408.368568998019 
0014000014 (0000000013) : 6778.7636457322915 
