0000000000 (genesis block) : 0 
0002000001 (0000000000) : 1040.8718245599487 
0013000002 (0002000001) : 1632.162124217475 
0010000003 (0013000002) : 2010.4977844356083 
0013000004 (0010000003) : 2027.1474852399872 
0011000005 (0013000004) : 2241.64085178401 
0014000006 (0011000005) : 2428.747247063444 
0019000007 (0014000006) : 2710.37312932401 
0002000008 (0019000007) : 3707.1508462911574 
0014000009 (0002000008) : 3800.8888799823553 
0009000010 (0014000009) : 4218.326458596853 
0010000011 (0009000010) : 4269.005011709318 
0014000012 (0010000011) : 4432.090310783677 
0000000013 (0014000012) : 5407.866492361662 
0014000014 (0000000013) : 6778.436159635633 
