0000000000 (genesis block) : 0 
0002000001 (0000000000) : 1041.033104846596 
0013000002 (0002000001) : 1631.8421920167066 
0010000003 (0013000002) : 2010.7323632350472 
0013000004 (0010000003) : 2026.826195080176 
0011000005 (0013000004) : 2241.333969670953 
0014000006 (0011000005) : 2428.7519571374423 
0019000007 (0014000006) : 2710.053743847883 
0002000008 (0019000007) : 3707.471485020139 
0014000009 (0002000008) : 3800.8954131470164 
0009000010 (0014000009) : 4218.471396480943 
0010000011 (0009000010) : 4269.238475901181 
0014000012 (0010000011) : 4432.094584574822 
0000000013 (0014000012) : 5408.187354689884 
0014000014 (0000000013) : 6778.438995561979 
