0000000000 (genesis block) : 0 
0002000001 (0000000000) : 1040.9520759394293 
0013000002 (0002000001) : 1632.27698110628 
0010000003 (0013000002) : 2010.7395593053543 
0013000004 (0010000003) : 2027.2609832906319 
0011000005 (0013000004) : 2241.73102966715 
0014000006 (0011000005) : 2428.9898220968794 
0019000007 (0014000006) : 2710.612582198643 
0002000008 (0019000007) : 3707.392404110133 
0014000009 (0002000008) : 3801.128923349483 
0009000010 (0014000009) : 4218.2696223572375 
0010000011 (0009000010) : 4269.244621437171 
0014000012 (0010000011) : 4432.32935860153 
0000000013 (0014000012) : 5407.8114156629545 
0014000014 (0000000013) : 6778.676757575839 
