0000000000 (genesis block) : 0 
0002000001 (0000000000) : 1041.0301428780554 
0013000002 (0002000001) : 1632.1539231872275 
0010000003 (0013000002) : 2010.4208984400727 
0013000004 (0010000003) : 2027.137454310441 
0011000005 (0013000004) : 2241.387738732394 
0014000006 (0011000005) : 2428.6700153857932 
0019000007 (0014000006) : 2710.1654718257932 
0002000008 (0019000007) : 3707.471083609343 
0014000009 (0002000008) : 3800.8099063510067 
0009000010 (0014000009) : 4218.373093679917 
0010000011 (0009000010) : 4268.926854558887 
0014000012 (0010000011) : 4432.010855770208 
0000000013 (0014000012) : 5408.184069948102 
0014000014 (0000000013) : 6778.357912533002 
