0000000000 (genesis block) : 0 
0002000001 (0000000000) : 1041.106812747771 
0013000002 (0002000001) : 1631.9959544342482 
0010000003 (0013000002) : 2010.8869228922567 
0013000004 (0010000003) : 2026.979598094881 
0011000005 (0013000004) : 2241.487289246709 
0014000006 (0011000005) : 2428.907549327549 
0019000007 (0014000006) : 2710.2090355586597 
0002000008 (0019000007) : 3707.6260023121627 
0014000009 (0002000008) : 3801.0488990328995 
0009000010 (0014000009) : 4218.625045662302 
0010000011 (0009000010) : 4269.393200277897 
0014000012 (0010000011) : 4432.248328514755 
0000000013 (0014000012) : 5408.340845518215 
0014000014 (0000000013) : 6778.592545449223 
