0000000000 (genesis block) : 0 
0002000001 (0000000000) : 1041.0524534780518 
0013000002 (0002000001) : 1631.9425352096212 
0010000003 (0013000002) : 2010.6329624877376 
0013000004 (0010000003) : 2026.9254443778095 
0011000005 (0013000004) : 2241.433345786719 
0014000006 (0011000005) : 2428.8513919168417 
0019000007 (0014000006) : 2709.953792759486 
0002000008 (0019000007) : 3707.5744148806275 
0014000009 (0002000008) : 3800.9968358024826 
0009000010 (0014000009) : 4218.570771508209 
0010000011 (0009000010) : 4269.138837419974 
0014000012 (0010000011) : 4432.193851394089 
0000000013 (0014000012) : 5408.28712514698 
0014000014 (0000000013) : 6778.538176235992 
