0000000000 (genesis block) : 0 
0002000001 (0000000000) : 1040.9901349466477 
0013000002 (0002000001) : 1632.094804957576 
0010000003 (0013000002) : 2010.2994965573296 
0013000004 (0010000003) : 2027.080089567417 
0011000005 (0013000004) : 2241.44011505499 
0014000006 (0011000005) : 2428.549390859354 
0019000007 (0014000006) : 2710.286581725581 
0002000008 (0019000007) : 3707.349720727999 
0014000009 (0002000008) : 3800.6903900248262 
0009000010 (0014000009) : 4218.252169168934 
0010000011 (0009000010) : 4268.8070819037375 
0014000012 (0010000011) : 4431.890854348872 
0000000013 (0014000012) : 5408.0641858389745 
0014000014 (0000000013) : 6778.238069930713 
