0000000000 (genesis block) : 0 
0002000001 (0000000000) : 1041.0466495533087 
0013000002 (0002000001) : 1632.3603934256846 
0010000003 (0013000002) : 2010.5641305536678 
0013000004 (0010000003) : 2027.3453194059612 
0011000005 (0013000004) : 2241.623266502926 
0014000006 (0011000005) : 2428.7325799103687 
0019000007 (0014000006) : 2710.4607362281677 
0002000008 (0019000007) : 3707.4870598409184 
0014000009 (0002000008) : 3800.8740389898862 
0009000010 (0014000009) : 4218.363025193601 
0010000011 (0009000010) : 4269.071757774756 
0014000012 (0010000011) : 4432.074171729212 
0000000013 (0014000012) : 5407.904691909603 
0014000014 (0000000013) : 6778.419533514639 
