0000000000 (genesis block) : 0 
0002000001 (0000000000) : 1041.3391643724963 
0013000002 (0002000001) : 1632.3329160266364 
0010000003 (0013000002) : 2010.947436237227 
0013000004 (0010000003) : 2027.318794443703 
0011000005 (0013000004) : 2241.825866426597 
0014000006 (0011000005) : 2428.958913294804 
0019000007 (0014000006) : 2710.547085789117 
0002000008 (0019000007) : 3707.7276302839496 
0014000009 (0002000008) : 3801.100240117314 
0009000010 (0014000009) : 4218.659611330758 
0010000011 (0009000010) : 4269.457192031507 
0014000012 (0010000011) : 4432.3014307076655 
0000000013 (0014000012) : 5408.197863290739 
0014000014 (0000000013) : 6778.647583659323 
