0000000000 (genesis block) : 0 
0002000001 (0000000000) : 1040.998436582338 
0013000002 (0002000001) : 1632.2752540380063 
0010000003 (0013000002) : 2010.514521743133 
0013000004 (0010000003) : 2027.258500832651 
0011000005 (0013000004) : 2241.6569789636624 
0014000006 (0011000005) : 2428.765038545812 
0019000007 (0014000006) : 2710.4865817082864 
0002000008 (0019000007) : 3707.4393703153605 
0014000009 (0002000008) : 3800.9070568825114 
0009000010 (0014000009) : 4218.037050612324 
0010000011 (0009000010) : 4269.023523055002 
0014000012 (0010000011) : 4432.1062891005795 
0000000013 (0014000012) : 5407.858105181374 
0014000014 (0000000013) : 6778.455820854019 
