0000000000 (genesis block) : 0 
0002000001 (0000000000) : 1041.1056559110446 
0013000002 (0002000001) : 1632.0087225004534 
0010000003 (0013000002) : 2010.5729597900538 
0013000004 (0010000003) : 2026.9933477479517 
0011000005 (0013000004) : 2241.1656416010546 
0014000006 (0011000005) : 2428.5854917225943 
0019000007 (0014000006) : 2710.2203032572857 
0002000008 (0019000007) : 3707.6236914555616 
0014000009 (0002000008) : 3800.727597913627 
0009000010 (0014000009) : 4218.526342892644 
0010000011 (0009000010) : 4269.084931219165 
0014000012 (0010000011) : 4431.928178621284 
0000000013 (0014000012) : 5408.189496935926 
0014000014 (0000000013) : 6778.272557502887 
