0000000000 (genesis block) : 0 
0002000001 (0000000000) : 1040.9389750091111 
0013000002 (0002000001) : 1632.309304845318 
0010000003 (0013000002) : 2010.647159923445 
0013000004 (0010000003) : 2027.2944863846576 
0011000005 (0013000004) : 2241.638634103627 
0014000006 (0011000005) : 2428.8944822521776 
0019000007 (0014000006) : 2710.5199380675053 
0002000008 (0019000007) : 3707.2999643162448 
0014000009 (0002000008) : 3801.035855707593 
0009000010 (0014000009) : 4218.176237209729 
0010000011 (0009000010) : 4269.1518938222525 
0014000012 (0010000011) : 4432.237094724852 
0000000013 (0014000012) : 5407.717478165188 
0014000014 (0000000013) : 6778.584436166599 
