0000000000 (genesis block) : 0 
0002000001 (0000000000) : 1041.0703544246967 
0013000002 (0002000001) : 1631.9597685044064 
0010000003 (0013000002) : 2010.8033270749615 
0013000004 (0010000003) : 2026.943320755032 
0011000005 (0013000004) : 2241.4507989714552 
0014000006 (0011000005) : 2428.8140106070123 
0019000007 (0014000006) : 2710.1707045319135 
0002000008 (0019000007) : 3707.590003268619 
0014000009 (0002000008) : 3800.955387550462 
0009000010 (0014000009) : 4218.5534493895575 
0010000011 (0009000010) : 4269.312622327823 
0014000012 (0010000011) : 4432.160933370528 
0000000013 (0014000012) : 5408.3041590443 
0014000014 (0000000013) : 6778.50391471201 
