0000000000 (genesis block) : 0 
0002000001 (0000000000) : 1041.1358873981958 
0013000002 (0002000001) : 1632.1479447167937 
0010000003 (0013000002) : 2010.7489258353082 
0013000004 (0010000003) : 2027.1333501829072 
0011000005 (0013000004) : 2241.3406174162888 
0014000006 (0011000005) : 2428.761258085961 
0019000007 (0014000006) : 2710.3585383902964 
0002000008 (0019000007) : 3707.4967128663106 
0014000009 (0002000008) : 3800.902986210538 
0009000010 (0014000009) : 4218.365298769792 
0010000011 (0009000010) : 4269.260713471873 
0014000012 (0010000011) : 4432.103656096779 
0000000013 (0014000012) : 5408.186177836364 
0014000014 (0000000013) : 6778.446950569343 
