0000000000 (genesis block) : 0 
0002000001 (0000000000) : 1041.1642937904462 
0013000002 (0002000001) : 1631.6308915640734 
0010000003 (0013000002) : 2010.7626395695931 
0013000004 (0010000003) : 2026.614197222306 
0011000005 (0013000004) : 2241.5475981925065 
0014000006 (0011000005) : 2428.8848951570685 
0019000007 (0014000006) : 2710.2650769488478 
0002000008 (0019000007) : 3707.6821383099636 
0014000009 (0002000008) : 3801.0250440925906 
0009000010 (0014000009) : 4218.6828480292925 
0010000011 (0009000010) : 4269.270186579375 
0014000012 (0010000011) : 4432.226666697851 
0000000013 (0014000012) : 5408.398789633065 
0014000014 (0000000013) : 6778.572540371379 
