0000000000 (genesis block) : 0 
0002000001 (0000000000) : 1041.1000814164317 
0013000002 (0002000001) : 1631.8641731665086 
0010000003 (0013000002) : 2010.887513944367 
0013000004 (0010000003) : 2026.8477881213191 
0011000005 (0013000004) : 2241.7379757075887 
0014000006 (0011000005) : 2429.118253491289 
0019000007 (0014000006) : 2710.458526332761 
0002000008 (0019000007) : 3707.541864293602 
0014000009 (0002000008) : 3801.2613848344845 
0009000010 (0014000009) : 4218.542101233433 
0010000011 (0009000010) : 4269.394665805742 
0014000012 (0010000011) : 4432.460271212206 
0000000013 (0014000012) : 5408.224305479738 
0014000014 (0000000013) : 6778.805855622806 
