0000000000(genesis block) : 0 
0017000001(0000000000) : 256.7997038824335 
0006000002(0017000001) : 1174.399815438242 
0016000003(0006000002) : 1203.5812734436258 
0003000004(0016000003) : 2401.2235468733343 
0011000005(0003000004) : 3973.2501790698943 
0017000006(0011000005) : 5354.373018232736 
0019000007(0017000006) : 6582.476970795097 
0010000008(0019000007) : 6827.979361997154 
0019000009(0010000008) : 7945.64339944341 
0017000010(0019000009) : 8278.935986873219 
0007000011(0017000010) : 8380.352752622017 
0003000012(0007000011) : 9262.227803387976 
