0000000000(genesis block) : 0 
0017000001(0000000000) : 256.2102391026441 
0006000002(0017000001) : 1173.6784177463283 
0016000003(0006000002) : 1204.207202315684 
0003000004(0016000003) : 2401.8849685468076 
0011000005(0003000004) : 3973.4529792168782 
0017000006(0011000005) : 5353.6237186664985 
0019000007(0017000006) : 6582.608237866105 
0010000008(0019000007) : 6828.023362485034 
0019000009(0010000008) : 7945.770164259755 
0017000010(0019000009) : 8278.187294669908 
0007000011(0017000010) : 8380.393883704954 
0003000012(0007000011) : 9262.895942016978 
