0000000000(genesis block) : 0 
0017000001(0000000000) : 256.6720463636431 
0006000002(0017000001) : 1174.1529321055818 
0016000003(0006000002) : 1203.9865478750914 
0003000004(0016000003) : 2401.343784716944 
0011000005(0003000004) : 3973.3263674630716 
0017000006(0011000005) : 5354.16524117042 
0019000007(0017000006) : 6582.066545017869 
0010000008(0019000007) : 6827.722458242 
0019000009(0010000008) : 7945.22910365228 
0017000010(0019000009) : 8278.729819600754 
0007000011(0017000010) : 8380.09621291348 
0003000012(0007000011) : 9262.354461978832 
