0000000000(genesis block) : 0 
0017000001(0000000000) : 256.84420929692317 
0006000002(0017000001) : 1174.3607837685022 
0016000003(0006000002) : 1203.7288590171695 
0003000004(0016000003) : 2401.077400199791 
0011000005(0003000004) : 3973.103202190258 
0017000006(0011000005) : 5354.5204809645875 
0019000007(0017000006) : 6582.471864546238 
0010000008(0019000007) : 6827.84497756561 
0019000009(0010000008) : 7945.638957124751 
0017000010(0019000009) : 8279.083533573912 
0007000011(0017000010) : 8380.303222483879 
0003000012(0007000011) : 9262.081812035865 
