0000000000(genesis block) : 0 
0017000001(0000000000) : 256.62765674353994 
0006000002(0017000001) : 1174.0254162828887 
0016000003(0006000002) : 1203.7257155294026 
0003000004(0016000003) : 2401.5999819787967 
0011000005(0003000004) : 3973.574634886204 
0017000006(0011000005) : 5354.119673378274 
0019000007(0017000006) : 6582.791601093076 
0010000008(0019000007) : 6828.1426001662 
0019000009(0010000008) : 7945.961411060183 
0017000010(0019000009) : 8278.683649572651 
0007000011(0017000010) : 8380.514098176924 
0003000012(0007000011) : 9262.605155946429 
