0000000000(genesis block) : 0 
0017000001(0000000000) : 256.89653932029523 
0006000002(0017000001) : 1174.15270038876 
0016000003(0006000002) : 1204.0597028540415 
0003000004(0016000003) : 2401.4051428399703 
0011000005(0003000004) : 3973.135221177638 
0017000006(0011000005) : 5354.549236519696 
0019000007(0017000006) : 6582.365933391054 
0010000008(0019000007) : 6827.9687789337095 
0019000009(0010000008) : 7945.531170185285 
0017000010(0019000009) : 8279.111868803511 
0007000011(0017000010) : 8380.339666089854 
0003000012(0007000011) : 9262.409904474942 
