0000000000(genesis block) : 0 
0017000001(0000000000) : 256.4600634108013 
0006000002(0017000001) : 1175.622815440811 
0016000003(0006000002) : 1205.611538049342 
0003000004(0016000003) : 2403.0661621624586 
0011000005(0003000004) : 3974.758006817199 
0017000006(0011000005) : 5355.541557288388 
0019000007(0017000006) : 6583.949066528785 
0010000008(0019000007) : 6829.205237672268 
0019000009(0010000008) : 7947.116580481175 
0017000010(0019000009) : 8280.103302991956 
0007000011(0017000010) : 8381.630411288877 
0003000012(0007000011) : 9264.094405427977 
