0000000000(genesis block) : 0 
0017000001(0000000000) : 256.57929429217734 
0006000002(0017000001) : 1174.1358191853865 
0016000003(0006000002) : 1204.2240081409038 
0003000004(0016000003) : 2401.5087080177077 
0011000005(0003000004) : 3973.018304134323 
0017000006(0011000005) : 5354.1529407869375 
0019000007(0017000006) : 6582.357906894605 
0010000008(0019000007) : 6827.531602144208 
0019000009(0010000008) : 7945.524905682893 
0017000010(0019000009) : 8278.717126505973 
0007000011(0017000010) : 8380.078357333687 
0003000012(0007000011) : 9262.54117240318 
