0000000000(genesis block) : 0 
0017000001(0000000000) : 256.3867235993363 
0006000002(0017000001) : 1173.934425994699 
0016000003(0006000002) : 1203.9511593268069 
0003000004(0016000003) : 2401.7114775002424 
0011000005(0003000004) : 3973.1965519726355 
0017000006(0011000005) : 5353.879887794643 
0019000007(0017000006) : 6582.415030364469 
0010000008(0019000007) : 6827.765387037964 
0019000009(0010000008) : 7945.582698482352 
0017000010(0019000009) : 8278.443198473728 
0007000011(0017000010) : 8380.137345285733 
0003000012(0007000011) : 9262.715704814538 
