0000000000(genesis block) : 0 
0017000001(0000000000) : 256.7880190443217 
0006000002(0017000001) : 1174.284507722976 
0016000003(0006000002) : 1203.4663476579472 
0003000004(0016000003) : 2401.340628509601 
0011000005(0003000004) : 3973.365848240671 
0017000006(0011000005) : 5354.360964166044 
0019000007(0017000006) : 6582.586680846014 
0010000008(0019000007) : 6828.094208856823 
0019000009(0010000008) : 7945.749855984176 
0017000010(0019000009) : 8278.925525662922 
0007000011(0017000010) : 8380.469707338285 
0003000012(0007000011) : 9262.34510659861 
