0000000000(genesis block) : 0 
0017000001(0000000000) : 256.73857745543046 
0006000002(0017000001) : 1174.2554732421042 
0016000003(0006000002) : 1204.3570220660981 
0003000004(0016000003) : 2401.203412404307 
0011000005(0003000004) : 3972.8400198648064 
0017000006(0011000005) : 5354.54512579031 
0019000007(0017000006) : 6582.477575331348 
0010000008(0019000007) : 6827.826576233647 
0019000009(0010000008) : 7945.644709151244 
0017000010(0019000009) : 8279.10925305367 
0007000011(0017000010) : 8380.19922236499 
0003000012(0007000011) : 9262.214864086201 
