0000000000(genesis block) : 0 
0017000001(0000000000) : 256.3563465144965 
0006000002(0017000001) : 1173.4528239883343 
0016000003(0006000002) : 1204.298995463941 
0003000004(0016000003) : 2401.782932243335 
0011000005(0003000004) : 3973.613371596949 
0017000006(0011000005) : 5353.8487947884905 
0019000007(0017000006) : 6582.485914086277 
0010000008(0019000007) : 6827.837427644483 
0019000009(0010000008) : 7945.653175489631 
0017000010(0019000009) : 8278.41279220372 
0007000011(0017000010) : 8380.207015092332 
0003000012(0007000011) : 9262.782044583353 
