0000000000(genesis block) : 0 
0017000001(0000000000) : 256.8581320485351 
0006000002(0017000001) : 1174.4244368272884 
0016000003(0006000002) : 1204.1909572425884 
0003000004(0016000003) : 2401.403304284443 
0011000005(0003000004) : 3972.6403978762264 
0017000006(0011000005) : 5354.433582440058 
0019000007(0017000006) : 6582.647893745278 
0010000008(0019000007) : 6827.867283408431 
0019000009(0010000008) : 7945.816060151191 
0017000010(0019000009) : 8278.998077166883 
0007000011(0017000010) : 8380.366653279265 
0003000012(0007000011) : 9262.414773838913 
