0000000000(genesis block) : 0 
0017000001(0000000000) : 256.67756651687415 
0006000002(0017000001) : 1174.0142807397299 
0016000003(0006000002) : 1204.124809465405 
0003000004(0016000003) : 2401.4824986414365 
0011000005(0003000004) : 3973.3623884110657 
0017000006(0011000005) : 5354.304035276094 
0019000007(0017000006) : 6581.925383035808 
0010000008(0019000007) : 6827.584947015297 
0019000009(0010000008) : 7945.091946933999 
0017000010(0019000009) : 8278.867517873521 
0007000011(0017000010) : 8379.958261868262 
0003000012(0007000011) : 9262.491666548465 
