0000000000(genesis block) : 0 
0017000001(0000000000) : 256.65560693659063 
0006000002(0017000001) : 1173.992392333053 
0016000003(0006000002) : 1204.2706159764348 
0003000004(0016000003) : 2401.3952412423027 
0011000005(0003000004) : 3973.2105029827717 
0017000006(0011000005) : 5354.348017424108 
0019000007(0017000006) : 6582.214928756552 
0010000008(0019000007) : 6827.295059600262 
0019000009(0010000008) : 7945.3809107538145 
0017000010(0019000009) : 8278.911647622932 
0007000011(0017000010) : 8379.935797173448 
0003000012(0007000011) : 9262.407923970226 
