0000000000(genesis block) : 0 
0017000001(0000000000) : 256.55648547660707 
0006000002(0017000001) : 1173.993729714019 
0016000003(0006000002) : 1204.0950887271902 
0003000004(0016000003) : 2401.367040605562 
0011000005(0003000004) : 3973.0706517669755 
0017000006(0011000005) : 5354.29589594272 
0019000007(0017000006) : 6582.215888637904 
0010000008(0019000007) : 6827.564439907365 
0019000009(0010000008) : 7945.383109399041 
0017000010(0019000009) : 8278.859068098047 
0007000011(0017000010) : 8379.936413489424 
0003000012(0007000011) : 9262.399221728194 
