0000000000(genesis block) : 0 
0017000001(0000000000) : 256.6019611217494 
0006000002(0017000001) : 1173.85896571929 
0016000003(0006000002) : 1204.132761144641 
0003000004(0016000003) : 2401.377387115573 
0011000005(0003000004) : 3973.206242024543 
0017000006(0011000005) : 5354.214097960717 
0019000007(0017000006) : 6582.080633817251 
0010000008(0019000007) : 6827.428464855799 
0019000009(0010000008) : 7945.247429501258 
0017000010(0019000009) : 8278.777487363239 
0007000011(0017000010) : 8379.801816106037 
0003000012(0007000011) : 9262.377376859491 
