0000000000(genesis block) : 0 
0017000001(0000000000) : 256.66013201081535 
0006000002(0017000001) : 1173.9155540011998 
0016000003(0006000002) : 1204.2574967860478 
0003000004(0016000003) : 2401.6149036423562 
0011000005(0003000004) : 3973.510911264613 
0017000006(0011000005) : 5354.31078904667 
0019000007(0017000006) : 6582.337761585765 
0010000008(0019000007) : 6827.731648592971 
0019000009(0010000008) : 7945.500341570149 
0017000010(0019000009) : 8278.875867846462 
0007000011(0017000010) : 8380.104160012972 
0003000012(0007000011) : 9262.629547073739 
