0000000000(genesis block) : 0 
0017000001(0000000000) : 256.9313307130181 
0006000002(0017000001) : 1175.854865057377 
0016000003(0006000002) : 1205.4433586212492 
0003000004(0016000003) : 2399.3845699281223 
0011000005(0003000004) : 3974.6774756419395 
0017000006(0011000005) : 5356.119888493938 
0019000007(0017000006) : 6584.029193858925 
0010000008(0019000007) : 6829.3174396394015 
0019000009(0010000008) : 7947.278015920344 
0017000010(0019000009) : 8280.670290529148 
0007000011(0017000010) : 8381.8018826436 
0003000012(0007000011) : 9260.388532399687 
