0000000000(genesis block) : 0 
0017000001(0000000000) : 256.55985925370265 
0006000002(0017000001) : 1173.7360737608667 
0016000003(0006000002) : 1204.254638674641 
0003000004(0016000003) : 2401.4995258078948 
0011000005(0003000004) : 3973.330442043555 
0017000006(0011000005) : 5354.131809388822 
0019000007(0017000006) : 6582.202653588141 
0010000008(0019000007) : 6827.552220906798 
0019000009(0010000008) : 7945.369808056503 
0017000010(0019000009) : 8278.696013375253 
0007000011(0017000010) : 8379.923665305649 
0003000012(0007000011) : 9262.498814518145 
