0000000000 (genesis block) : 0 
0015000001 (0000000000) : 100.83795831437581 
0021000002 (0015000001) : 856.3349509967741 
0082000003 (0021000002) : 923.4516834692304 
0079000004 (0082000003) : 2229.0164376117546 
0075000005 (0079000004) : 2687.076414818696 
0047000006 (0075000005) : 4119.61742250229 
0070000007 (0047000006) : 4701.939336876495 
0021000008 (0070000007) : 4968.542787004928 
0089000009 (0021000008) : 5004.795907827015 
0021000010 (0089000009) : 5074.073289917362 
0059000011 (0021000010) : 5508.662643975116 
0056000012 (0059000011) : 5830.212543591368 
0047000013 (0056000012) : 6541.193107078571 
0008000014 (0047000013) : 7043.292089760271 
0053000015 (0008000014) : 7862.481058607197 
0094000016 (0053000015) : 7899.668606470007 
0000000017 (0094000016) : 7985.692462708745 
0055000018 (0000000017) : 8235.48290236826 
0088000019 (0055000018) : 9211.009090243568 
0040000020 (0088000019) : 9731.484222040302 
0017000021 (0040000020) : 9736.867030405327 
0037000022 (0017000021) : 11640.469932183592 
0006000023 (0037000022) : 13138.981869425943 
0092000024 (0006000023) : 13556.211000257168 
0093000025 (0092000024) : 13620.532610495464 
0079000026 (0093000025) : 13754.409913878944 
0069000027 (0079000026) : 13922.110526033019 
0058000028 (0069000027) : 15692.60174729637 
0079000029 (0058000028) : 15987.572426318158 
0092000030 (0079000029) : 17255.863500230225 
0078000031 (0092000030) : 19036.3047966738 
0019000032 (0078000031) : 19780.93412124426 
0069000033 (0019000032) : 20693.25464441886 
0033000034 (0069000033) : 21963.716046546724 
0063000035 (0033000034) : 22040.151431887283 
0037000036 (0063000035) : 22824.27043789543 
0011000037 (0037000036) : 25378.786261196965 
0029000038 (0011000037) : 25960.669716044686 
0055000039 (0029000038) : 26615.300197191347 
0033000040 (0055000039) : 26761.776892306938 
0021000041 (0033000040) : 27546.20633307023 
0085000042 (0021000041) : 28056.237129216745 
0091000043 (0085000042) : 28601.839712293862 
0007000044 (0091000043) : 29084.380895867926 
0090000045 (0007000044) : 29172.948456999675 
0021000046 (0090000045) : 29551.90976223442 
0066000047 (0021000046) : 30376.920156522425 
0089000048 (0066000047) : 30599.699185230922 
0098000049 (0089000048) : 30635.044945841175 
0066000050 (0098000049) : 30768.22122043358 
0097000051 (0066000050) : 31915.747566506303 
0092000052 (0097000051) : 31993.816498947435 
0041000053 (0092000052) : 34912.77515654683 
0058000054 (0041000053) : 34923.67442010403 
0048000055 (0058000054) : 37916.185229225215 
0044000056 (0048000055) : 38527.641076035165 
0005000057 (0044000056) : 38720.67191605852 
0088000058 (0005000057) : 40394.355797847165 
0037000059 (0088000058) : 40507.79425244297 
0041000060 (0037000059) : 41131.68124672963 
0021000061 (0041000060) : 42131.241926031114 
0047000062 (0021000061) : 43516.60836583275 
0041000063 (0047000062) : 44234.725506321716 
0013000064 (0041000063) : 45880.21309873768 
0046000065 (0013000064) : 46171.652954004436 
0017000066 (0046000065) : 46389.38133744657 
0099000067 (0017000066) : 46479.78991682544 
0071000068 (0099000067) : 46669.37448411964 
0021000069 (0071000068) : 48344.925229628745 
0022000070 (0021000069) : 49075.72752119869 
0025000071 (0022000070) : 49105.832650142605 
0084000072 (0025000071) : 49179.047539595085 
0064000073 (0084000072) : 49723.96784285562 
0050000074 (0064000073) : 50321.37145526442 
0054000075 (0050000074) : 51366.33882063282 
0099000076 (0054000075) : 51582.50578441155 
0021000077 (0099000076) : 51621.190237438976 
0062000078 (0021000077) : 52430.76339144114 
0096000079 (0062000078) : 53021.94360890651 
0005000080 (0096000079) : 54376.23597240167 
0021000081 (0005000080) : 54425.02717212457 
0044000082 (0021000081) : 54548.9254306211 
0084000083 (0044000082) : 55108.065455501215 
0080000084 (0084000083) : 56047.686356071106 
0058000085 (0080000084) : 56357.86885679976 
0087000086 (0058000085) : 56916.50008017079 
0071000087 (0087000086) : 58484.41382281767 
0015000088 (0071000087) : 59376.51503381895 
0038000089 (0015000088) : 60878.35416309111 
0004000090 (0038000089) : 61962.948329748055 
0089000091 (0004000090) : 62375.24101888086 
0051000092 (0089000091) : 63022.16885834656 
0062000093 (0051000092) : 63249.96169389626 
0042000094 (0062000093) : 63619.5326160283 
0072000095 (0042000094) : 63748.9221264602 
0049000096 (0072000095) : 63902.67130480409 
0026000097 (0049000096) : 65072.054367430246 
0092000098 (0026000097) : 66339.66669427416 
0065000099 (0092000098) : 67155.15128405493 
0029000100 (0065000099) : 67215.25747927852 
0063000101 (0029000100) : 67390.41559041436 
0036000102 (0063000101) : 67811.80753727729 
0096000103 (0036000102) : 68059.9341116885 
0067000104 (0096000103) : 68902.41957368543 
0022000105 (0067000104) : 69385.79177293365 
0040000106 (0022000105) : 69530.93168188556 
0078000107 (0040000106) : 70276.2135986553 
0021000108 (0078000107) : 70495.96977660929 
0088000109 (0021000108) : 71972.82445489845 
0028000110 (0088000109) : 73752.35950715786 
0045000111 (0028000110) : 75327.24708685845 
0034000112 (0045000111) : 76863.58964318359 
0092000113 (0034000112) : 77323.88070576674 
0088000114 (0092000113) : 77721.07629382897 
0061000115 (0088000114) : 79515.09305490604 
0048000116 (0061000115) : 80439.38889186902 
0020000117 (0048000116) : 80910.2024792644 
0021000118 (0020000117) : 82504.49962899224 
0013000119 (0021000118) : 83303.72290399505 
0064000120 (0013000119) : 83967.04259262791 
0018000121 (0064000120) : 84127.6791701673 
0021000122 (0018000121) : 84555.52441980141 
0097000123 (0021000122) : 84676.01934220828 
0041000124 (0097000123) : 85007.5811397033 
0006000125 (0041000124) : 85513.07759670084 
0089000126 (0006000125) : 86993.06617112682 
0053000127 (0089000126) : 87613.34511081789 
0004000128 (0053000127) : 88318.9278680674 
0023000129 (0004000128) : 88800.21089306707 
0051000130 (0023000129) : 89760.92509229718 
0090000131 (0051000130) : 90432.53407449464 
0063000132 (0090000131) : 90437.15948830455 
0000000133 (0063000132) : 91070.62300555756 
0065000134 (0000000133) : 91438.63405942122 
0052000135 (0065000134) : 92129.50960867983 
0088000136 (0052000135) : 94029.02767639025 
0023000137 (0088000136) : 94588.73793147218 
0021000138 (0023000137) : 97155.48039884362 
0086000139 (0021000138) : 97592.13197974887 
0082000140 (0086000139) : 98285.95680639445 
0086000141 (0082000140) : 98644.44285882013 
