0000000000 (genesis block) : 0 
0015000001 (0000000000) : 100.77892427621326 
0021000002 (0015000001) : 856.8809724639186 
0082000003 (0021000002) : 923.887013741671 
0079000004 (0082000003) : 2228.5626253459322 
0075000005 (0079000004) : 2687.282242861242 
0047000006 (0075000005) : 4119.834103972062 
0070000007 (0047000006) : 4701.923745191963 
0021000008 (0070000007) : 4969.090381684154 
0089000009 (0021000008) : 5004.686410826743 
0021000010 (0089000009) : 5074.618245032959 
0059000011 (0021000010) : 5508.507777783896 
0056000012 (0059000011) : 5829.926556244816 
0047000013 (0056000012) : 6541.411499443921 
0008000014 (0047000013) : 7043.291887739188 
0053000015 (0008000014) : 7862.543983363225 
0094000016 (0053000015) : 7900.005989406399 
0000000017 (0094000016) : 7985.653002236698 
0055000018 (0000000017) : 8235.880448984277 
0088000019 (0055000018) : 9211.603865282694 
0040000020 (0088000019) : 9731.638990421421 
0017000021 (0040000020) : 9736.887157132542 
0037000022 (0017000021) : 11640.350928832728 
0006000023 (0037000022) : 13138.869492412907 
0092000024 (0006000023) : 13556.250944382422 
0093000025 (0092000024) : 13620.546146769026 
0079000026 (0093000025) : 13753.95992957862 
0069000027 (0079000026) : 13921.51594054896 
0058000028 (0069000027) : 15692.613148449851 
0079000029 (0058000028) : 15987.122443912795 
0092000030 (0079000029) : 17255.902915140246 
0078000031 (0092000030) : 19036.432172095883 
0019000032 (0078000031) : 19781.05947973557 
0069000033 (0019000032) : 20692.657926531643 
0033000034 (0069000033) : 21963.590924022392 
0063000035 (0033000034) : 22040.632092936008 
0037000036 (0063000035) : 22824.14367109221 
0011000037 (0037000036) : 25379.05255407262 
0029000038 (0011000037) : 25960.426348878103 
0055000039 (0029000038) : 26615.693132461703 
0033000040 (0055000039) : 26761.65967107869 
0021000041 (0033000040) : 27546.75503877117 
0085000042 (0021000041) : 28056.355404730904 
0091000043 (0085000042) : 28601.847093202912 
0007000044 (0091000043) : 29084.67256623454 
0090000045 (0007000044) : 29172.680504225325 
0021000046 (0090000045) : 29552.456828177965 
0066000047 (0021000046) : 30376.90016356322 
0089000048 (0066000047) : 30599.587647789223 
0098000049 (0089000048) : 30635.469492197048 
0066000050 (0098000049) : 30768.191509413664 
0097000051 (0066000050) : 31915.730210989568 
0092000052 (0097000051) : 31993.855004344176 
0041000053 (0092000052) : 34912.994449842976 
0058000054 (0041000053) : 34923.68878093555 
0048000055 (0058000054) : 37916.24560921697 
0044000056 (0048000055) : 38528.051531618425 
0005000057 (0044000056) : 38720.71251277134 
0088000058 (0005000057) : 40394.95086478335 
0037000059 (0088000058) : 40507.67532700285 
0041000060 (0037000059) : 41131.90206185053 
0021000061 (0041000060) : 42131.7858466376 
0047000062 (0021000061) : 43516.82517356549 
0041000063 (0047000062) : 44234.944768271416 
0013000064 (0041000063) : 45880.253161653454 
0046000065 (0013000064) : 46171.8081433682 
0017000066 (0046000065) : 46389.39517903906 
0099000067 (0017000066) : 46479.788640522595 
0071000068 (0099000067) : 46669.93553040566 
0021000069 (0071000068) : 48345.46943115461 
0022000070 (0021000069) : 49075.683910886866 
0025000071 (0022000070) : 49105.39838602375 
0084000072 (0025000071) : 49179.243736688884 
0064000073 (0084000072) : 49724.16455880571 
0050000074 (0064000073) : 50321.5585081461 
0054000075 (0050000074) : 51366.165767613085 
0099000076 (0054000075) : 51582.50709144226 
0021000077 (0099000076) : 51621.736916212845 
0062000078 (0021000077) : 52431.038325481146 
0096000079 (0062000078) : 53021.92848336305 
0005000080 (0096000079) : 54376.27289727333 
0021000081 (0005000080) : 54425.57260702557 
0044000082 (0021000081) : 54549.32916886267 
0084000083 (0044000082) : 55108.264489265865 
0080000084 (0084000083) : 56048.28263371799 
0058000085 (0080000084) : 56357.886544841385 
0087000086 (0058000085) : 56916.43016018113 
0071000087 (0087000086) : 58484.97591439285 
0015000088 (0071000087) : 59376.45780898363 
0038000089 (0015000088) : 60878.790653986456 
0004000090 (0038000089) : 61963.13349033926 
0089000091 (0004000090) : 62375.127729220294 
0051000092 (0089000091) : 63022.44595862966 
0062000093 (0051000092) : 63250.24398548471 
0042000094 (0062000093) : 63619.8418380691 
0072000095 (0042000094) : 63749.517837167536 
0049000096 (0072000095) : 63902.71456999851 
0026000097 (0049000096) : 65072.07073336203 
0092000098 (0026000097) : 66339.70489402115 
0065000099 (0092000098) : 67155.28251877014 
0029000100 (0065000099) : 67215.01763029642 
0063000101 (0029000100) : 67390.89984316434 
0036000102 (0063000101) : 67811.66896795302 
0096000103 (0036000102) : 68059.91906314957 
0067000104 (0096000103) : 68902.4304731449 
0022000105 (0067000104) : 69385.74371994633 
0040000106 (0022000105) : 69531.08380740046 
0078000107 (0040000106) : 70276.34476802553 
0021000108 (0078000107) : 70496.51930782259 
0088000109 (0021000108) : 71973.42121070334 
0028000110 (0088000109) : 73752.52265742865 
0045000111 (0028000110) : 75327.48732997864 
0034000112 (0045000111) : 76863.77711005353 
0092000113 (0034000112) : 77323.92187044308 
0088000114 (0092000113) : 77721.67116829581 
0061000115 (0088000114) : 79515.37149266688 
0048000116 (0061000115) : 80439.4556895452 
0020000117 (0048000116) : 80910.2932080813 
0021000118 (0020000117) : 82505.04403431751 
0013000119 (0021000118) : 83303.763317035 
0064000120 (0013000119) : 83967.23831469048 
0018000121 (0064000120) : 84127.48550820263 
0021000122 (0018000121) : 84556.07206301393 
0097000123 (0021000122) : 84676.00122984147 
0041000124 (0097000123) : 85007.8010098153 
0006000125 (0041000124) : 85512.96231153885 
0089000126 (0006000125) : 86992.9530992496 
0053000127 (0089000126) : 87613.40607620974 
0004000128 (0053000127) : 88319.11567713035 
0023000129 (0004000128) : 88800.09030331556 
0051000130 (0023000129) : 89761.19921449521 
0090000131 (0051000130) : 90432.26937966718 
0063000132 (0090000131) : 90437.64469323393 
0000000133 (0063000132) : 91070.58439533677 
0065000134 (0000000133) : 91438.76168057534 
0052000135 (0065000134) : 92129.70110028841 
0088000136 (0052000135) : 94029.62146888237 
0023000137 (0088000136) : 94588.61755438725 
0021000138 (0023000137) : 97156.02540084264 
0086000139 (0021000138) : 97592.13498701896 
0082000140 (0086000139) : 98286.3926608607 
0086000141 (0082000140) : 98644.44665300423 
