0000000000 (genesis block) : 0 
0015000001 (0000000000) : 100.4950501332079 
0021000002 (0015000001) : 856.775646245426 
0082000003 (0021000002) : 923.9491976924892 
0079000004 (0082000003) : 2228.905162894456 
0075000005 (0079000004) : 2687.29276242939 
0047000006 (0075000005) : 4119.842562443784 
0070000007 (0047000006) : 4702.149854749831 
0021000008 (0070000007) : 4968.98107709892 
0089000009 (0021000008) : 5004.404641341387 
0021000010 (0089000009) : 5074.512276250373 
0059000011 (0021000010) : 5508.4482778956335 
0056000012 (0059000011) : 5830.145174255167 
0047000013 (0056000012) : 6541.4235567652495 
0008000014 (0047000013) : 7043.243178062059 
0053000015 (0008000014) : 7862.596558598382 
0094000016 (0053000015) : 7899.9993055164705 
0000000017 (0094000016) : 7985.195044121204 
0055000018 (0000000017) : 8235.824276979123 
0088000019 (0055000018) : 9211.505974225654 
0040000020 (0088000019) : 9731.543275311327 
0017000021 (0040000020) : 9736.811187318237 
0037000022 (0017000021) : 11640.443332312441 
0006000023 (0037000022) : 13138.589541516623 
0092000024 (0006000023) : 13556.152634572456 
0093000025 (0092000024) : 13620.130808799755 
0079000026 (0093000025) : 13754.299454532564 
0069000027 (0079000026) : 13921.972816879168 
0058000028 (0069000027) : 15692.459818756348 
0079000029 (0058000028) : 15987.465525776353 
0092000030 (0079000029) : 17255.80566387442 
0078000031 (0092000030) : 19036.297365017806 
0019000032 (0078000031) : 19780.669482963294 
0069000033 (0019000032) : 20693.11442676883 
0033000034 (0069000033) : 21963.687098379796 
0063000035 (0033000034) : 22040.577814592783 
0037000036 (0063000035) : 22824.235923303233 
0011000037 (0037000036) : 25378.898909322597 
0029000038 (0011000037) : 25960.55323523549 
0055000039 (0029000038) : 26615.63981784046 
0033000040 (0055000039) : 26761.749878829087 
0021000041 (0033000040) : 27546.645935308312 
0085000042 (0021000041) : 28056.41490552659 
0091000043 (0085000042) : 28601.920524288063 
0007000044 (0091000043) : 29084.617523046087 
0090000045 (0007000044) : 29173.093822756942 
0021000046 (0090000045) : 29552.350045997715 
0066000047 (0021000046) : 30376.944926761036 
0089000048 (0066000047) : 30599.306177542603 
0098000049 (0089000048) : 30635.186675098186 
0066000050 (0098000049) : 30768.235919514394 
0097000051 (0066000050) : 31915.887948671178 
0092000052 (0097000051) : 31993.759689512302 
0041000053 (0092000052) : 34912.878891235305 
0058000054 (0041000053) : 34923.53575837519 
0048000055 (0058000054) : 37916.30702775002 
0044000056 (0048000055) : 38527.906343339026 
0005000057 (0044000056) : 38720.751656768865 
0088000058 (0005000057) : 40394.85479407865 
0037000059 (0088000058) : 40507.76472252734 
0041000060 (0037000059) : 41131.78710884335 
0021000061 (0041000060) : 42131.6817729106 
0047000062 (0021000061) : 43516.83382600473 
0041000063 (0047000062) : 44234.828754753304 
0013000064 (0041000063) : 45880.15846470899 
0046000065 (0013000064) : 46171.71342139046 
0017000066 (0046000065) : 46389.31771665382 
0099000067 (0017000066) : 46480.00296662614 
0071000068 (0099000067) : 46669.87871356322 
0021000069 (0071000068) : 48345.36727282255 
0022000070 (0021000069) : 49075.29322775081 
0025000071 (0022000070) : 49105.43945211855 
0084000072 (0025000071) : 49179.206363041325 
0064000073 (0084000072) : 49723.93505167923 
0050000074 (0064000073) : 50321.251111630336 
0054000075 (0050000074) : 51365.939644358376 
0099000076 (0054000075) : 51582.72123977078 
0021000077 (0099000076) : 51621.629504114695 
0062000078 (0021000077) : 52431.05012472995 
0096000079 (0062000078) : 53021.537215351855 
0005000080 (0096000079) : 54376.31660417556 
0021000081 (0005000080) : 54425.47011527031 
0044000082 (0021000081) : 54549.187384598044 
0084000083 (0044000082) : 55108.22655740926 
0080000084 (0084000083) : 56048.185429428915 
0058000085 (0080000084) : 56357.73056805692 
0087000086 (0058000085) : 56916.38810868877 
0071000087 (0087000086) : 58484.91083609045 
0015000088 (0071000087) : 59376.17561554454 
0038000089 (0015000088) : 60878.648516474546 
0004000090 (0038000089) : 61962.805906047186 
0089000091 (0004000090) : 62374.84565036151 
0051000092 (0089000091) : 63022.34372970084 
0062000093 (0051000092) : 63250.2468955133 
0042000094 (0062000093) : 63619.97242860924 
0072000095 (0042000094) : 63749.42353206388 
0049000096 (0072000095) : 63902.84127774771 
0026000097 (0049000096) : 65071.91569589525 
0092000098 (0026000097) : 66339.60825143334 
0065000099 (0092000098) : 67155.38736832266 
0029000100 (0065000099) : 67215.14393475186 
0063000101 (0029000100) : 67390.85022594628 
0036000102 (0063000101) : 67811.80039154566 
0096000103 (0036000102) : 68059.52923783161 
0067000104 (0096000103) : 68902.55273505638 
0022000105 (0067000104) : 69385.3505588254 
0040000106 (0022000105) : 69530.98563588393 
0078000107 (0040000106) : 70276.20475365357 
0021000108 (0078000107) : 70496.40979604262 
0088000109 (0021000108) : 71973.32310714011 
0028000110 (0088000109) : 73752.48781287656 
0045000111 (0028000110) : 75327.50269129165 
0034000112 (0045000111) : 76863.39209582562 
0092000113 (0034000112) : 77323.82408622265 
0088000114 (0092000113) : 77721.5734951128 
0061000115 (0088000114) : 79515.09216353185 
0048000116 (0061000115) : 80439.50957384713 
0020000117 (0048000116) : 80910.11848565747 
0021000118 (0020000117) : 82504.93811080446 
0013000119 (0021000118) : 83303.6668035996 
0064000120 (0013000119) : 83967.00697561188 
0018000121 (0064000120) : 84127.81880937578 
0021000122 (0018000121) : 84555.96854934534 
0097000123 (0021000122) : 84676.15674274554 
0041000124 (0097000123) : 85007.68402482329 
0006000125 (0041000124) : 85512.68095614138 
0089000126 (0006000125) : 86992.67019941693 
0053000127 (0089000126) : 87613.45980401365 
0004000128 (0053000127) : 88318.78879891377 
0023000129 (0004000128) : 88800.08977548983 
0051000130 (0023000129) : 89761.0915306717 
0090000131 (0051000130) : 90432.6848867589 
0063000132 (0090000131) : 90437.59145298146 
0000000133 (0063000132) : 91070.12575456312 
0065000134 (0000000133) : 91438.87067218003 
0052000135 (0065000134) : 92129.51656673006 
0088000136 (0052000135) : 94029.53150195043 
0023000137 (0088000136) : 94588.61787238784 
0021000138 (0023000137) : 97155.91860669489 
0086000139 (0021000138) : 97592.39520806604 
0082000140 (0086000139) : 98286.45808760231 
0086000141 (0082000140) : 98644.71008680269 
