0000000000 (genesis block) : 0 
0015000001 (0000000000) : 100.7508626256597 
0021000002 (0015000001) : 856.9212372583766 
0082000003 (0021000002) : 923.9910922383048 
0079000004 (0082000003) : 2229.136132300332 
0075000005 (0079000004) : 2687.488859608744 
0047000006 (0075000005) : 4119.871690514589 
0070000007 (0047000006) : 4702.191165751956 
0021000008 (0070000007) : 4969.127147794509 
0089000009 (0021000008) : 5004.658811028341 
0021000010 (0089000009) : 5074.658935737749 
0059000011 (0021000010) : 5508.769238676487 
0056000012 (0059000011) : 5830.401063780289 
0047000013 (0056000012) : 6541.449581181462 
0008000014 (0047000013) : 7043.548498044674 
0053000015 (0008000014) : 7862.691844241485 
0094000016 (0053000015) : 7900.0019494011785 
0000000017 (0094000016) : 7985.625778626374 
0055000018 (0000000017) : 8235.97383582247 
0088000019 (0055000018) : 9211.59044577893 
0040000020 (0088000019) : 9731.740265846962 
0017000021 (0040000020) : 9736.967696075166 
0037000022 (0017000021) : 11640.656339110159 
0006000023 (0037000022) : 13138.68005070428 
0092000024 (0006000023) : 13556.583433199603 
0093000025 (0092000024) : 13620.56047838248 
0079000026 (0093000025) : 13754.53193906042 
0069000027 (0079000026) : 13922.085732888563 
0058000028 (0069000027) : 15692.715892724173 
0079000029 (0058000028) : 15987.692973509538 
0092000030 (0079000029) : 17256.23404420693 
0078000031 (0092000030) : 19036.727629360732 
0019000032 (0078000031) : 19780.7082149939 
0069000033 (0019000032) : 20693.229009672064 
0033000034 (0069000033) : 21963.83707133121 
0063000035 (0033000034) : 22040.64099799284 
0037000036 (0063000035) : 22824.451337075232 
0011000037 (0037000036) : 25379.141728398885 
0029000038 (0011000037) : 25960.80994446865 
0055000039 (0029000038) : 26615.790773068667 
0033000040 (0055000039) : 26761.9018350116 
0021000041 (0033000040) : 27546.793853418207 
0085000042 (0021000041) : 28056.61307535041 
0091000043 (0085000042) : 28601.953021886617 
0007000044 (0091000043) : 29084.768151433713 
0090000045 (0007000044) : 29172.785993329257 
0021000046 (0090000045) : 29552.49687130227 
0066000047 (0021000046) : 30377.15143638425 
0089000048 (0066000047) : 30599.56177679765 
0098000049 (0089000048) : 30635.44315563821 
0066000050 (0098000049) : 30768.443001263237 
0097000051 (0066000050) : 31915.834804855385 
0092000052 (0097000051) : 31994.189076264818 
0041000053 (0092000052) : 34913.06971960631 
0058000054 (0041000053) : 34923.79570582126 
0048000055 (0058000054) : 37916.553593610675 
0044000056 (0048000055) : 38528.16455302612 
0005000057 (0044000056) : 38720.815656619656 
0088000058 (0005000057) : 40394.9408299326 
0037000059 (0088000058) : 40507.98009686165 
0041000060 (0037000059) : 41131.97859122078 
0021000061 (0041000060) : 42131.82854414632 
0047000062 (0021000061) : 43516.86354213222 
0041000063 (0047000062) : 44235.02453854368 
0013000064 (0041000063) : 45880.58893310284 
0046000065 (0013000064) : 46171.855423838795 
0017000066 (0046000065) : 46389.46969773951 
0099000067 (0017000066) : 46480.045976778274 
0071000068 (0099000067) : 46669.993286390294 
0021000069 (0071000068) : 48345.51280137135 
0022000070 (0021000069) : 49075.624597698356 
0025000071 (0022000070) : 49105.696181982355 
0084000072 (0025000071) : 49179.12873815201 
0064000073 (0084000072) : 49724.08240473446 
0050000074 (0064000073) : 50321.40256208231 
0054000075 (0050000074) : 51366.27097913065 
0099000076 (0054000075) : 51582.765424610705 
0021000077 (0099000076) : 51621.77564994603 
0062000078 (0021000077) : 52431.075507255955 
0096000079 (0062000078) : 53021.871743226875 
0005000080 (0096000079) : 54376.37690167587 
0021000081 (0005000080) : 54425.61264429782 
0044000082 (0021000081) : 54549.450206907764 
0084000083 (0044000082) : 55108.14934026853 
0080000084 (0084000083) : 56048.30528301582 
0058000085 (0080000084) : 56357.98823177676 
0087000086 (0058000085) : 56916.64635161855 
0071000087 (0087000086) : 58485.02999765386 
0015000088 (0071000087) : 59376.43145624088 
0038000089 (0015000088) : 60878.87888820443 
0004000090 (0038000089) : 61963.136090581895 
0089000091 (0004000090) : 62375.10065168965 
0051000092 (0089000091) : 63022.46717907985 
0062000093 (0051000092) : 63250.28047283006 
0042000094 (0062000093) : 63620.118357408915 
0072000095 (0042000094) : 63749.508289557496 
0049000096 (0072000095) : 63902.937403729746 
0026000097 (0049000096) : 65072.17169344861 
0092000098 (0026000097) : 66340.0384850304 
0065000099 (0092000098) : 67155.1677207218 
0029000100 (0065000099) : 67215.40030204131 
0063000101 (0029000100) : 67390.90863226751 
0036000102 (0063000101) : 67812.12591854983 
0096000103 (0036000102) : 68059.86058878836 
0067000104 (0096000103) : 68902.54502712606 
0022000105 (0067000104) : 69385.68619847765 
0040000106 (0022000105) : 69531.18453990258 
0078000107 (0040000106) : 70276.63440465141 
0021000108 (0078000107) : 70496.55752996488 
0088000109 (0021000108) : 71973.40947485766 
0028000110 (0088000109) : 73752.74569636876 
0045000111 (0028000110) : 75327.59296143753 
0034000112 (0045000111) : 76863.5434402341 
0092000113 (0034000112) : 77324.25298916377 
0088000114 (0092000113) : 77721.65830430695 
0061000115 (0088000114) : 79515.24221028796 
0048000116 (0061000115) : 80439.75855857065 
0020000117 (0048000116) : 80910.4527817112 
0021000118 (0020000117) : 82505.08243465917 
0013000119 (0021000118) : 83304.0972298861 
0064000120 (0013000119) : 83967.1568401866 
0018000121 (0064000120) : 84127.85850186793 
0021000122 (0018000121) : 84556.11155491354 
0097000123 (0021000122) : 84676.10545602709 
0041000124 (0097000123) : 85007.87882048413 
0006000125 (0041000124) : 85512.7735861061 
0089000126 (0006000125) : 86992.92913828614 
0053000127 (0089000126) : 87613.55574972584 
0004000128 (0053000127) : 88319.12227013445 
0023000129 (0004000128) : 88800.13129359236 
0051000130 (0023000129) : 89761.21954100992 
0090000131 (0051000130) : 90432.37323672976 
0063000132 (0090000131) : 90437.64938048848 
0000000133 (0063000132) : 91070.55716860546 
0065000134 (0000000133) : 91438.64825917724 
0052000135 (0065000134) : 92129.85202553951 
0088000136 (0052000135) : 94029.6143741873 
0023000137 (0088000136) : 94588.6567289169 
0021000138 (0023000137) : 97156.06743431276 
0086000139 (0021000138) : 97592.23903904214 
0082000140 (0086000139) : 98286.49824348472 
0086000141 (0082000140) : 98644.55064154962 
