0000000000 (genesis block) : 0 
0015000001 (0000000000) : 101.04777493961312 
0021000002 (0015000001) : 856.8488330605727 
0082000003 (0021000002) : 923.9381534940434 
0079000004 (0082000003) : 2229.0068760949666 
0075000005 (0079000004) : 2687.11785427261 
0047000006 (0075000005) : 4119.893827524261 
0070000007 (0047000006) : 4701.832357974425 
0021000008 (0070000007) : 4969.054348617866 
0089000009 (0021000008) : 5005.005506850467 
0021000010 (0089000009) : 5074.586330768894 
0059000011 (0021000010) : 5508.9403217766385 
0056000012 (0059000011) : 5829.980608935354 
0047000013 (0056000012) : 6541.471652774594 
0008000014 (0047000013) : 7043.571053065926 
0053000015 (0008000014) : 7862.474638538855 
0094000016 (0053000015) : 7899.48399096976 
0000000017 (0094000016) : 7985.973450692284 
0055000018 (0000000017) : 8235.856592852691 
0088000019 (0055000018) : 9211.521682896659 
0040000020 (0088000019) : 9731.624175753785 
0017000021 (0040000020) : 9737.05014803298 
0037000022 (0017000021) : 11640.614604357383 
0006000023 (0037000022) : 13139.18992734613 
0092000024 (0006000023) : 13556.572409326585 
0093000025 (0092000024) : 13620.59451312828 
0079000026 (0093000025) : 13754.406230803395 
0069000027 (0079000026) : 13922.031737642326 
0058000028 (0069000027) : 15692.480882867943 
0079000029 (0058000028) : 15987.567878116626 
0092000030 (0079000029) : 17256.22487955364 
0078000031 (0092000030) : 19036.49327991531 
0019000032 (0078000031) : 19781.079914455022 
0069000033 (0019000032) : 20693.174571703228 
0033000034 (0069000033) : 21963.86169174518 
0063000035 (0033000034) : 22040.61363499004 
0037000036 (0063000035) : 22824.41144617772 
0011000037 (0037000036) : 25379.002152787278 
0029000038 (0011000037) : 25960.719362354543 
0055000039 (0029000038) : 26615.676539822885 
0033000040 (0055000039) : 26761.920897454653 
0021000041 (0033000040) : 27546.718447204334 
0085000042 (0021000041) : 28056.38193359893 
0091000043 (0085000042) : 28601.47072582628 
0007000044 (0091000043) : 29084.652212525183 
0090000045 (0007000044) : 29172.733039055158 
0021000046 (0090000045) : 29552.422202715945 
0066000047 (0021000046) : 30376.956315108706 
0089000048 (0066000047) : 30599.907626062613 
0098000049 (0089000048) : 30635.255187881663 
0066000050 (0098000049) : 30768.24279706556 
0097000051 (0066000050) : 31915.351159516136 
0092000052 (0097000051) : 31994.17812726373 
0041000053 (0092000052) : 34913.023622248256 
0058000054 (0041000053) : 34923.552483486295 
0048000055 (0058000054) : 37916.33193665023 
0044000056 (0048000055) : 38528.153862064806 
0005000057 (0044000056) : 38720.64331926766 
0088000058 (0005000057) : 40394.86835794473 
0037000059 (0088000058) : 40507.9381566976 
0041000060 (0037000059) : 41131.92971151441 
0021000061 (0041000060) : 42131.75551190716 
0047000062 (0021000061) : 43516.88802589468 
0041000063 (0047000062) : 44234.97404335641 
0013000064 (0041000063) : 45880.53676461453 
0046000065 (0013000064) : 46171.78985772893 
0017000066 (0046000065) : 46389.55908803005 
0099000067 (0017000066) : 46480.068630417474 
0071000068 (0099000067) : 46669.41979840247 
0021000069 (0071000068) : 48345.437538825034 
0022000070 (0021000069) : 49075.88685495119 
0025000071 (0022000070) : 49105.916730275596 
0084000072 (0025000071) : 49179.2942632504 
0064000073 (0084000072) : 49724.10783053589 
0050000074 (0064000073) : 50321.49314863792 
0054000075 (0050000074) : 51366.527457376185 
0099000076 (0054000075) : 51582.788699560966 
0021000077 (0099000076) : 51621.70418854912 
0062000078 (0021000077) : 52431.100891068025 
0096000079 (0062000078) : 53022.10205040414 
0005000080 (0096000079) : 54376.207368522395 
0021000081 (0005000080) : 54425.54210630695 
0044000082 (0021000081) : 54549.439327757886 
0084000083 (0044000082) : 55108.316498703774 
0080000084 (0084000083) : 56048.20031735868 
0058000085 (0080000084) : 56357.74748516796 
0087000086 (0058000085) : 56916.544628911 
0071000087 (0087000086) : 58484.45587808778 
0015000088 (0071000087) : 59376.724044456285 
0038000089 (0015000088) : 60878.866468059576 
0004000090 (0038000089) : 61962.975516001155 
0089000091 (0004000090) : 62375.44984610091 
0051000092 (0089000091) : 63022.46599880408 
0062000093 (0051000092) : 63250.30672939886 
0042000094 (0062000093) : 63619.69242013017 
0072000095 (0042000094) : 63749.43602652707 
0049000096 (0072000095) : 63902.885190537716 
0026000097 (0049000096) : 65072.1139640926 
0092000098 (0026000097) : 66340.02930435934 
0065000099 (0092000098) : 67155.33448723097 
0029000100 (0065000099) : 67215.30528752293 
0063000101 (0029000100) : 67390.88028450702 
0036000102 (0063000101) : 67812.06753211321 
0096000103 (0036000102) : 68060.09196240094 
0067000104 (0096000103) : 68902.05850974987 
0022000105 (0067000104) : 69385.94525081116 
0040000106 (0022000105) : 69531.06694366343 
0078000107 (0040000106) : 70276.40382119709 
0021000108 (0078000107) : 70496.48783388548 
0088000109 (0021000108) : 71973.3378653943 
0028000110 (0088000109) : 73752.43461915279 
0045000111 (0028000110) : 75327.53932972354 
0034000112 (0045000111) : 76863.73996262644 
0092000113 (0034000112) : 77324.24143856205 
0088000114 (0092000113) : 77721.59036671999 
0061000115 (0088000114) : 79515.38919936621 
0048000116 (0061000115) : 80439.53485092119 
0020000117 (0048000116) : 80910.28907436723 
0021000118 (0020000117) : 82505.01140172772 
0013000119 (0021000118) : 83304.0451221253 
0064000120 (0013000119) : 83967.18135297873 
0018000121 (0064000120) : 84127.56950938742 
0021000122 (0018000121) : 84556.03641949056 
0097000123 (0021000122) : 84675.62206593834 
0041000124 (0097000123) : 85007.83196162009 
0006000125 (0041000124) : 85513.28643981992 
0089000126 (0006000125) : 86993.27400979062 
0053000127 (0089000126) : 87613.33712409654 
0004000128 (0053000127) : 88318.96070865638 
0023000129 (0004000128) : 88800.26953200686 
0051000130 (0023000129) : 89761.21483277323 
0090000131 (0051000130) : 90432.32078171408 
0063000132 (0090000131) : 90437.62392547673 
0000000133 (0063000132) : 91070.90590767996 
0065000134 (0000000133) : 91438.81331721965 
0052000135 (0065000134) : 92129.48734173205 
0088000136 (0052000135) : 94029.54050039196 
0023000137 (0088000136) : 94588.79597153566 
0021000138 (0023000137) : 97155.99682698616 
0086000139 (0021000138) : 97591.61746471547 
0082000140 (0086000139) : 98286.4459486727 
0086000141 (0082000140) : 98643.92954599537 
