0000000000 (genesis block) : 0 
0015000001 (0000000000) : 100.62263708373197 
0021000002 (0015000001) : 856.7023125878804 
0082000003 (0021000002) : 923.9864927869653 
0079000004 (0082000003) : 2228.8027514752634 
0075000005 (0079000004) : 2687.170282695732 
0047000006 (0075000005) : 4119.71371080626 
0070000007 (0047000006) : 4702.021578002666 
0021000008 (0070000007) : 4968.907537245104 
0089000009 (0021000008) : 5004.537771330809 
0021000010 (0089000009) : 5074.442583833808 
0059000011 (0021000010) : 5508.345828461167 
0056000012 (0059000011) : 5830.186934073969 
0047000013 (0056000012) : 6541.29612546229 
0008000014 (0047000013) : 7043.140941751776 
0053000015 (0008000014) : 7862.717332955552 
0094000016 (0053000015) : 7900.0543259483375 
0000000017 (0094000016) : 7985.323574119212 
0055000018 (0000000017) : 8235.69641520022 
0088000019 (0055000018) : 9211.44711973033 
0040000020 (0088000019) : 9731.471962460813 
0017000021 (0040000020) : 9736.682006676274 
0037000022 (0017000021) : 11640.419859036987 
0006000023 (0037000022) : 13138.70682885903 
0092000024 (0006000023) : 13556.281043391162 
0093000025 (0092000024) : 13620.259028700459 
0079000026 (0093000025) : 13754.19656285501 
0069000027 (0079000026) : 13922.038776627973 
0058000028 (0069000027) : 15692.516773786128 
0079000029 (0058000028) : 15987.364140427553 
0092000030 (0079000029) : 17255.934332737856 
0078000031 (0092000030) : 19036.386301435417 
0019000032 (0078000031) : 19780.56887368539 
0069000033 (0019000032) : 20693.17763758883 
0033000034 (0069000033) : 21963.664182247954 
0063000035 (0033000034) : 22040.449220981773 
0037000036 (0063000035) : 22824.220564247054 
0011000037 (0037000036) : 25378.86179280066 
0029000038 (0011000037) : 25960.551102040972 
0055000039 (0029000038) : 26615.51091852939 
0033000040 (0055000039) : 26761.729271603028 
0021000041 (0033000040) : 27546.57154178701 
0085000042 (0021000041) : 28056.330763525893 
0091000043 (0085000042) : 28601.7891266837 
0007000044 (0091000043) : 29084.488291807385 
0090000045 (0007000044) : 29172.964265139322 
0021000046 (0090000045) : 29552.274176179537 
0066000047 (0021000046) : 30376.870262959084 
0089000048 (0066000047) : 30599.43642136994 
0098000049 (0089000048) : 30635.25756659977 
0066000050 (0098000049) : 30768.16275278897 
0097000051 (0066000050) : 31915.791207309012 
0092000052 (0097000051) : 31993.888256231723 
0041000053 (0092000052) : 34912.75561579228 
0058000054 (0041000053) : 34923.590287399245 
0048000055 (0058000054) : 37916.28054270165 
0044000056 (0048000055) : 38527.77733131798 
0005000057 (0044000056) : 38720.64924247008 
0088000058 (0005000057) : 40394.7988780593 
0037000059 (0088000058) : 40507.74624037572 
0041000060 (0037000059) : 41131.6635115297 
0021000061 (0041000060) : 42131.60499696733 
0047000062 (0021000061) : 43516.705727660075 
0041000063 (0047000062) : 44234.707032469116 
0013000064 (0041000063) : 45880.28585151977 
0046000065 (0013000064) : 46171.64248735975 
0017000066 (0046000065) : 46389.18803156242 
0099000067 (0017000066) : 46479.892274679725 
0071000068 (0099000067) : 46669.907814230086 
0021000069 (0071000068) : 48345.28672681468 
0022000070 (0021000069) : 49075.19363163414 
0025000071 (0022000070) : 49105.56782333453 
0084000072 (0025000071) : 49179.10504098171 
0064000073 (0084000072) : 49723.80259688437 
0050000074 (0064000073) : 50321.122277830014 
0054000075 (0050000074) : 51365.83669716935 
0099000076 (0054000075) : 51582.60682934409 
0021000077 (0099000076) : 51621.55253029176 
0062000078 (0021000077) : 52430.92084541659 
0096000079 (0062000078) : 53021.40976171774 
0005000080 (0096000079) : 54376.21290160535 
0021000081 (0005000080) : 54425.3903877578 
0044000082 (0021000081) : 54549.059549019155 
0084000083 (0044000082) : 55108.12418708793 
0080000084 (0084000083) : 56048.22309529643 
0058000085 (0080000084) : 56357.78709367627 
0087000086 (0058000085) : 56916.398542328556 
0071000087 (0087000086) : 58484.947344746695 
0015000088 (0071000087) : 59376.3044387619 
0038000089 (0015000088) : 60878.5190571622 
0004000090 (0038000089) : 61962.677715414546 
0089000091 (0004000090) : 62374.97459978003 
0051000092 (0089000091) : 63022.21201503272 
0062000093 (0051000092) : 63250.118896427855 
0042000094 (0062000093) : 63619.89573625646 
0072000095 (0042000094) : 63749.42606630299 
0049000096 (0072000095) : 63902.837128935724 
0026000097 (0049000096) : 65071.97245802273 
0092000098 (0026000097) : 66339.73581348258 
0065000099 (0092000098) : 67155.25613456262 
0029000100 (0065000099) : 67215.143673945 
0063000101 (0029000100) : 67390.71894976492 
0036000102 (0063000101) : 67811.7431613893 
0096000103 (0036000102) : 68059.39984328453 
0067000104 (0096000103) : 68902.48838323503 
0022000105 (0067000104) : 69385.24870936511 
0040000106 (0022000105) : 69530.92114465518 
0078000107 (0040000106) : 70276.2953174427 
0021000108 (0078000107) : 70496.33275575768 
0088000109 (0021000108) : 71973.26330794298 
0028000110 (0088000109) : 73752.61035622002 
0045000111 (0028000110) : 75327.37383666875 
0034000112 (0045000111) : 76863.25964832451 
0092000113 (0034000112) : 77323.9527248488 
0088000114 (0092000113) : 77721.51287399096 
0061000115 (0088000114) : 79514.96115790932 
0048000116 (0061000115) : 80439.48162119629 
0020000117 (0048000116) : 80909.99076595626 
0021000118 (0020000117) : 82504.86379883786 
0013000119 (0021000118) : 83303.7957757672 
0064000120 (0013000119) : 83966.87578957019 
0018000121 (0064000120) : 84127.69088669849 
0021000122 (0018000121) : 84555.8907551188 
0097000123 (0021000122) : 84676.0624746584 
0041000124 (0097000123) : 85007.56308268376 
0006000125 (0041000124) : 85512.80071737514 
0089000126 (0006000125) : 86992.79748189771 
0053000127 (0089000126) : 87613.58257507818 
0004000128 (0053000127) : 88318.65926067723 
0023000129 (0004000128) : 88799.98665272974 
0051000130 (0023000129) : 89760.96343601221 
0090000131 (0051000130) : 90432.55465471302 
0063000132 (0090000131) : 90437.46265521894 
0000000133 (0063000132) : 91070.25712668375 
0065000134 (0000000133) : 91438.7396213416 
0052000135 (0065000134) : 92129.3864893971 
0088000136 (0052000135) : 94029.46706222587 
0023000137 (0088000136) : 94588.5158246342 
0021000138 (0023000137) : 97155.84321737336 
0086000139 (0021000138) : 97592.31172666812 
0082000140 (0086000139) : 98286.49155131698 
0086000141 (0082000140) : 98644.6209533658 
