0000000000 (genesis block) : 0 
0015000001 (0000000000) : 100.77638748689758 
0021000002 (0015000001) : 856.8301604613135 
0082000003 (0021000002) : 923.9469101602664 
0079000004 (0082000003) : 2228.898276992283 
0075000005 (0079000004) : 2687.3479916247334 
0047000006 (0075000005) : 4119.766821763024 
0070000007 (0047000006) : 4702.199382568434 
0021000008 (0070000007) : 4969.0384745404535 
0089000009 (0021000008) : 5004.687326085645 
0021000010 (0089000009) : 5074.568752109563 
0059000011 (0021000010) : 5508.167545601127 
0056000012 (0059000011) : 5830.26700517112 
0047000013 (0056000012) : 6541.3434195048 
0008000014 (0047000013) : 7042.959882638725 
0053000015 (0008000014) : 7862.870832929012 
0094000016 (0053000015) : 7899.970128483271 
0000000017 (0094000016) : 7985.475718143806 
0055000018 (0000000017) : 8235.87425325113 
0088000019 (0055000018) : 9211.505460937075 
0040000020 (0088000019) : 9731.638504199946 
0017000021 (0040000020) : 9736.859562874937 
0037000022 (0017000021) : 11640.574177038969 
0006000023 (0037000022) : 13138.858258078291 
0092000024 (0006000023) : 13556.433459454007 
0093000025 (0092000024) : 13620.41248429402 
0079000026 (0093000025) : 13754.297000292414 
0069000027 (0079000026) : 13921.855930812679 
0058000028 (0069000027) : 15692.595040428296 
0079000029 (0058000028) : 15987.459401908181 
0092000030 (0079000029) : 17256.08977425057 
0078000031 (0092000030) : 19036.564852015494 
0019000032 (0078000031) : 19780.71980283983 
0069000033 (0019000032) : 20692.99772942882 
0033000034 (0069000033) : 21963.815819262276 
0063000035 (0033000034) : 22040.60655581833 
0037000036 (0063000035) : 22824.36916161176 
0011000037 (0037000036) : 25379.042551015937 
0029000038 (0011000037) : 25960.427420936263 
0055000039 (0029000038) : 26615.68937041566 
0033000040 (0055000039) : 26761.881330241915 
0021000041 (0033000040) : 27546.702632966408 
0085000042 (0021000041) : 28056.51039033363 
0091000043 (0085000042) : 28601.91667916655 
0007000044 (0091000043) : 29084.666726310446 
0090000045 (0007000044) : 29172.93346821893 
0021000046 (0090000045) : 29552.404959897696 
0066000047 (0021000046) : 30376.95578303449 
0089000048 (0066000047) : 30599.588727791863 
0098000049 (0089000048) : 30635.43645682974 
0066000050 (0098000049) : 30768.248654046092 
0097000051 (0066000050) : 31915.87086175749 
0092000052 (0097000051) : 31994.043321442234 
0041000053 (0092000052) : 34912.93436512147 
0058000054 (0041000053) : 34923.66919670368 
0048000055 (0058000054) : 37916.45858949393 
0044000056 (0048000055) : 38527.957117993574 
0005000057 (0044000056) : 38720.80351110824 
0088000058 (0005000057) : 40394.851642153684 
0037000059 (0088000058) : 40507.89872421043 
0041000060 (0037000059) : 41131.84122891544 
0021000061 (0041000060) : 42131.73693734716 
0047000062 (0021000061) : 43516.75823445654 
0041000063 (0047000062) : 44234.88634227203 
0013000064 (0041000063) : 45880.438871902625 
0046000065 (0013000064) : 46171.80687438404 
0017000066 (0046000065) : 46389.368231750675 
0099000067 (0017000066) : 46479.72031567418 
0071000068 (0099000067) : 46669.86968699516 
0021000069 (0071000068) : 48345.42048056119 
0022000070 (0021000069) : 49075.34336006105 
0025000071 (0022000070) : 49105.720064449364 
0084000072 (0025000071) : 49178.92522186626 
0064000073 (0084000072) : 49723.984673062216 
0050000074 (0064000073) : 50321.30006870468 
0054000075 (0050000074) : 51365.98998861756 
0099000076 (0054000075) : 51582.43934559631 
0021000077 (0099000076) : 51621.68683431317 
0062000078 (0021000077) : 52430.97016515688 
0096000079 (0062000078) : 53021.58837756229 
0005000080 (0096000079) : 54376.36556511738 
0021000081 (0005000080) : 54425.5226311475 
0044000082 (0021000081) : 54549.2373850311 
0084000083 (0044000082) : 55107.946072624596 
0080000084 (0084000083) : 56048.18255349733 
0058000085 (0080000084) : 56357.86506110983 
0087000086 (0058000085) : 56916.431265851825 
0071000087 (0087000086) : 58484.909457297035 
0015000088 (0071000087) : 59376.457254890265 
0038000089 (0015000088) : 60878.697552926664 
0004000090 (0038000089) : 61962.860662490675 
0089000091 (0004000090) : 62375.127355866854 
0051000092 (0089000091) : 63022.3788558658 
0062000093 (0051000092) : 63250.17586855896 
0042000094 (0062000093) : 63620.02863371063 
0072000095 (0042000094) : 63749.41788792404 
0049000096 (0072000095) : 63902.7147387736 
0026000097 (0049000096) : 65072.071800797334 
0092000098 (0026000097) : 66339.88850362446 
0065000099 (0092000098) : 67155.13263401538 
0029000100 (0065000099) : 67215.01813431294 
0063000101 (0029000100) : 67390.87487837527 
0036000102 (0063000101) : 67811.89642975378 
0096000103 (0036000102) : 68059.57870954505 
0067000104 (0096000103) : 68902.58027232124 
0022000105 (0067000104) : 69385.40255946474 
0040000106 (0022000105) : 69531.08072305335 
0078000107 (0040000106) : 70276.4740113174 
0021000108 (0078000107) : 70496.4668895338 
0088000109 (0021000108) : 71973.31969526406 
0028000110 (0088000109) : 73752.76902888557 
0045000111 (0028000110) : 75327.53473264787 
0034000112 (0045000111) : 76863.43730632964 
0092000113 (0034000112) : 77324.10605252185 
0088000114 (0092000113) : 77721.57301422341 
0061000115 (0088000114) : 79515.14089008768 
0048000116 (0061000115) : 80439.66130051418 
0020000117 (0048000116) : 80910.16882962608 
0021000118 (0020000117) : 82504.99528363306 
0013000119 (0021000118) : 83303.9484079186 
0064000120 (0013000119) : 83967.05461186849 
0018000121 (0064000120) : 84127.82118361758 
0021000122 (0018000121) : 84556.02127628733 
0097000123 (0021000122) : 84676.14212380427 
0041000124 (0097000123) : 85007.74092958808 
0006000125 (0041000124) : 85512.9520722458 
0089000126 (0006000125) : 86992.95095554205 
0053000127 (0089000126) : 87613.73296373452 
0004000128 (0053000127) : 88318.83926894164 
0023000129 (0004000128) : 88800.13906492875 
0051000130 (0023000129) : 89761.13085713147 
0090000131 (0051000130) : 90432.51847416758 
0063000132 (0090000131) : 90437.61610778856 
0000000133 (0063000132) : 91070.40678902561 
0065000134 (0000000133) : 91438.61399807714 
0052000135 (0065000134) : 92129.56574772358 
0088000136 (0052000135) : 94029.52376953392 
0023000137 (0088000136) : 94588.66910026444 
0021000138 (0023000137) : 97155.97719217895 
0086000139 (0021000138) : 97592.3847865348 
0082000140 (0086000139) : 98286.45207050895 
0086000141 (0082000140) : 98644.69706684939 
