0000000000 (genesis block) : 0 
0015000001 (0000000000) : 100.86886330888649 
0021000002 (0015000001) : 856.3670427265366 
0082000003 (0021000002) : 923.5207357912492 
0079000004 (0082000003) : 2229.0456243517506 
0075000005 (0079000004) : 2687.138237328634 
0047000006 (0075000005) : 4119.553295672943 
0070000007 (0047000006) : 4702.003452164885 
0021000008 (0070000007) : 4968.57382598164 
0089000009 (0021000008) : 5004.828248727942 
0021000010 (0089000009) : 5074.104406674014 
0059000011 (0021000010) : 5508.687040393088 
0056000012 (0059000011) : 5830.240117702049 
0047000013 (0056000012) : 6541.128974017121 
0008000014 (0047000013) : 7043.227307987165 
0053000015 (0008000014) : 7862.512641198287 
0094000016 (0053000015) : 7899.731953143719 
0000000017 (0094000016) : 7985.755252908227 
0055000018 (0000000017) : 8235.419865850157 
0088000019 (0055000018) : 9211.037217713316 
0040000020 (0088000019) : 9731.420971076544 
0017000021 (0040000020) : 9736.86230890027 
0037000022 (0017000021) : 11640.533012997936 
0006000023 (0037000022) : 13139.01208966891 
0092000024 (0006000023) : 13556.274010939676 
0093000025 (0092000024) : 13620.545922969803 
0079000026 (0093000025) : 13754.440308617068 
0069000027 (0079000026) : 13922.122272467695 
0058000028 (0069000027) : 15692.61737517784 
0079000029 (0058000028) : 15987.60505715153 
0092000030 (0079000029) : 17255.927337025634 
0078000031 (0092000030) : 19036.335653370545 
0019000032 (0078000031) : 19780.871163723576 
0069000033 (0019000032) : 20693.264559649942 
0033000034 (0069000033) : 21963.778840117775 
0063000035 (0033000034) : 22040.08757993396 
0037000036 (0063000035) : 22824.33413405332 
0011000037 (0037000036) : 25378.81809900679 
0029000038 (0011000037) : 25960.607121806454 
0055000039 (0029000038) : 26615.237612835434 
0033000040 (0055000039) : 26761.839127895586 
0021000041 (0033000040) : 27546.237414412077 
0085000042 (0021000041) : 28056.299381720786 
0091000043 (0085000042) : 28601.774446287454 
0007000044 (0091000043) : 29084.316943013866 
0090000045 (0007000044) : 29172.88580933447 
0021000046 (0090000045) : 29551.942691934273 
0066000047 (0021000046) : 30376.85786876071 
0089000048 (0066000047) : 30599.730651184287 
0098000049 (0089000048) : 30635.08134893959 
0066000050 (0098000049) : 30768.15094673759 
0097000051 (0066000050) : 31915.739994598378 
0092000052 (0097000051) : 31993.878835344363 
0041000053 (0092000052) : 34912.80439433994 
0058000054 (0041000053) : 34923.68751446839 
0048000055 (0058000054) : 37916.2490155298 
0044000056 (0048000055) : 38527.6732911141 
0005000057 (0044000056) : 38720.73902336701 
0088000058 (0005000057) : 40394.38711400594 
0037000059 (0088000058) : 40507.85797933827 
0041000060 (0037000059) : 41131.7131805723 
0021000061 (0041000060) : 42131.27370392956 
0047000062 (0021000061) : 43516.54302662919 
0041000063 (0047000062) : 44234.75700697986 
0013000064 (0041000063) : 45880.27484321559 
0046000065 (0013000064) : 46171.58924359041 
0017000066 (0046000065) : 46389.37068150765 
0099000067 (0017000066) : 46479.72735678065 
0071000068 (0099000067) : 46669.43640764638 
0021000069 (0071000068) : 48344.95557710999 
0022000070 (0021000069) : 49075.67701628417 
0025000071 (0022000070) : 49105.79641174189 
0084000072 (0025000071) : 49179.04785292609 
0064000073 (0084000072) : 49723.904859394876 
0050000074 (0064000073) : 50321.30660201488 
0054000075 (0050000074) : 51366.32377121482 
0099000076 (0054000075) : 51582.443676808616 
0021000077 (0099000076) : 51621.221835669676 
0062000078 (0021000077) : 52430.70025127975 
0096000079 (0062000078) : 53021.897574749586 
0005000080 (0096000079) : 54376.29795052454 
0021000081 (0005000080) : 54425.05893673508 
0044000082 (0021000081) : 54548.95676866937 
0084000083 (0044000082) : 55108.0677029051 
0080000084 (0084000083) : 56047.749033635904 
0058000085 (0080000084) : 56357.885483361846 
0087000086 (0058000085) : 56916.43439326074 
0071000087 (0087000086) : 58484.47646330619 
0015000088 (0071000087) : 59376.54747777184 
0038000089 (0015000088) : 60878.386201977504 
0004000090 (0038000089) : 61962.914841799044 
0089000091 (0004000090) : 62375.27545441131 
0051000092 (0089000091) : 63022.10532849242 
0062000093 (0051000092) : 63249.899645324 
0042000094 (0062000093) : 63619.562988517166 
0072000095 (0042000094) : 63748.95456831012 
0049000096 (0072000095) : 63902.608843166265 
0026000097 (0049000096) : 65072.069262536505 
0092000098 (0026000097) : 66339.73160275804 
0065000099 (0092000098) : 67155.08724189183 
0029000100 (0065000099) : 67215.19419290764 
0063000101 (0029000100) : 67390.35354462851 
0036000102 (0063000101) : 67811.83800698102 
0096000103 (0036000102) : 68059.88422180926 
0067000104 (0096000103) : 68902.43742906631 
0022000105 (0067000104) : 69385.73113241281 
0040000106 (0022000105) : 69530.86697563808 
0078000107 (0040000106) : 70276.24443488872 
0021000108 (0078000107) : 70496.00381413956 
0088000109 (0021000108) : 71972.85588771397 
0028000110 (0088000109) : 73752.3912057504 
0045000111 (0028000110) : 75327.27708649442 
0034000112 (0045000111) : 76863.52726011464 
0092000113 (0034000112) : 77323.94269625498 
0088000114 (0092000113) : 77721.1046651261 
0061000115 (0088000114) : 79515.03012061385 
0048000116 (0061000115) : 80439.45171108226 
0020000117 (0048000116) : 80910.1397635812 
0021000118 (0020000117) : 82504.52962474406 
0013000119 (0021000118) : 83303.78544569029 
0064000120 (0013000119) : 83966.98027177232 
0018000121 (0064000120) : 84127.74238037283 
0021000122 (0018000121) : 84555.55747103365 
0097000123 (0021000122) : 84676.0081058025 
0041000124 (0097000123) : 85007.61312158726 
0006000125 (0041000124) : 85513.11145047989 
0089000126 (0006000125) : 86993.09805204211 
0053000127 (0089000126) : 87613.37873804127 
0004000128 (0053000127) : 88318.89675078604 
0023000129 (0004000128) : 88800.24076858645 
0051000130 (0023000129) : 89760.85785614436 
0090000131 (0051000130) : 90432.47140928585 
0063000132 (0090000131) : 90437.09638990689 
0000000133 (0063000132) : 91070.68762374313 
0065000134 (0000000133) : 91438.56781963714 
0052000135 (0065000134) : 92129.44535352672 
0088000136 (0052000135) : 94029.05931421198 
0023000137 (0088000136) : 94588.76750151505 
0021000138 (0023000137) : 97155.51426979038 
0086000139 (0021000138) : 97592.19513758412 
0082000140 (0086000139) : 98286.02002564979 
0086000141 (0082000140) : 98644.50546941785 
