0000000000 (genesis block) : 0 
0015000001 (0000000000) : 101.09442953372344 
0021000002 (0015000001) : 856.9134670549204 
0082000003 (0021000002) : 923.7730416214363 
0079000004 (0082000003) : 2229.088283374951 
0075000005 (0079000004) : 2687.196373055009 
0047000006 (0075000005) : 4120.010484015869 
0070000007 (0047000006) : 4701.914106521154 
0021000008 (0070000007) : 4969.121641067346 
0089000009 (0021000008) : 5005.056839229784 
0021000010 (0089000009) : 5074.647547809844 
0059000011 (0021000010) : 5508.895804991611 
0056000012 (0059000011) : 5830.305750853443 
0047000013 (0056000012) : 6541.594429050834 
0008000014 (0047000013) : 7043.68900271086 
0053000015 (0008000014) : 7862.800134107033 
0094000016 (0053000015) : 7900.133039776806 
0000000017 (0094000016) : 7985.871901404415 
0055000018 (0000000017) : 8235.458089998167 
0088000019 (0055000018) : 9211.50603969277 
0040000020 (0088000019) : 9731.671359703563 
0017000021 (0040000020) : 9736.871605344699 
0037000022 (0017000021) : 11640.693146602269 
0006000023 (0037000022) : 13139.239950304967 
0092000024 (0006000023) : 13556.619153668196 
0093000025 (0092000024) : 13620.623068109246 
0079000026 (0093000025) : 13754.488396902367 
0069000027 (0079000026) : 13922.380394173691 
0058000028 (0069000027) : 15692.807496036083 
0079000029 (0058000028) : 15987.651298534607 
0092000030 (0079000029) : 17256.2723038827 
0078000031 (0092000030) : 19036.40905590804 
0019000032 (0078000031) : 19781.11923564167 
0069000033 (0019000032) : 20693.5200737677 
0033000034 (0069000033) : 21963.938871654496 
0063000035 (0033000034) : 22040.125504683074 
0037000036 (0063000035) : 22824.490190523775 
0011000037 (0037000036) : 25379.19011450011 
0029000038 (0011000037) : 25960.8978757602 
0055000039 (0029000038) : 26615.27571855105 
0033000040 (0055000039) : 26761.99864445724 
0021000041 (0033000040) : 27546.78248277493 
0085000042 (0021000041) : 28056.461166452063 
0091000043 (0085000042) : 28601.91644801024 
0007000044 (0091000043) : 29084.01302928073 
0090000045 (0007000044) : 29173.244054837254 
0021000046 (0090000045) : 29552.4824663042 
0066000047 (0021000046) : 30377.01924669345 
0089000048 (0066000047) : 30599.95838603048 
0098000049 (0089000048) : 30635.61734177457 
0066000050 (0098000049) : 30768.31050314946 
0097000051 (0066000050) : 31915.71980148456 
0092000052 (0097000051) : 31994.225026051783 
0041000053 (0092000052) : 34912.779311279985 
0058000054 (0041000053) : 34923.877604843845 
0048000055 (0058000054) : 37916.40907733511 
0044000056 (0048000055) : 38528.16614308064 
0005000057 (0044000056) : 38720.9689379982 
0088000058 (0005000057) : 40394.854666814994 
0037000059 (0088000058) : 40508.01624017337 
0041000060 (0037000059) : 41131.68691473118 
0021000061 (0041000060) : 42131.81601159333 
0047000062 (0021000061) : 43517.0065196291 
0041000063 (0047000062) : 44234.73113925021 
0013000064 (0041000063) : 45880.4556927449 
0046000065 (0013000064) : 46171.743849454266 
0017000066 (0046000065) : 46389.383823745506 
0099000067 (0017000066) : 46480.18972071278 
0071000068 (0099000067) : 46669.99507654223 
0021000069 (0071000068) : 48345.500790285165 
0022000070 (0021000069) : 49075.74307005462 
0025000071 (0022000070) : 49106.02074990096 
0084000072 (0025000071) : 49179.4041315824 
0064000073 (0084000072) : 49724.19580699179 
0050000074 (0064000073) : 50321.59188749226 
0054000075 (0050000074) : 51366.38642572864 
0099000076 (0054000075) : 51582.90580541544 
0021000077 (0099000076) : 51621.76885443298 
0062000078 (0021000077) : 52431.221298906006 
0096000079 (0062000078) : 53021.959481889244 
0005000080 (0096000079) : 54376.53222810033 
0021000081 (0005000080) : 54425.605572795575 
0044000082 (0021000081) : 54549.45162041203 
0084000083 (0044000082) : 55108.42056230134 
0080000084 (0084000083) : 56048.35553540304 
0058000085 (0080000084) : 56358.07492504729 
0087000086 (0058000085) : 56916.728576871414 
0071000087 (0087000086) : 58485.03488779649 
0015000088 (0071000087) : 59376.776495761245 
0038000089 (0015000088) : 60878.88126469539 
0004000090 (0038000089) : 61962.701509521845 
0089000091 (0004000090) : 62375.50499665288 
0051000092 (0089000091) : 63022.62667964656 
0062000093 (0051000092) : 63250.424469935875 
0042000094 (0062000093) : 63620.06224746239 
0072000095 (0042000094) : 63749.560721910384 
0049000096 (0072000095) : 63903.187282404884 
0026000097 (0049000096) : 65072.25922325907 
0092000098 (0026000097) : 66340.07212283519 
0065000099 (0092000098) : 67155.5837098043 
0029000100 (0065000099) : 67215.48910736751 
0063000101 (0029000100) : 67390.39271349808 
0036000102 (0063000101) : 67812.09910367402 
0096000103 (0036000102) : 68059.94863189865 
0067000104 (0096000103) : 68902.38433591218 
0022000105 (0067000104) : 69385.79997612773 
0040000106 (0022000105) : 69531.11414012028 
0078000107 (0040000106) : 70276.31848614947 
0021000108 (0078000107) : 70496.54661177896 
0088000109 (0021000108) : 71973.32420649851 
0028000110 (0088000109) : 73752.19207068431 
0045000111 (0028000110) : 75327.40045262176 
0034000112 (0045000111) : 76863.81060229684 
0092000113 (0034000112) : 77324.2896579276 
0088000114 (0092000113) : 77721.57369656957 
0061000115 (0088000114) : 79515.51290981694 
0048000116 (0061000115) : 80439.6108671872 
0020000117 (0048000116) : 80910.01438670716 
0021000118 (0020000117) : 82505.07748947467 
0013000119 (0021000118) : 83303.96799490636 
0064000120 (0013000119) : 83967.26609215453 
0018000121 (0064000120) : 84127.65214142333 
0021000122 (0018000121) : 84556.10086228508 
0097000123 (0021000122) : 84675.98986903885 
0041000124 (0097000123) : 85007.58783782869 
0006000125 (0041000124) : 85513.33596318572 
0089000126 (0006000125) : 86993.32546589282 
0053000127 (0089000126) : 87613.66136339105 
0004000128 (0053000127) : 88318.68312436201 
0023000129 (0004000128) : 88800.28070126631 
0051000130 (0023000129) : 89761.37897914936 
0090000131 (0051000130) : 90432.83440689482 
0063000132 (0090000131) : 90437.13398378622 
0000000133 (0063000132) : 91070.80648508633 
0065000134 (0000000133) : 91439.0646029744 
0052000135 (0065000134) : 92128.8370332537 
0088000136 (0052000135) : 94029.52988518539 
0023000137 (0088000136) : 94588.80750046705 
0021000138 (0023000137) : 97156.05844823364 
0086000139 (0021000138) : 97592.26515260497 
0082000140 (0086000139) : 98286.27787258533 
0086000141 (0082000140) : 98644.57644565479 
