0000000000 (genesis block) : 0 
0015000001 (0000000000) : 100.70042175493961 
0021000002 (0015000001) : 856.7171509556727 
0082000003 (0021000002) : 923.8567422076699 
0079000004 (0082000003) : 2228.5654200711774 
0075000005 (0079000004) : 2686.999133617314 
0047000006 (0075000005) : 4119.883479941146 
0070000007 (0047000006) : 4701.9096373173 
0021000008 (0070000007) : 4968.926295714408 
0089000009 (0021000008) : 5004.660928834446 
0021000010 (0089000009) : 5074.454394615361 
0059000011 (0021000010) : 5508.731608781741 
0056000012 (0059000011) : 5830.058341031952 
0047000013 (0056000012) : 6541.462317505456 
0008000014 (0047000013) : 7043.5253797864325 
0053000015 (0008000014) : 7862.672954265738 
0094000016 (0053000015) : 7899.8826398429965 
0000000017 (0094000016) : 7985.6284213934405 
0055000018 (0000000017) : 8235.682070301988 
0088000019 (0055000018) : 9211.466666719858 
0040000020 (0088000019) : 9731.639881240586 
0017000021 (0040000020) : 9736.92960259884 
0037000022 (0017000021) : 11640.012148394419 
0006000023 (0037000022) : 13138.799924494217 
0092000024 (0006000023) : 13556.331104185441 
0093000025 (0092000024) : 13620.244509038794 
0079000026 (0093000025) : 13753.96179259375 
0069000027 (0079000026) : 13921.853232270501 
0058000028 (0069000027) : 15692.357075903603 
0079000029 (0058000028) : 15987.12556454809 
0092000030 (0079000029) : 17255.98149909095 
0078000031 (0092000030) : 19036.271266513668 
0019000032 (0078000031) : 19780.82048538679 
0069000033 (0019000032) : 20692.99637648525 
0033000034 (0069000033) : 21963.254986103686 
0063000035 (0033000034) : 22040.34828586305 
0037000036 (0063000035) : 22823.80696101532 
0011000037 (0037000036) : 25378.795065056875 
0029000038 (0011000037) : 25960.428643421656 
0055000039 (0029000038) : 26615.498008294286 
0033000040 (0055000039) : 26761.31910054762 
0021000041 (0033000040) : 27546.589785238888 
0085000042 (0021000041) : 28056.016969277996 
0091000043 (0085000042) : 28601.669127891742 
0007000044 (0091000043) : 29084.57979008045 
0090000045 (0007000044) : 29173.021899505322 
0021000046 (0090000045) : 29552.292318716874 
0066000047 (0021000046) : 30376.85918232228 
0089000048 (0066000047) : 30599.560245056102 
0098000049 (0089000048) : 30635.240380037518 
0066000050 (0098000049) : 30768.15081022723 
0097000051 (0066000050) : 31915.688639888744 
0092000052 (0097000051) : 31993.931910298576 
0041000053 (0092000052) : 34912.887460887905 
0058000054 (0041000053) : 34923.429366873366 
0048000055 (0058000054) : 37915.909829237 
0044000056 (0048000055) : 38527.885368380754 
0005000057 (0044000056) : 38720.81208137895 
0088000058 (0005000057) : 40394.81624270774 
0037000059 (0088000058) : 40507.33690921802 
0041000060 (0037000059) : 41131.79219675111 
0021000061 (0041000060) : 42131.62250129454 
0047000062 (0021000061) : 43516.875617953185 
0041000063 (0047000062) : 44234.8375807297 
0013000064 (0041000063) : 45880.09074403422 
0046000065 (0013000064) : 46171.80994256982 
0017000066 (0046000065) : 46389.43406741064 
0099000067 (0017000066) : 46480.05590693512 
0071000068 (0099000067) : 46669.83507704938 
0021000069 (0071000068) : 48345.30438347728 
0022000070 (0021000069) : 49075.577577911536 
0025000071 (0022000070) : 49105.69544335627 
0084000072 (0025000071) : 49179.288879034626 
0064000073 (0084000072) : 49723.967289236185 
0050000074 (0064000073) : 50321.367101072596 
0054000075 (0050000074) : 51366.00276036853 
0099000076 (0054000075) : 51582.77822614206 
0021000077 (0099000076) : 51621.571956450265 
0062000078 (0021000077) : 52431.095472045 
0096000079 (0062000078) : 53021.81616030122 
0005000080 (0096000079) : 54376.37841192352 
0021000081 (0005000080) : 54425.408342002505 
0044000082 (0021000081) : 54549.16514082685 
0084000083 (0044000082) : 55108.30745815026 
0080000084 (0084000083) : 56048.14295551772 
0058000085 (0080000084) : 56357.62703708366 
0087000086 (0058000085) : 56916.28369062942 
0071000087 (0087000086) : 58484.87325893051 
0015000088 (0071000087) : 59376.37608230168 
0038000089 (0015000088) : 60878.6249570433 
0004000090 (0038000089) : 61962.81043169198 
0089000091 (0004000090) : 62375.102080404744 
0051000092 (0089000091) : 63022.498882699336 
0062000093 (0051000092) : 63250.291233345895 
0042000094 (0062000093) : 63619.9132466921 
0072000095 (0042000094) : 63749.37903282788 
0049000096 (0072000095) : 63902.72021391422 
0026000097 (0049000096) : 65071.810458412605 
0092000098 (0026000097) : 66339.78061172187 
0065000099 (0092000098) : 67155.45100009491 
0029000100 (0065000099) : 67215.02045742069 
0063000101 (0029000100) : 67390.61603009653 
0036000102 (0063000101) : 67811.50547372071 
0096000103 (0036000102) : 68059.81033008825 
0067000104 (0096000103) : 68902.39795791756 
0022000105 (0067000104) : 69385.6329257163 
0040000106 (0022000105) : 69531.08424179073 
0078000107 (0040000106) : 70276.18436183358 
0021000108 (0078000107) : 70496.3538756169 
0088000109 (0021000108) : 71973.28441906715 
0028000110 (0088000109) : 73752.50799790783 
0045000111 (0028000110) : 75327.48776996539 
0034000112 (0045000111) : 76863.6023368314 
0092000113 (0034000112) : 77324.00418007415 
0088000114 (0092000113) : 77721.53346932413 
0061000115 (0088000114) : 79515.26823429123 
0048000116 (0061000115) : 80439.11466237524 
0020000117 (0048000116) : 80910.12359483486 
0021000118 (0020000117) : 82504.88131737312 
0013000119 (0021000118) : 83303.59935881324 
0064000120 (0013000119) : 83967.04246164675 
0018000121 (0064000120) : 84127.49198469517 
0021000122 (0018000121) : 84555.90633137882 
0097000123 (0021000122) : 84675.9582319404 
0041000124 (0097000123) : 85007.69679198938 
0006000125 (0041000124) : 85512.89349809106 
0089000126 (0006000125) : 86992.92744887661 
0053000127 (0089000126) : 87613.53564748514 
0004000128 (0053000127) : 88318.79597352575 
0023000129 (0004000128) : 88799.75297297322 
0051000130 (0023000129) : 89761.2445919626 
0090000131 (0051000130) : 90432.60642820105 
0063000132 (0090000131) : 90437.35705271446 
0000000133 (0063000132) : 91070.55728395104 
0065000134 (0000000133) : 91438.93397000659 
0052000135 (0065000134) : 92129.52306892333 
0088000136 (0052000135) : 94029.49009701594 
0023000137 (0088000136) : 94588.2790391833 
0021000138 (0023000137) : 97155.86179818645 
0086000139 (0021000138) : 97592.22060296382 
0082000140 (0086000139) : 98286.35849083369 
0086000141 (0082000140) : 98644.53063482585 
