0000000000 (genesis block) : 0 
0015000001 (0000000000) : 100.73417709117668 
0021000002 (0015000001) : 856.7274709466723 
0082000003 (0021000002) : 924.0594159496231 
0079000004 (0082000003) : 2228.848152888376 
0075000005 (0079000004) : 2687.1425601992705 
0047000006 (0075000005) : 4119.779223559997 
0070000007 (0047000006) : 4702.066460205321 
0021000008 (0070000007) : 4968.933695754175 
0089000009 (0021000008) : 5004.6953890745945 
0021000010 (0089000009) : 5074.463444760773 
0059000011 (0021000010) : 5508.717026935762 
0056000012 (0059000011) : 5829.934170470901 
0047000013 (0056000012) : 6541.359614990001 
0008000014 (0047000013) : 7043.388068232323 
0053000015 (0008000014) : 7862.549624775124 
0094000016 (0053000015) : 7899.821081956354 
0000000017 (0094000016) : 7985.641297564653 
0055000018 (0000000017) : 8235.762041002003 
0088000019 (0055000018) : 9211.411796680573 
0040000020 (0088000019) : 9731.484461699878 
0017000021 (0040000020) : 9736.71137822941 
0037000022 (0017000021) : 11640.375220062757 
0006000023 (0037000022) : 13138.87900768036 
0092000024 (0006000023) : 13556.27852208693 
0093000025 (0092000024) : 13620.102160451259 
0079000026 (0093000025) : 13754.244725738297 
0069000027 (0079000026) : 13922.13501045176 
0058000028 (0069000027) : 15692.285792631053 
0079000029 (0058000028) : 15987.407814696271 
0092000030 (0079000029) : 17255.933973133673 
0078000031 (0092000030) : 19036.222108827522 
0019000032 (0078000031) : 19780.760699218605 
0069000033 (0019000032) : 20693.274760472756 
0033000034 (0069000033) : 21963.617234781144 
0063000035 (0033000034) : 22040.514353959992 
0037000036 (0063000035) : 22824.167467119343 
0011000037 (0037000036) : 25378.724213648853 
0029000038 (0011000037) : 25960.377444578105 
0055000039 (0029000038) : 26615.575509440223 
0033000040 (0055000039) : 26761.680970693276 
0021000041 (0033000040) : 27546.596819773826 
0085000042 (0021000041) : 28056.306649270555 
0091000043 (0085000042) : 28601.813755824573 
0007000044 (0091000043) : 29084.533522192054 
0090000045 (0007000044) : 29173.00333469948 
0021000046 (0090000045) : 29552.301064050775 
0066000047 (0021000046) : 30376.498255939823 
0089000048 (0066000047) : 30599.59874770002 
0098000049 (0089000048) : 30635.32481402597 
0066000050 (0098000049) : 30767.789455557297 
0097000051 (0066000050) : 31915.769041365656 
0092000052 (0097000051) : 31993.88412289241 
0041000053 (0092000052) : 34912.72672640831 
0058000054 (0041000053) : 34923.356967129694 
0048000055 (0058000054) : 37916.25271334948 
0044000056 (0048000055) : 38527.99614855543 
0005000057 (0044000056) : 38720.76638347443 
0088000058 (0005000057) : 40394.76161890245 
0037000059 (0088000058) : 40507.69860977386 
0041000060 (0037000059) : 41131.63465952974 
0021000061 (0041000060) : 42131.630380683855 
0047000062 (0021000061) : 43516.77163398816 
0041000063 (0047000062) : 44234.67884459768 
0013000064 (0041000063) : 45880.041675049564 
0046000065 (0013000064) : 46171.62753317042 
0017000066 (0046000065) : 46389.21633234391 
0099000067 (0017000066) : 46479.95410065041 
0071000068 (0099000067) : 46669.809675106815 
0021000069 (0071000068) : 48345.31517321432 
0022000070 (0021000069) : 49075.56894455953 
0025000071 (0022000070) : 49105.732257996606 
0084000072 (0025000071) : 49179.25156952631 
0064000073 (0084000072) : 49723.87122100195 
0050000074 (0064000073) : 50321.149276614 
0054000075 (0050000074) : 51366.21082139458 
0099000076 (0054000075) : 51582.67258611857 
0021000077 (0099000076) : 51621.57849063927 
0062000078 (0021000077) : 52430.98531538133 
0096000079 (0062000078) : 53021.78525146652 
0005000080 (0096000079) : 54376.32718092319 
0021000081 (0005000080) : 54425.41735253632 
0044000082 (0021000081) : 54549.28194802502 
0084000083 (0044000082) : 55108.271057128564 
0080000084 (0084000083) : 56048.292495688955 
0058000085 (0080000084) : 56357.55344502642 
0087000086 (0058000085) : 56916.20873150176 
0071000087 (0087000086) : 58484.848332266825 
0015000088 (0071000087) : 59376.41271371151 
0038000089 (0015000088) : 60878.71164670442 
0004000090 (0038000089) : 61962.64892569781 
0089000091 (0004000090) : 62375.1368992192 
0051000092 (0089000091) : 63022.36988656874 
0062000093 (0051000092) : 63250.1898638041 
0042000094 (0062000093) : 63619.84582611984 
0072000095 (0042000094) : 63749.49670397403 
0049000096 (0072000095) : 63902.6655893254 
0026000097 (0049000096) : 65071.737368403265 
0092000098 (0026000097) : 66339.73227674235 
0065000099 (0092000098) : 67155.29005796676 
0029000100 (0065000099) : 67214.9675687139 
0063000101 (0029000100) : 67390.78484456346 
0036000102 (0063000101) : 67811.68706731817 
0096000103 (0036000102) : 68059.77310175037 
0067000104 (0096000103) : 68902.4355733924 
0022000105 (0067000104) : 69385.62275090815 
0040000106 (0022000105) : 69530.92614292227 
0078000107 (0040000106) : 70276.13193639649 
0021000108 (0078000107) : 70496.35960931997 
0088000109 (0021000108) : 71973.23014321353 
0028000110 (0088000109) : 73752.63969708838 
0045000111 (0028000110) : 75327.35036886469 
0034000112 (0045000111) : 76863.42267499371 
0092000113 (0034000112) : 77323.95104939728 
0088000114 (0092000113) : 77721.47743648032 
0061000115 (0088000114) : 79515.11652009355 
0048000116 (0061000115) : 80439.4573966707 
0020000117 (0048000116) : 80909.96441098549 
0021000118 (0020000117) : 82504.88732763866 
0013000119 (0021000118) : 83303.54979347486 
0064000120 (0013000119) : 83966.94179359775 
0018000121 (0064000120) : 84127.63162967162 
0021000122 (0018000121) : 84555.91443572512 
0097000123 (0021000122) : 84676.04333886414 
0041000124 (0097000123) : 85007.53296061172 
0006000125 (0041000124) : 85512.97324825106 
0089000126 (0006000125) : 86992.96273112472 
0053000127 (0089000126) : 87613.41080111504 
0004000128 (0053000127) : 88318.630836636 
0023000129 (0004000128) : 88800.11585229945 
0051000130 (0023000129) : 89761.1189424955 
0090000131 (0051000130) : 90432.59488456309 
0063000132 (0090000131) : 90437.52707513951 
0000000133 (0063000132) : 91070.5724810812 
0065000134 (0000000133) : 91438.7728214268 
0052000135 (0065000134) : 92129.35762514966 
0088000136 (0052000135) : 94029.4374381663 
0023000137 (0088000136) : 94588.64277177685 
0021000138 (0023000137) : 97155.86937687277 
0086000139 (0021000138) : 97592.28337139284 
0082000140 (0086000139) : 98286.56236637733 
0086000141 (0082000140) : 98644.59774609639 
