0000000000 (genesis block) : 0 
0015000001 (0000000000) : 100.61026432900795 
0021000002 (0015000001) : 856.7150390698207 
0082000003 (0021000002) : 923.9996479822129 
0079000004 (0082000003) : 2228.7894654046445 
0075000005 (0079000004) : 2687.1830002897746 
0047000006 (0075000005) : 4119.726825347936 
0070000007 (0047000006) : 4702.033784435241 
0021000008 (0070000007) : 4968.920206224894 
0089000009 (0021000008) : 5004.522444554041 
0021000010 (0089000009) : 5074.454943294479 
0059000011 (0021000010) : 5508.332563249405 
0056000012 (0059000011) : 5830.202319328131 
0047000013 (0056000012) : 6541.308533531415 
0008000014 (0047000013) : 7043.127314011115 
0053000015 (0008000014) : 7862.70512388386 
0094000016 (0053000015) : 7900.066849274024 
0000000017 (0094000016) : 7985.310287310074 
0055000018 (0000000017) : 8235.708825490092 
0088000019 (0055000018) : 9211.459937651347 
0040000020 (0088000019) : 9731.485243599996 
0017000021 (0040000020) : 9736.694575899875 
0037000022 (0017000021) : 11640.407664637294 
0006000023 (0037000022) : 13138.693208147186 
0092000024 (0006000023) : 13556.267539536278 
0093000025 (0092000024) : 13620.24679294617 
0079000026 (0093000025) : 13754.184326282308 
0069000027 (0079000026) : 13922.021639286968 
0058000028 (0069000027) : 15692.5289854274 
0079000029 (0058000028) : 15987.349887589642 
0092000030 (0079000029) : 17255.92152139969 
0078000031 (0092000030) : 19036.398705383577 
0019000032 (0078000031) : 19780.554511819722 
0069000033 (0019000032) : 20693.16420117657 
0033000034 (0069000033) : 21963.650864779374 
0063000035 (0033000034) : 22040.461957116288 
0037000036 (0063000035) : 22824.20373022053 
0011000037 (0037000036) : 25378.874429179352 
0029000038 (0011000037) : 25960.538650511455 
0055000039 (0029000038) : 26615.52428337252 
0033000040 (0055000039) : 26761.715570824337 
0021000041 (0033000040) : 27546.58390223765 
0085000042 (0021000041) : 28056.344670395512 
0091000043 (0085000042) : 28601.80414242117 
0007000044 (0091000043) : 29084.50172688057 
0090000045 (0007000044) : 29172.97818794607 
0021000046 (0090000045) : 29552.286395572744 
0066000047 (0021000046) : 30376.882902097113 
0089000048 (0066000047) : 30599.422360335902 
0098000049 (0089000048) : 30635.270984021114 
0066000050 (0098000049) : 30768.175941247886 
0097000051 (0066000050) : 31915.804032443673 
0092000052 (0097000051) : 31993.875745164743 
0041000053 (0092000052) : 34912.768977954795 
0058000054 (0041000053) : 34923.60266783774 
0048000055 (0058000054) : 37916.293684060445 
0044000056 (0048000055) : 38527.7905084066 
0005000057 (0044000056) : 38720.636692529224 
0088000058 (0005000057) : 40394.811112229974 
0037000059 (0088000058) : 40507.732658116554 
0041000060 (0037000059) : 41131.67597642116 
0021000061 (0041000060) : 42131.61762812357 
0047000062 (0021000061) : 43516.71884957389 
0041000063 (0047000062) : 44234.72058019322 
0013000064 (0041000063) : 45880.27340610241 
0046000065 (0013000064) : 46171.65558762899 
0017000066 (0046000065) : 46389.20112118252 
0099000067 (0017000066) : 46479.88701341674 
0071000068 (0099000067) : 46669.92042523472 
0021000069 (0071000068) : 48345.299815659266 
0022000070 (0021000069) : 49075.178258681175 
0025000071 (0022000070) : 49105.55514580496 
0084000072 (0025000071) : 49179.09075093316 
0064000073 (0084000072) : 49723.81791120745 
0050000074 (0064000073) : 50321.13486200731 
0054000075 (0050000074) : 51365.82450871836 
0099000076 (0054000075) : 51582.6046935493 
0021000077 (0099000076) : 51621.56506402389 
0062000078 (0021000077) : 52430.935219148756 
0096000079 (0062000078) : 53021.42217984007 
0005000080 (0096000079) : 54376.20054549561 
0021000081 (0005000080) : 54425.40275195845 
0044000082 (0021000081) : 54549.07243914191 
0084000083 (0044000082) : 55108.11157968775 
0080000084 (0084000083) : 56048.23556969502 
0058000085 (0080000084) : 56357.80068550638 
0087000086 (0058000085) : 56916.41175766579 
0071000087 (0087000086) : 58484.95989184151 
0015000088 (0071000087) : 59376.291100888775 
0038000089 (0015000088) : 60878.53262901697 
0004000090 (0038000089) : 61962.69015066902 
0089000091 (0004000090) : 62374.96208937185 
0051000092 (0089000091) : 63022.227683136865 
0062000093 (0051000092) : 63250.13144582609 
0042000094 (0062000093) : 63619.90937605146 
0072000095 (0042000094) : 63749.4391133773 
0049000096 (0072000095) : 63902.824539789806 
0026000097 (0049000096) : 65071.98494683734 
0092000098 (0026000097) : 66339.72343974654 
0065000099 (0092000098) : 67155.27189871125 
0029000100 (0065000099) : 67215.13016067357 
0063000101 (0029000100) : 67390.7333433076 
0036000102 (0063000101) : 67811.73046756827 
0096000103 (0036000102) : 68059.41334237215 
0067000104 (0096000103) : 68902.50109192831 
0022000105 (0067000104) : 69385.23550117167 
0040000106 (0022000105) : 69530.9342242805 
0078000107 (0040000106) : 70276.30866520335 
0021000108 (0078000107) : 70496.34514489872 
0088000109 (0021000108) : 71973.27658618682 
0028000110 (0088000109) : 73752.60371514641 
0045000111 (0028000110) : 75327.38684145281 
0034000112 (0045000111) : 76863.27224567844 
0092000113 (0034000112) : 77323.93968336534 
0088000114 (0092000113) : 77721.52616588368 
0061000115 (0088000114) : 79514.97550724281 
0048000116 (0061000115) : 80439.4951285445 
0020000117 (0048000116) : 80910.00340347695 
0021000118 (0020000117) : 82504.87645532425 
0013000119 (0021000118) : 83303.78330200908 
0064000120 (0013000119) : 83966.88957171536 
0018000121 (0064000120) : 84127.70354497775 
0021000122 (0018000121) : 84555.90354849811 
0097000123 (0021000122) : 84676.07630176409 
0041000124 (0097000123) : 85007.57538097422 
0006000125 (0041000124) : 85512.78700679484 
0089000126 (0006000125) : 86992.78520409565 
0053000127 (0089000126) : 87613.56710962224 
0004000128 (0053000127) : 88318.67366994148 
0023000129 (0004000128) : 88799.97369610131 
0051000130 (0023000129) : 89760.9759868304 
0090000131 (0051000130) : 90432.56768502122 
0063000132 (0090000131) : 90437.47500844067 
0000000133 (0063000132) : 91070.24094803633 
0065000134 (0000000133) : 91438.75246264035 
0052000135 (0065000134) : 92129.40068508455 
0088000136 (0052000135) : 94029.47966717632 
0023000137 (0088000136) : 94588.5025142036 
0021000138 (0023000137) : 97155.85678768656 
0086000139 (0021000138) : 97592.32499405177 
0082000140 (0086000139) : 98286.50491453038 
0086000141 (0082000140) : 98644.63383261251 
