0000000000 (genesis block) : 0 
0015000001 (0000000000) : 100.73067488793092 
0021000002 (0015000001) : 856.593606880174 
0082000003 (0021000002) : 923.8942683954325 
0079000004 (0082000003) : 2228.8629512774937 
0075000005 (0079000004) : 2687.0967382520826 
0047000006 (0075000005) : 4119.606139047638 
0070000007 (0047000006) : 4701.91414270346 
0021000008 (0070000007) : 4968.799130124215 
0089000009 (0021000008) : 5004.645163630756 
0021000010 (0089000009) : 5074.332668907386 
0059000011 (0021000010) : 5508.453323368348 
0056000012 (0059000011) : 5830.079450265625 
0047000013 (0056000012) : 6541.187970061023 
0008000014 (0047000013) : 7043.248308970543 
0053000015 (0008000014) : 7862.6903251386575 
0094000016 (0053000015) : 7899.945179286875 
0000000017 (0094000016) : 7985.431025630938 
0055000018 (0000000017) : 8235.58865608045 
0088000019 (0055000018) : 9211.33905497683 
0040000020 (0088000019) : 9731.363665618956 
0017000021 (0040000020) : 9736.574618832175 
0037000022 (0017000021) : 11640.462626544282 
0006000023 (0037000022) : 13138.815276430385 
0092000024 (0006000023) : 13556.312595188445 
0093000025 (0092000024) : 13620.347236251668 
0079000026 (0093000025) : 13754.261534906907 
0069000027 (0079000026) : 13922.147912241571 
0058000028 (0069000027) : 15692.409002197355 
0079000029 (0058000028) : 15987.423534864292 
0092000030 (0079000029) : 17255.967653591644 
0078000031 (0092000030) : 19036.467667338406 
0019000032 (0078000031) : 19780.496611980754 
0069000033 (0019000032) : 20693.28591077561 
0033000034 (0069000033) : 21963.625368556586 
0063000035 (0033000034) : 22040.341090216494 
0037000036 (0063000035) : 22824.251815826654 
0011000037 (0037000036) : 25378.75340988157 
0029000038 (0011000037) : 25960.464600229232 
0055000039 (0029000038) : 26615.403524347672 
0033000040 (0055000039) : 26761.68876710344 
0021000041 (0033000040) : 27546.461890417035 
0085000042 (0021000041) : 28056.223344708345 
0091000043 (0085000042) : 28601.68044266172 
0007000044 (0091000043) : 29084.379217119687 
0090000045 (0007000044) : 29172.856688009815 
0021000046 (0090000045) : 29552.165636517904 
0066000047 (0021000046) : 30376.76289293167 
0089000048 (0066000047) : 30599.54384020977 
0098000049 (0089000048) : 30635.149682127063 
0066000050 (0098000049) : 30768.055148633193 
0097000051 (0066000050) : 31915.68267945026 
0092000052 (0097000051) : 31993.92108258849 
0041000053 (0092000052) : 34912.68227314626 
0058000054 (0041000053) : 34923.48241722956 
0048000055 (0058000054) : 37916.1718483648 
0044000056 (0048000055) : 38527.80353760997 
0005000057 (0044000056) : 38720.63153682854 
0088000058 (0005000057) : 40394.69094314548 
0037000059 (0088000058) : 40507.78226848729 
0041000060 (0037000059) : 41131.588260961726 
0021000061 (0041000060) : 42131.496812130434 
0047000062 (0021000061) : 43516.59790177784 
0041000063 (0047000062) : 44234.636109536594 
0013000064 (0041000063) : 45880.30624501643 
0046000065 (0013000064) : 46171.53408549002 
0017000066 (0046000065) : 46389.079840701976 
0099000067 (0017000066) : 46479.78272786168 
0071000068 (0099000067) : 46669.81255540286 
0021000069 (0071000068) : 48345.1783885813 
0022000070 (0021000069) : 49075.30250274795 
0025000071 (0022000070) : 49105.67544610508 
0084000072 (0025000071) : 49179.111598349795 
0064000073 (0084000072) : 49723.69380893043 
0050000074 (0064000073) : 50321.01404999253 
0054000075 (0050000074) : 51365.9464172635 
0099000076 (0054000075) : 51582.49922043128 
0021000077 (0099000076) : 51621.444269949556 
0062000078 (0021000077) : 52430.80997737012 
0096000079 (0062000078) : 53021.519568200056 
0005000080 (0096000079) : 54376.19400493988 
0021000081 (0005000080) : 54425.2827422575 
0044000082 (0021000081) : 54549.088454452096 
0084000083 (0044000082) : 55108.131007159616 
0080000084 (0084000083) : 56048.128603507095 
0058000085 (0080000084) : 56357.67784193463 
0087000086 (0058000085) : 56916.29110330637 
0071000087 (0087000086) : 58484.85205056868 
0015000088 (0071000087) : 59376.4126604793 
0038000089 (0015000088) : 60878.51738899865 
0004000090 (0038000089) : 61962.78590374179 
0089000091 (0004000090) : 62375.08241973514 
0051000092 (0089000091) : 63022.10414913355 
0062000093 (0051000092) : 63250.00999786653 
0042000094 (0062000093) : 63619.7881798752 
0072000095 (0042000094) : 63749.32847642763 
0049000096 (0072000095) : 63902.75500819788 
0026000097 (0049000096) : 65071.86337292844 
0092000098 (0026000097) : 66339.77241742212 
0065000099 (0092000098) : 67155.14809829861 
0029000100 (0065000099) : 67215.05277266774 
0063000101 (0029000100) : 67390.61116584175 
0036000102 (0063000101) : 67811.80151127111 
0096000103 (0036000102) : 68059.50827312714 
0067000104 (0096000103) : 68902.380036214 
0022000105 (0067000104) : 69385.35641046014 
0040000106 (0022000105) : 69530.81175273203 
0078000107 (0040000106) : 70276.37842887784 
0021000108 (0078000107) : 70496.22335900387 
0088000109 (0021000108) : 71973.1557000849 
0028000110 (0088000109) : 73752.50235476873 
0045000111 (0028000110) : 75327.2651596356 
0034000112 (0045000111) : 76863.1521377562 
0092000113 (0034000112) : 77323.98859399583 
0088000114 (0092000113) : 77721.40405543883 
0061000115 (0088000114) : 79514.85355328173 
0048000116 (0061000115) : 80439.37395904321 
0020000117 (0048000116) : 80910.09834904673 
0021000118 (0020000117) : 82504.75328359393 
0013000119 (0021000118) : 83303.8144348976 
0064000120 (0013000119) : 83966.76694423336 
0018000121 (0064000120) : 84127.5787217543 
0021000122 (0018000121) : 84555.77969513969 
0097000123 (0021000122) : 84675.95273558144 
0041000124 (0097000123) : 85007.48733497196 
0006000125 (0041000124) : 85512.9109582008 
0089000126 (0006000125) : 86992.90675248206 
0053000127 (0089000126) : 87613.55258002166 
0004000128 (0053000127) : 88318.76775053669 
0023000129 (0004000128) : 88799.91755522364 
0051000130 (0023000129) : 89760.85528290764 
0090000131 (0051000130) : 90432.44665542396 
0063000132 (0090000131) : 90437.35234452196 
0000000133 (0063000132) : 91070.36512313165 
0065000134 (0000000133) : 91438.6318783128 
0052000135 (0065000134) : 92129.49450273953 
0088000136 (0052000135) : 94029.35912876079 
0023000137 (0088000136) : 94588.44482615938 
0021000138 (0023000137) : 97155.73572323783 
0086000139 (0021000138) : 97592.20255487354 
0082000140 (0086000139) : 98286.39469787256 
0086000141 (0082000140) : 98644.51325000597 
