0000000000 (genesis block) : 0 
0015000001 (0000000000) : 101.11151360880648 
0021000002 (0015000001) : 856.7802301928175 
0082000003 (0021000002) : 924.0257781915287 
0079000004 (0082000003) : 2229.0611682381837 
0075000005 (0079000004) : 2686.503705383697 
0047000006 (0075000005) : 4120.0970631233895 
0070000007 (0047000006) : 4702.3574435821865 
0021000008 (0070000007) : 4968.987731107096 
0089000009 (0021000008) : 5005.017945366969 
0021000010 (0089000009) : 5074.516397238504 
0059000011 (0021000010) : 5509.011350402428 
0056000012 (0059000011) : 5830.087073799409 
0047000013 (0056000012) : 6541.676689227258 
0008000014 (0047000013) : 7043.72455929 
0053000015 (0008000014) : 7862.704368243789 
0094000016 (0053000015) : 7900.097850698997 
0000000017 (0094000016) : 7985.983262539412 
0055000018 (0000000017) : 8236.058227161384 
0088000019 (0055000018) : 9211.580650082462 
0040000020 (0088000019) : 9731.754830236749 
0017000021 (0040000020) : 9736.739921407732 
0037000022 (0017000021) : 11640.506101230896 
0006000023 (0037000022) : 13139.20004201713 
0092000024 (0006000023) : 13556.704484630254 
0093000025 (0092000024) : 13620.739528062804 
0079000026 (0093000025) : 13754.458552507505 
0069000027 (0079000026) : 13922.29296294991 
0058000028 (0069000027) : 15692.83792352347 
0079000029 (0058000028) : 15987.623377164551 
0092000030 (0079000029) : 17256.357141808665 
0078000031 (0092000030) : 19036.494380226435 
0019000032 (0078000031) : 19781.088606952228 
0069000033 (0019000032) : 20693.43629694792 
0033000034 (0069000033) : 21963.751625999168 
0063000035 (0033000034) : 22040.72426991194 
0037000036 (0063000035) : 22824.30646582608 
0011000037 (0037000036) : 25379.056445119368 
0029000038 (0011000037) : 25960.894042469397 
0055000039 (0029000038) : 26615.872350397596 
0033000040 (0055000039) : 26761.815198424818 
0021000041 (0033000040) : 27546.652629543238 
0085000042 (0021000041) : 28056.332756361673 
0091000043 (0085000042) : 28601.984461045595 
0007000044 (0091000043) : 29084.702951328163 
0090000045 (0007000044) : 29173.348575988282 
0021000046 (0090000045) : 29552.35182356939 
0066000047 (0021000046) : 30377.061424846543 
0089000048 (0066000047) : 30599.919298974062 
0098000049 (0089000048) : 30635.554714142218 
0066000050 (0098000049) : 30768.34998889157 
0097000051 (0066000050) : 31915.923670149063 
0092000052 (0097000051) : 31994.307510803395 
0041000053 (0092000052) : 34912.64795073662 
0058000054 (0041000053) : 34923.91056784968 
0048000055 (0058000054) : 37916.224368560805 
0044000056 (0048000055) : 38528.21321935657 
0005000057 (0044000056) : 38720.77400639068 
0088000058 (0005000057) : 40394.92875191215 
0037000059 (0088000058) : 40507.83129304587 
0041000060 (0037000059) : 41131.556267195985 
0021000061 (0041000060) : 42131.685534027594 
0047000062 (0021000061) : 43517.091428540465 
0041000063 (0047000062) : 44234.59864550193 
0013000064 (0041000063) : 45880.539848290224 
0046000065 (0013000064) : 46171.924077151714 
0017000066 (0046000065) : 46389.24942564613 
0099000067 (0017000066) : 46480.22154625582 
0071000068 (0099000067) : 46669.476223050704 
0021000069 (0071000068) : 48345.36827518848 
0022000070 (0021000069) : 49075.858648482674 
0025000071 (0022000070) : 49105.888510437915 
0084000072 (0025000071) : 49179.57985120102 
0064000073 (0084000072) : 49724.1961435865 
0050000074 (0064000073) : 50321.47645824599 
0054000075 (0050000074) : 51366.49841064197 
0099000076 (0054000075) : 51582.940704060784 
0021000077 (0099000076) : 51621.63422678661 
0062000078 (0021000077) : 52431.251021231925 
0096000079 (0062000078) : 53022.07629380911 
0005000080 (0096000079) : 54376.3432502821 
0021000081 (0005000080) : 54425.47150478182 
0044000082 (0021000081) : 54549.49786654677 
0084000083 (0044000082) : 55108.598762060414 
0080000084 (0084000083) : 56048.26051152313 
0058000085 (0080000084) : 56358.10203223858 
0087000086 (0058000085) : 56916.71928369877 
0071000087 (0087000086) : 58484.51448024164 
0015000088 (0071000087) : 59376.79064612949 
0038000089 (0015000088) : 60878.92606441054 
0004000090 (0038000089) : 61962.819970575314 
0089000091 (0004000090) : 62375.46021281108 
0051000092 (0089000091) : 63022.54476683541 
0062000093 (0051000092) : 63250.45203215698 
0042000094 (0062000093) : 63619.98185866155 
0072000095 (0042000094) : 63749.49592034066 
0049000096 (0072000095) : 63903.177219523306 
0026000097 (0049000096) : 65072.29034769078 
0092000098 (0026000097) : 66340.15908013933 
0065000099 (0092000098) : 67155.61995377757 
0029000100 (0065000099) : 67215.48108936322 
0063000101 (0029000100) : 67390.99173108343 
0036000102 (0063000101) : 67812.00446670831 
0096000103 (0036000102) : 68060.06690572038 
0067000104 (0096000103) : 68902.58889029174 
0022000105 (0067000104) : 69385.91782078058 
0040000106 (0022000105) : 69531.19940380409 
0078000107 (0040000106) : 70276.40559459895 
0021000108 (0078000107) : 70496.41344654192 
0088000109 (0021000108) : 71973.39676228364 
0028000110 (0088000109) : 73752.88189065296 
0045000111 (0028000110) : 75327.5177522958 
0034000112 (0045000111) : 76863.74947125225 
0092000113 (0034000112) : 77324.37759240932 
0088000114 (0092000113) : 77721.64804270916 
0061000115 (0088000114) : 79515.29264572657 
0048000116 (0061000115) : 80439.42677588499 
0020000117 (0048000116) : 80910.13006637554 
0021000118 (0020000117) : 82504.94230580982 
0013000119 (0021000118) : 83304.052737045 
0064000120 (0013000119) : 83967.27300917052 
0018000121 (0064000120) : 84127.9886359731 
0021000122 (0018000121) : 84555.96907307848 
0097000123 (0021000122) : 84676.19825859039 
0041000124 (0097000123) : 85007.45397322965 
0006000125 (0041000124) : 85513.29340567032 
0089000126 (0006000125) : 86993.28537144672 
0053000127 (0089000126) : 87613.56574283869 
0004000128 (0053000127) : 88318.79973784991 
0023000129 (0004000128) : 88800.24877051255 
0051000130 (0023000129) : 89761.29639547603 
0090000131 (0051000130) : 90432.93619979183 
0063000132 (0090000131) : 90437.73297472644 
0000000133 (0063000132) : 91070.91725095786 
0065000134 (0000000133) : 91439.10011541989 
0052000135 (0065000134) : 92129.53051177428 
0088000136 (0052000135) : 94029.60085929572 
0023000137 (0088000136) : 94588.77751637094 
0021000138 (0023000137) : 97155.92481171605 
0086000139 (0021000138) : 97592.23349520077 
0082000140 (0086000139) : 98286.52964053144 
0086000141 (0082000140) : 98644.54340211126 
