0000000000 (genesis block) : 0 
0015000001 (0000000000) : 100.63731377948154 
0021000002 (0015000001) : 856.6930713285165 
0082000003 (0021000002) : 923.9517745336062 
0079000004 (0082000003) : 2228.752133099144 
0075000005 (0079000004) : 2687.150989558418 
0047000006 (0075000005) : 4119.657499985352 
0070000007 (0047000006) : 4701.964282952223 
0021000008 (0070000007) : 4968.900370523246 
0089000009 (0021000008) : 5004.6034250903 
0021000010 (0089000009) : 5074.430939612172 
0059000011 (0021000010) : 5508.67220576071 
0056000012 (0059000011) : 5830.125989427055 
0047000013 (0056000012) : 6541.23639692215 
0008000014 (0047000013) : 7043.335428406035 
0053000015 (0008000014) : 7862.741658940437 
0094000016 (0053000015) : 7899.725041267037 
0000000017 (0094000016) : 7985.565704958081 
0055000018 (0000000017) : 8235.597610890281 
0088000019 (0055000018) : 9211.316943203148 
0040000020 (0088000019) : 9731.417440722142 
0017000021 (0040000020) : 9736.703411357064 
0037000022 (0017000021) : 11640.278991097934 
0006000023 (0037000022) : 13138.782167890728 
0092000024 (0006000023) : 13556.364215164944 
0093000025 (0092000024) : 13620.12191134311 
0079000026 (0093000025) : 13754.147684954649 
0069000027 (0079000026) : 13922.038307295423 
0058000028 (0069000027) : 15692.187741713857 
0079000029 (0058000028) : 15987.31130131365 
0092000030 (0079000029) : 17256.020617831455 
0078000031 (0092000030) : 19036.36107519628 
0019000032 (0078000031) : 19780.719622724984 
0069000033 (0019000032) : 20693.179275781727 
0033000034 (0069000033) : 21963.521217679765 
0063000035 (0033000034) : 22040.351823727833 
0037000036 (0063000035) : 22824.070437451333 
0011000037 (0037000036) : 25378.530120982672 
0029000038 (0011000037) : 25960.280799213047 
0055000039 (0029000038) : 26615.410459813913 
0033000040 (0055000039) : 26761.5859392432 
0021000041 (0033000040) : 27546.563904232367 
0085000042 (0021000041) : 28056.114831891664 
0091000043 (0085000042) : 28601.767573767924 
0007000044 (0091000043) : 29084.4312833212 
0090000045 (0007000044) : 29172.90786107247 
0021000046 (0090000045) : 29552.265449176513 
0066000047 (0021000046) : 30376.69023946389 
0089000048 (0066000047) : 30599.50180299814 
0098000049 (0089000048) : 30635.27976396954 
0066000050 (0098000049) : 30767.982619740636 
0097000051 (0066000050) : 31915.73871533978 
0092000052 (0097000051) : 31993.971159532928 
0041000053 (0092000052) : 34912.812353956404 
0058000054 (0041000053) : 34923.26129017272 
0048000055 (0058000054) : 37916.0614312941 
0044000056 (0048000055) : 38527.80495946171 
0005000057 (0044000056) : 38720.76180151829 
0088000058 (0005000057) : 40394.66641453328 
0037000059 (0088000058) : 40507.602869206305 
0041000060 (0037000059) : 41131.71902781742 
0021000061 (0041000060) : 42131.60050812513 
0047000062 (0021000061) : 43516.6514294345 
0041000063 (0047000062) : 44234.76273847863 
0013000064 (0041000063) : 45880.17808489289 
0046000065 (0013000064) : 46171.58618081472 
0017000066 (0046000065) : 46389.20998814861 
0099000067 (0017000066) : 46479.8331545177 
0071000068 (0099000067) : 46669.86697520463 
0021000069 (0071000068) : 48345.28250939869 
0022000070 (0021000069) : 49075.52224888219 
0025000071 (0022000070) : 49105.61617587478 
0084000072 (0025000071) : 49179.19022979701 
0064000073 (0084000072) : 49723.745405383655 
0050000074 (0064000073) : 50321.1447529713 
0054000075 (0050000074) : 51366.16756416815 
0099000076 (0054000075) : 51582.55123621342 
0021000077 (0099000076) : 51621.55002332832 
0062000078 (0021000077) : 52430.87057892176 
0096000079 (0062000078) : 53021.74074114646 
0005000080 (0096000079) : 54376.32321924427 
0021000081 (0005000080) : 54425.385395286605 
0044000082 (0021000081) : 54549.089556462546 
0084000083 (0044000082) : 55108.20921982965 
0080000084 (0084000083) : 56048.18409717576 
0058000085 (0080000084) : 56357.45608002894 
0087000086 (0058000085) : 56916.11295656102 
0071000087 (0087000086) : 58484.91125772176 
0015000088 (0071000087) : 59376.31672102083 
0038000089 (0015000088) : 60878.51812865579 
0004000090 (0038000089) : 61962.8406185095 
0089000091 (0004000090) : 62375.04051988759 
0051000092 (0089000091) : 63022.27375267532 
0062000093 (0051000092) : 63250.068060167374 
0042000094 (0062000093) : 63619.89054773507 
0072000095 (0042000094) : 63749.3892168 
0049000096 (0072000095) : 63902.57022618164 
0026000097 (0049000096) : 65071.641125386916 
0092000098 (0026000097) : 66339.82597750735 
0065000099 (0092000098) : 67155.2291622486 
0029000100 (0065000099) : 67214.87428867449 
0063000101 (0029000100) : 67390.61738965928 
0036000102 (0063000101) : 67811.5947253049 
0096000103 (0036000102) : 68059.73158249643 
0067000104 (0096000103) : 68902.43448587552 
0022000105 (0067000104) : 69385.58439711861 
0040000106 (0022000105) : 69530.86121042682 
0078000107 (0040000106) : 70276.26930395774 
0021000108 (0078000107) : 70496.32698070229 
0088000109 (0021000108) : 71973.13338426939 
0028000110 (0088000109) : 73752.5449618943 
0045000111 (0028000110) : 75327.29692614838 
0034000112 (0045000111) : 76863.37824559482 
0092000113 (0034000112) : 77324.03942166874 
0088000114 (0092000113) : 77721.38078660973 
0061000115 (0088000114) : 79515.0758684082 
0048000116 (0061000115) : 80439.26513915502 
0020000117 (0048000116) : 80910.15603143407 
0021000118 (0020000117) : 82504.8565308283 
0013000119 (0021000118) : 83303.68602837341 
0064000120 (0013000119) : 83966.82003622092 
0018000121 (0064000120) : 84127.62899249126 
0021000122 (0018000121) : 84555.88168329485 
0097000123 (0021000122) : 84676.00474596786 
0041000124 (0097000123) : 85007.6186335655 
0006000125 (0041000124) : 85512.87855157735 
0089000126 (0006000125) : 86992.86758365735 
0053000127 (0089000126) : 87613.60402217563 
0004000128 (0053000127) : 88318.82393099426 
0023000129 (0004000128) : 88800.01859304812 
0051000130 (0023000129) : 89761.02205847926 
0090000131 (0051000130) : 90432.49786899076 
0063000132 (0090000131) : 90437.36176589096 
0000000133 (0063000132) : 91070.49740759342 
0065000134 (0000000133) : 91438.71042872965 
0052000135 (0065000134) : 92129.54850762403 
0088000136 (0052000135) : 94029.34080428732 
0023000137 (0088000136) : 94588.54452740535 
0021000138 (0023000137) : 97155.838676959 
0086000139 (0021000138) : 97592.089842295 
0082000140 (0086000139) : 98286.45284990656 
0086000141 (0082000140) : 98644.40372112315 
