0000000000 (genesis block) : 0 
0015000001 (0000000000) : 100.91691676136195 
0021000002 (0015000001) : 856.5588700107284 
0082000003 (0021000002) : 923.7085836598095 
0079000004 (0082000003) : 2228.996427980325 
0075000005 (0079000004) : 2687.1327350059596 
0047000006 (0075000005) : 4119.473720692279 
0070000007 (0047000006) : 4702.048952932157 
0021000008 (0070000007) : 4968.7609750765305 
0089000009 (0021000008) : 5004.832425880912 
0021000010 (0089000009) : 5074.293488644147 
0059000011 (0021000010) : 5508.627007194723 
0056000012 (0059000011) : 5830.066998459253 
0047000013 (0056000012) : 6541.0518088122735 
0008000014 (0047000013) : 7043.152511346106 
0053000015 (0008000014) : 7862.673699900339 
0094000016 (0053000015) : 7899.863926269374 
0000000017 (0094000016) : 7985.617624073727 
0055000018 (0000000017) : 8235.595718471808 
0088000019 (0055000018) : 9211.22639183043 
0040000020 (0088000019) : 9731.344218420758 
0017000021 (0040000020) : 9736.762350602501 
0037000022 (0017000021) : 11640.593307064457 
0006000023 (0037000022) : 13139.002739012 
0092000024 (0006000023) : 13556.292212503331 
0093000025 (0092000024) : 13620.469605441353 
0079000026 (0093000025) : 13754.390490295315 
0069000027 (0079000026) : 13922.045911938341 
0058000028 (0069000027) : 15692.54139357488 
0079000029 (0058000028) : 15987.558104494658 
0092000030 (0079000029) : 17255.94512216262 
0078000031 (0092000030) : 19036.280645129682 
0019000032 (0078000031) : 19780.682545795364 
0069000033 (0019000032) : 20693.185382568136 
0033000034 (0069000033) : 21963.81090306352 
0063000035 (0033000034) : 22040.275495361584 
0037000036 (0063000035) : 22824.3865998466 
0011000037 (0037000036) : 25378.868496569314 
0029000038 (0011000037) : 25960.530370208988 
0055000039 (0029000038) : 26615.414194880945 
0033000040 (0055000039) : 26761.87559164278 
0021000041 (0033000040) : 27546.42620834111 
0085000042 (0021000041) : 28056.355948244425 
0091000043 (0085000042) : 28601.698672553466 
0007000044 (0091000043) : 29084.505876265244 
0090000045 (0007000044) : 29172.838405278166 
0021000046 (0090000045) : 29552.134718323316 
0066000047 (0021000046) : 30376.78099326732 
0089000048 (0066000047) : 30599.729815916464 
0098000049 (0089000048) : 30635.272005106348 
0066000050 (0098000049) : 30768.072562006008 
0097000051 (0066000050) : 31915.66285362701 
0092000052 (0097000051) : 31993.899383387125 
0041000053 (0092000052) : 34912.8693681027 
0058000054 (0041000053) : 34923.61151412617 
0048000055 (0058000054) : 37916.30547250202 
0044000056 (0048000055) : 38527.61775027517 
0005000057 (0044000056) : 38720.77441881622 
0088000058 (0005000057) : 40394.57586994463 
0037000059 (0088000058) : 40507.915894082376 
0041000060 (0037000059) : 41131.775920378146 
0021000061 (0041000060) : 42131.46169164527 
0047000062 (0021000061) : 43516.46673518112 
0041000063 (0047000062) : 44234.825272409 
0013000064 (0041000063) : 45880.29448139528 
0046000065 (0013000064) : 46171.47225010729 
0017000066 (0046000065) : 46389.26815867057 
0099000067 (0017000066) : 46479.64949013862 
0071000068 (0099000067) : 46669.62422168512 
0021000069 (0071000068) : 48345.14418273803 
0022000070 (0021000069) : 49075.48919036458 
0025000071 (0022000070) : 49105.71864896124 
0084000072 (0025000071) : 49178.98952011056 
0064000073 (0084000072) : 49723.82837442967 
0050000074 (0064000073) : 50321.20055156896 
0054000075 (0050000074) : 51366.13277664425 
0099000076 (0054000075) : 51582.36863897525 
0021000077 (0099000076) : 51621.41034815834 
0062000078 (0021000077) : 52430.622507490974 
0096000079 (0062000078) : 53021.705784139034 
0005000080 (0096000079) : 54376.34122432477 
0021000081 (0005000080) : 54425.247635671614 
0044000082 (0021000081) : 54548.90209527453 
0084000083 (0044000082) : 55108.01158335856 
0080000084 (0084000083) : 56047.94074761382 
0058000085 (0080000084) : 56357.80852159933 
0087000086 (0058000085) : 56916.35400828267 
0071000087 (0087000086) : 58484.664679025285 
0015000088 (0071000087) : 59376.59955266991 
0038000089 (0015000088) : 60878.33076729127 
0004000090 (0038000089) : 61962.83964859225 
0089000091 (0004000090) : 62375.2745116978 
0051000092 (0089000091) : 63021.91695173612 
0062000093 (0051000092) : 63249.8233325201 
0042000094 (0062000093) : 63619.75352121424 
0072000095 (0042000094) : 63749.14246138779 
0049000096 (0072000095) : 63902.774496820704 
0026000097 (0049000096) : 65071.993667652445 
0092000098 (0026000097) : 66339.75555425546 
0065000099 (0092000098) : 67155.02619174437 
0029000100 (0065000099) : 67215.1165843114 
0063000101 (0029000100) : 67390.54328399566 
0036000102 (0063000101) : 67811.9385713958 
0096000103 (0036000102) : 68059.69430643966 
0067000104 (0096000103) : 68902.35950319092 
0022000105 (0067000104) : 69385.54271129981 
0040000106 (0022000105) : 69530.7896938259 
0078000107 (0040000106) : 70276.18985731411 
0021000108 (0078000107) : 70496.19216435387 
0088000109 (0021000108) : 71973.04350228907 
0028000110 (0088000109) : 73752.48434645165 
0045000111 (0028000110) : 75327.24542529335 
0034000112 (0045000111) : 76863.33776206998 
0092000113 (0034000112) : 77323.96558950694 
0088000114 (0092000113) : 77721.29520298773 
0061000115 (0088000114) : 79514.84179984426 
0048000116 (0061000115) : 80439.50934476407 
0020000117 (0048000116) : 80910.06418861807 
0021000118 (0020000117) : 82504.71879564121 
0013000119 (0021000118) : 83303.80904624965 
0064000120 (0013000119) : 83966.90451615328 
0018000121 (0064000120) : 84127.71314647488 
0021000122 (0018000121) : 84555.74571467495 
0097000123 (0021000122) : 84675.93101995286 
0041000124 (0097000123) : 85007.67494129026 
0006000125 (0041000124) : 85513.09928704242 
0089000126 (0006000125) : 86993.09313238547 
0053000127 (0089000126) : 87613.53423295708 
0004000128 (0053000127) : 88318.82019552632 
0023000129 (0004000128) : 88800.10406700359 
0051000130 (0023000129) : 89760.6698488154 
0090000131 (0051000130) : 90432.4266609484 
0063000132 (0090000131) : 90437.28513515163 
0000000133 (0063000132) : 91070.55049625668 
0065000134 (0000000133) : 91438.50851401134 
0052000135 (0065000134) : 92129.55151570086 
0088000136 (0052000135) : 94029.24682218942 
0023000137 (0088000136) : 94588.63209344112 
0021000138 (0023000137) : 97155.70183363449 
0086000139 (0021000138) : 97592.16188005569 
0082000140 (0086000139) : 98286.20878941407 
0086000141 (0082000140) : 98644.4733665895 
