0000000000 (genesis block) : 0 
0015000001 (0000000000) : 100.72072172170823 
0021000002 (0015000001) : 856.8235857676233 
0082000003 (0021000002) : 924.0748476510926 
0079000004 (0082000003) : 2228.6810145402656 
0075000005 (0079000004) : 2687.2857997016167 
0047000006 (0075000005) : 4119.835701845766 
0070000007 (0047000006) : 4702.024055254086 
0021000008 (0070000007) : 4969.030671055168 
0089000009 (0021000008) : 5004.633311829499 
0021000010 (0089000009) : 5074.565367401753 
0059000011 (0021000010) : 5508.443070313359 
0056000012 (0059000011) : 5830.3111666815485 
0047000013 (0056000012) : 6541.416919213203 
0008000014 (0047000013) : 7043.238537051452 
0053000015 (0008000014) : 7862.813625750975 
0094000016 (0053000015) : 7900.152466776647 
0000000017 (0094000016) : 7985.419832762358 
0055000018 (0000000017) : 8235.818714649462 
0088000019 (0055000018) : 9211.569044446105 
0040000020 (0088000019) : 9731.59374550387 
0017000021 (0040000020) : 9736.80342201999 
0037000022 (0017000021) : 11640.298640136578 
0006000023 (0037000022) : 13138.801946916454 
0092000024 (0006000023) : 13556.377303541067 
0093000025 (0092000024) : 13620.355253198968 
0079000026 (0093000025) : 13754.075604934713 
0069000027 (0079000026) : 13921.967914710696 
0058000028 (0069000027) : 15692.60999854067 
0079000029 (0058000028) : 15987.240471724825 
0092000030 (0079000029) : 17256.03007391348 
0078000031 (0092000030) : 19036.383519540846 
0019000032 (0078000031) : 19780.663679009827 
0069000033 (0019000032) : 20693.106961359506 
0033000034 (0069000033) : 21963.54059665962 
0063000035 (0033000034) : 22040.570529649838 
0037000036 (0063000035) : 22824.093115152922 
0011000037 (0037000036) : 25378.98291059932 
0029000038 (0011000037) : 25960.4271956659 
0055000039 (0029000038) : 26615.63301711326 
0033000040 (0055000039) : 26761.605993202043 
0021000041 (0033000040) : 27546.69247090663 
0085000042 (0021000041) : 28056.30501398794 
0091000043 (0085000042) : 28601.914525260796 
0007000044 (0091000043) : 29084.61160811801 
0090000045 (0007000044) : 29173.08660325337 
0021000046 (0090000045) : 29552.39493401489 
0066000047 (0021000046) : 30376.99273292157 
0089000048 (0066000047) : 30599.531106888047 
0098000049 (0089000048) : 30635.380858317403 
0066000050 (0098000049) : 30768.28494390388 
0097000051 (0066000050) : 31915.91286918349 
0092000052 (0097000051) : 31993.98494780729 
0041000053 (0092000052) : 34912.8781122389 
0058000054 (0041000053) : 34923.68314321693 
0048000055 (0058000054) : 37916.19801597675 
0044000056 (0048000055) : 38527.86374819947 
0005000057 (0044000056) : 38720.5264559858 
0088000058 (0005000057) : 40394.919487580126 
0037000059 (0088000058) : 40507.62424881831 
0041000060 (0037000059) : 41131.785415355356 
0021000061 (0041000060) : 42131.72635976524 
0047000062 (0021000061) : 43516.828290621095 
0041000063 (0047000062) : 44234.829529370785 
0013000064 (0041000063) : 45880.20696384299 
0046000065 (0013000064) : 46171.76470881043 
0017000066 (0046000065) : 46389.31291178145 
0099000067 (0017000066) : 46479.99550096841 
0071000068 (0099000067) : 46669.9724461298 
0021000069 (0071000068) : 48345.40931626485 
0022000070 (0021000069) : 49075.28761544427 
0025000071 (0022000070) : 49105.665416846605 
0084000072 (0025000071) : 49179.201024242706 
0064000073 (0084000072) : 49723.926327152956 
0050000074 (0064000073) : 50321.244204692 
0054000075 (0050000074) : 51365.71563629687 
0099000076 (0054000075) : 51582.713488144596 
0021000077 (0099000076) : 51621.67467234465 
0062000078 (0021000077) : 52431.043936557995 
0096000079 (0062000078) : 53021.53068134181 
0005000080 (0096000079) : 54376.089805386364 
0021000081 (0005000080) : 54425.511345589155 
0044000082 (0021000081) : 54549.14727721288 
0084000083 (0044000082) : 55108.22040774673 
0080000084 (0084000083) : 56048.31134621003 
0058000085 (0080000084) : 56357.88024034776 
0087000086 (0058000085) : 56916.431911027576 
0071000087 (0087000086) : 58485.01247497609 
0015000088 (0071000087) : 59376.40001040561 
0038000089 (0015000088) : 60878.608018716375 
0004000090 (0038000089) : 61962.80010064664 
0089000091 (0004000090) : 62375.071201377956 
0051000092 (0089000091) : 63022.33648109766 
0062000093 (0051000092) : 63250.24014629583 
0042000094 (0062000093) : 63620.01781805599 
0072000095 (0042000094) : 63749.51394286359 
0049000096 (0072000095) : 63902.714911686184 
0026000097 (0049000096) : 65072.06568781819 
0092000098 (0026000097) : 66339.83194830957 
0065000099 (0092000098) : 67155.38069993418 
0029000100 (0065000099) : 67215.01897452955 
0063000101 (0029000100) : 67390.84221148347 
0036000102 (0063000101) : 67811.61864006333 
0096000103 (0036000102) : 68059.5222182446 
0067000104 (0096000103) : 68902.61000187193 
0022000105 (0067000104) : 69385.34405176746 
0040000106 (0022000105) : 69531.04492846149 
0078000107 (0040000106) : 70276.30084040746 
0021000108 (0078000107) : 70496.45713569524 
0088000109 (0021000108) : 71973.38530415087 
0028000110 (0088000109) : 73752.6219603898 
0045000111 (0028000110) : 75327.49547147902 
0034000112 (0045000111) : 76863.38240868665 
0092000113 (0034000112) : 77324.04870174277 
0088000114 (0092000113) : 77721.6351375589 
0061000115 (0088000114) : 79515.08472494147 
0048000116 (0061000115) : 80439.4019754969 
0020000117 (0048000116) : 80910.11191110262 
0021000118 (0020000117) : 82504.98498707286 
0013000119 (0021000118) : 83303.71258074747 
0064000120 (0013000119) : 83966.99845355483 
0018000121 (0064000120) : 84127.60632744989 
0021000122 (0018000121) : 84556.01238989111 
0097000123 (0021000122) : 84676.18498986421 
0041000124 (0097000123) : 85007.6844518682 
0006000125 (0041000124) : 85512.8956481851 
0089000126 (0006000125) : 86992.895012011 
0053000127 (0089000126) : 87613.67640025222 
0004000128 (0053000127) : 88318.78372008288 
0023000129 (0004000128) : 88800.03984666911 
0051000130 (0023000129) : 89761.08634874143 
0090000131 (0051000130) : 90432.67635757716 
0063000132 (0090000131) : 90437.58492633996 
0000000133 (0063000132) : 91070.34973794839 
0065000134 (0000000133) : 91438.8614257191 
0052000135 (0065000134) : 92129.51020075718 
0088000136 (0052000135) : 94029.58820050776 
0023000137 (0088000136) : 94588.56641254194 
0021000138 (0023000137) : 97155.96526187153 
0086000139 (0021000138) : 97592.43976747394 
0082000140 (0086000139) : 98286.58016419473 
0086000141 (0082000140) : 98644.74270000384 
