0000000000 (genesis block) : 0 
0015000001 (0000000000) : 101.06070179487709 
0021000002 (0015000001) : 856.8143011327428 
0082000003 (0021000002) : 923.9664651389543 
0079000004 (0082000003) : 2228.949636062956 
0075000005 (0079000004) : 2687.2831414140796 
0047000006 (0075000005) : 4119.670296291733 
0070000007 (0047000006) : 4701.842054732822 
0021000008 (0070000007) : 4969.016211728107 
0089000009 (0021000008) : 5004.970451703647 
0021000010 (0089000009) : 5074.548177307409 
0059000011 (0021000010) : 5508.8260525413825 
0056000012 (0059000011) : 5830.1781968666355 
0047000013 (0056000012) : 6541.2528849979135 
0008000014 (0047000013) : 7043.3515077144675 
0053000015 (0008000014) : 7862.792371811074 
0094000016 (0053000015) : 7900.023554779626 
0000000017 (0094000016) : 7985.759288732288 
0055000018 (0000000017) : 8235.514929341933 
0088000019 (0055000018) : 9211.373977303832 
0040000020 (0088000019) : 9731.330610143921 
0017000021 (0040000020) : 9736.872701691114 
0037000022 (0017000021) : 11640.67943407391 
0006000023 (0037000022) : 13139.155312052082 
0092000024 (0006000023) : 13556.277801781009 
0093000025 (0092000024) : 13620.55863379446 
0079000026 (0093000025) : 13754.343001317478 
0069000027 (0079000026) : 13922.177414519476 
0058000028 (0069000027) : 15692.625273746999 
0079000029 (0058000028) : 15987.50838866972 
0092000030 (0079000029) : 17255.930731604094 
0078000031 (0092000030) : 19036.459823682002 
0019000032 (0078000031) : 19780.885643246143 
0069000033 (0019000032) : 20693.319060569702 
0033000034 (0069000033) : 21963.857430713597 
0063000035 (0033000034) : 22040.270151972632 
0037000036 (0063000035) : 22824.472080997464 
0011000037 (0037000036) : 25378.975732486095 
0029000038 (0011000037) : 25960.611828466972 
0055000039 (0029000038) : 26615.331226198377 
0033000040 (0055000039) : 26761.920015571584 
0021000041 (0033000040) : 27546.681020734293 
0085000042 (0021000041) : 28056.443610431055 
0091000043 (0085000042) : 28601.901938442683 
0007000044 (0091000043) : 29084.309563749117 
0090000045 (0007000044) : 29172.92260433478 
0021000046 (0090000045) : 29552.387863259642 
0066000047 (0021000046) : 30376.7407955509 
0089000048 (0066000047) : 30599.870346064577 
0098000049 (0089000048) : 30635.447138271393 
0066000050 (0098000049) : 30768.032653353173 
0097000051 (0066000050) : 31915.71764678847 
0092000052 (0097000051) : 31993.882238591807 
0041000053 (0092000052) : 34912.86902871904 
0058000054 (0041000053) : 34923.697542798254 
0048000055 (0058000054) : 37916.38965365907 
0044000056 (0048000055) : 38527.945470013714 
0005000057 (0044000056) : 38720.92719822331 
0088000058 (0005000057) : 40394.72139684469 
0037000059 (0088000058) : 40508.00194603161 
0041000060 (0037000059) : 41131.777230727224 
0021000061 (0041000060) : 42131.72054019674 
0047000062 (0021000061) : 43516.664222338746 
0041000063 (0047000062) : 44234.820804193805 
0013000064 (0041000063) : 45880.2795428172 
0046000065 (0013000064) : 46171.14512002386 
0017000066 (0046000065) : 46389.37710621147 
0099000067 (0017000066) : 46479.84757206311 
0071000068 (0099000067) : 46669.797322510305 
0021000069 (0071000068) : 48345.404508706786 
0022000070 (0021000069) : 49075.692600262475 
0025000071 (0022000070) : 49105.914736080515 
0084000072 (0025000071) : 49179.146456041555 
0064000073 (0084000072) : 49723.911602882945 
0050000074 (0064000073) : 50321.31058033925 
0054000075 (0050000074) : 51366.33464419158 
0099000076 (0054000075) : 51582.56558502647 
0021000077 (0099000076) : 51621.6682986898 
0062000078 (0021000077) : 52430.87796658913 
0096000079 (0062000078) : 53021.90848548082 
0005000080 (0096000079) : 54376.49117761488 
0021000081 (0005000080) : 54425.50368802128 
0044000082 (0021000081) : 54549.2272568632 
0084000083 (0044000082) : 55108.16875174606 
0080000084 (0084000083) : 56048.196181718995 
0058000085 (0080000084) : 56357.89763669709 
0087000086 (0058000085) : 56916.43938105942 
0071000087 (0087000086) : 58484.83614110176 
0015000088 (0071000087) : 59376.74066745297 
0038000089 (0015000088) : 60878.65677784647 
0004000090 (0038000089) : 61962.82359688135 
0089000091 (0004000090) : 62375.410490997005 
0051000092 (0089000091) : 63022.24366183164 
0062000093 (0051000092) : 63250.08235977528 
0042000094 (0062000093) : 63620.01062448606 
0072000095 (0042000094) : 63749.40328012396 
0049000096 (0072000095) : 63902.9003878462 
0026000097 (0049000096) : 65072.080557676396 
0092000098 (0026000097) : 66339.73199856296 
0065000099 (0092000098) : 67155.1864554721 
0029000100 (0065000099) : 67215.20525310878 
0063000101 (0029000100) : 67390.5365808195 
0036000102 (0063000101) : 67811.92410334667 
0096000103 (0036000102) : 68059.89862586526 
0067000104 (0096000103) : 68902.41198137481 
0022000105 (0067000104) : 69385.7516999604 
0040000106 (0022000105) : 69530.77436001816 
0078000107 (0040000106) : 70276.3737222507 
0021000108 (0078000107) : 70496.44667471662 
0088000109 (0021000108) : 71973.19270081354 
0028000110 (0088000109) : 73752.44562719336 
0045000111 (0028000110) : 75327.32745990102 
0034000112 (0045000111) : 76863.5432212691 
0092000113 (0034000112) : 77323.94806046391 
0088000114 (0092000113) : 77721.4395911622 
0061000115 (0088000114) : 79515.17100315234 
0048000116 (0061000115) : 80439.59516636949 
0020000117 (0048000116) : 80910.13926257152 
0021000118 (0020000117) : 82504.97296278873 
0013000119 (0021000118) : 83303.7891491647 
0064000120 (0013000119) : 83966.98719534228 
0018000121 (0064000120) : 84127.5078529939 
0021000122 (0018000121) : 84556.00287412088 
0097000123 (0021000122) : 84675.98880500309 
0041000124 (0097000123) : 85007.67539162208 
0006000125 (0041000124) : 85513.24629450716 
0089000126 (0006000125) : 86993.2348831601 
0053000127 (0089000126) : 87613.653021158 
0004000128 (0053000127) : 88318.80305581397 
0023000129 (0004000128) : 88800.30433929383 
0051000130 (0023000129) : 89760.99676884244 
0090000131 (0051000130) : 90432.51158267076 
0063000132 (0090000131) : 90437.28326797919 
0000000133 (0063000132) : 91070.68962852757 
0065000134 (0000000133) : 91438.66642830243 
0052000135 (0065000134) : 92129.43400444732 
0088000136 (0052000135) : 94029.39794837855 
0023000137 (0088000136) : 94588.83290063952 
0021000138 (0023000137) : 97155.96024209402 
0086000139 (0021000138) : 97592.2620064485 
0082000140 (0086000139) : 98286.46411696431 
0086000141 (0082000140) : 98644.57618828084 
