0000000000 (genesis block) : 0 
0015000001 (0000000000) : 101.15240184242785 
0021000002 (0015000001) : 856.6505237904945 
0082000003 (0021000002) : 923.7939286646015 
0079000004 (0082000003) : 2229.057826566568 
0075000005 (0079000004) : 2687.4228702064693 
0047000006 (0075000005) : 4119.836641813988 
0070000007 (0047000006) : 4701.951308822785 
0021000008 (0070000007) : 4968.859186294562 
0089000009 (0021000008) : 5005.112770507679 
0021000010 (0089000009) : 5074.387899460071 
0059000011 (0021000010) : 5508.9705179247485 
0056000012 (0059000011) : 5830.468676853001 
0047000013 (0056000012) : 6541.412930567952 
0008000014 (0047000013) : 7043.513424437461 
0053000015 (0008000014) : 7862.796122471768 
0094000016 (0053000015) : 7900.015264908613 
0000000017 (0094000016) : 7985.966074897768 
0055000018 (0000000017) : 8235.135876647479 
0088000019 (0055000018) : 9211.321879139276 
0040000020 (0088000019) : 9731.704458350869 
0017000021 (0040000020) : 9737.019263725046 
0037000022 (0017000021) : 11640.554669873638 
0006000023 (0037000022) : 13139.205134548707 
0092000024 (0006000023) : 13556.558311771138 
0093000025 (0092000024) : 13620.670128907368 
0079000026 (0093000025) : 13754.4534289372 
0069000027 (0079000026) : 13922.346808358518 
0058000028 (0069000027) : 15692.73651597585 
0079000029 (0058000028) : 15987.615825120163 
0092000030 (0079000029) : 17256.21095434411 
0078000031 (0092000030) : 19036.506258775105 
0019000032 (0078000031) : 19781.02520623478 
0069000033 (0019000032) : 20693.48668781091 
0033000034 (0069000033) : 21963.666473908033 
0063000035 (0033000034) : 22039.803392199578 
0037000036 (0063000035) : 22824.353316216042 
0011000037 (0037000036) : 25379.077633494133 
0029000038 (0011000037) : 25960.795395060217 
0055000039 (0029000038) : 26614.95399477783 
0033000040 (0055000039) : 26761.733154981965 
0021000041 (0033000040) : 27546.522042764267 
0085000042 (0021000041) : 28056.550924505977 
0091000043 (0085000042) : 28602.058019569187 
0007000044 (0091000043) : 29084.033309281804 
0090000045 (0007000044) : 29173.169231833297 
0021000046 (0090000045) : 29552.226014755135 
0066000047 (0021000046) : 30377.141918340447 
0089000048 (0066000047) : 30600.014182224546 
0098000049 (0089000048) : 30635.36615705593 
0066000050 (0098000049) : 30768.435446951473 
0097000051 (0066000050) : 31915.883983856937 
0092000052 (0097000051) : 31994.162250734378 
0041000053 (0092000052) : 34913.08855787584 
0058000054 (0041000053) : 34923.81059840845 
0048000055 (0058000054) : 37916.45444664784 
0044000056 (0048000055) : 38527.84520277016 
0005000057 (0044000056) : 38721.022431533944 
0088000058 (0005000057) : 40394.67123911319 
0037000059 (0088000058) : 40507.88134229166 
0041000060 (0037000059) : 41131.997901040646 
0021000061 (0041000060) : 42131.5576337859 
0047000062 (0021000061) : 43516.827291964204 
0041000063 (0047000062) : 44235.041169016185 
0013000064 (0041000063) : 45880.55075335906 
0046000065 (0013000064) : 46171.614611794656 
0017000066 (0046000065) : 46389.527044701084 
0099000067 (0017000066) : 46480.012948169984 
0071000068 (0099000067) : 46669.72025493889 
0021000069 (0071000068) : 48345.239700760234 
0022000070 (0021000069) : 49075.83974454921 
0025000071 (0022000070) : 49106.052417223815 
0084000072 (0025000071) : 49179.2522088728 
0064000073 (0084000072) : 49724.06717463575 
0050000074 (0064000073) : 50321.45963685053 
0054000075 (0050000074) : 51366.483284198875 
0099000076 (0054000075) : 51582.72954733386 
0021000077 (0099000076) : 51621.50641608467 
0062000078 (0021000077) : 52430.98392077942 
0096000079 (0062000078) : 53022.05703912848 
0005000080 (0096000079) : 54376.58204519664 
0021000081 (0005000080) : 54425.34416095491 
0044000082 (0021000081) : 54549.12953904741 
0084000083 (0044000082) : 55108.27177883213 
0080000084 (0084000083) : 56048.03259534829 
0058000085 (0080000084) : 56358.005019908094 
0087000086 (0058000085) : 56916.61894064181 
0071000087 (0087000086) : 58484.75998688465 
0015000088 (0071000087) : 59376.8318447727 
0038000089 (0015000088) : 60878.55997126374 
0004000090 (0038000089) : 61963.02237755582 
0089000091 (0004000090) : 62375.5604075387 
0051000092 (0089000091) : 63022.38893017318 
0062000093 (0051000092) : 63250.18396264175 
0042000094 (0062000093) : 63619.84666077238 
0072000095 (0042000094) : 63749.23928886107 
0049000096 (0072000095) : 63902.893194030206 
0026000097 (0049000096) : 65072.189947172126 
0092000098 (0026000097) : 66340.01536253044 
0065000099 (0092000098) : 67155.37104898547 
0029000100 (0065000099) : 67215.38101657516 
0063000101 (0029000100) : 67390.06999550844 
0036000102 (0063000101) : 67812.05465529628 
0096000103 (0036000102) : 68060.04563240704 
0067000104 (0096000103) : 68902.54736649546 
0022000105 (0067000104) : 69385.901119573 
0040000106 (0022000105) : 69531.15127382777 
0078000107 (0040000106) : 70276.4181831888 
0021000108 (0078000107) : 70496.28753852744 
0088000109 (0021000108) : 71973.13941556444 
0028000110 (0088000109) : 73752.51349026262 
0045000111 (0028000110) : 75327.56238596939 
0034000112 (0045000111) : 76863.6962925383 
0092000113 (0034000112) : 77324.22619234813 
0088000114 (0092000113) : 77721.38919595546 
0061000115 (0088000114) : 79515.31379253537 
0048000116 (0061000115) : 80439.66156774771 
0020000117 (0048000116) : 80910.33831463553 
0021000118 (0020000117) : 82504.81506295457 
0013000119 (0021000118) : 83304.06169174562 
0064000120 (0013000119) : 83967.13484377782 
0018000121 (0064000120) : 84127.61596594728 
0021000122 (0018000121) : 84555.84141381578 
0097000123 (0021000122) : 84676.1527244609 
0041000124 (0097000123) : 85007.89681244068 
0006000125 (0041000124) : 85513.29981844402 
0089000126 (0006000125) : 86993.38233594994 
0053000127 (0089000126) : 87613.66265092642 
0004000128 (0053000127) : 88319.00511645136 
0023000129 (0004000128) : 88799.95694049189 
0051000130 (0023000129) : 89761.14221971575 
0090000131 (0051000130) : 90432.7573711829 
0063000132 (0090000131) : 90436.81286724402 
0000000133 (0063000132) : 91070.90363097379 
0065000134 (0000000133) : 91438.85249922774 
0052000135 (0065000134) : 92129.16016195726 
0088000136 (0052000135) : 94029.34372867328 
0023000137 (0088000136) : 94588.48373406957 
0021000138 (0023000137) : 97155.79787071729 
0086000139 (0021000138) : 97592.43112364532 
0082000140 (0086000139) : 98286.2982735949 
0086000141 (0082000140) : 98644.74309748619 
