0000000000 (genesis block) : 0 
0015000001 (0000000000) : 100.88476723456898 
0021000002 (0015000001) : 856.7568251998367 
0082000003 (0021000002) : 923.8979496381771 
0079000004 (0082000003) : 2228.7167294247047 
0075000005 (0079000004) : 2687.4553234584564 
0047000006 (0075000005) : 4119.893966796861 
0070000007 (0047000006) : 4702.081756681364 
0021000008 (0070000007) : 4968.9623906364095 
0089000009 (0021000008) : 5004.846239082386 
0021000010 (0089000009) : 5074.492533580444 
0059000011 (0021000010) : 5508.660343894108 
0056000012 (0059000011) : 5830.374427392604 
0047000013 (0056000012) : 6541.470223211247 
0008000014 (0047000013) : 7043.436059460772 
0053000015 (0008000014) : 7862.8941452970685 
0094000016 (0053000015) : 7899.818870952806 
0000000017 (0094000016) : 7985.8155234401465 
0055000018 (0000000017) : 8235.807727875235 
0088000019 (0055000018) : 9211.425085147212 
0040000020 (0088000019) : 9731.651821694539 
0017000021 (0040000020) : 9736.98892735722 
0037000022 (0017000021) : 11640.504426724063 
0006000023 (0037000022) : 13139.029432306199 
0092000024 (0006000023) : 13556.598661515154 
0093000025 (0092000024) : 13620.320949677483 
0079000026 (0093000025) : 13754.112172704372 
0069000027 (0079000026) : 13922.003844707315 
0058000028 (0069000027) : 15692.282745489103 
0079000029 (0058000028) : 15987.276690189512 
0092000030 (0079000029) : 17256.25161618776 
0078000031 (0092000030) : 19036.48104703174 
0019000032 (0078000031) : 19781.023503527413 
0069000033 (0019000032) : 20693.144761680836 
0033000034 (0069000033) : 21963.74683771603 
0063000035 (0033000034) : 22040.478964400492 
0037000036 (0063000035) : 22824.303211658666 
0011000037 (0037000036) : 25378.87187603506 
0029000038 (0011000037) : 25960.244225242586 
0055000039 (0029000038) : 26615.626323991295 
0033000040 (0055000039) : 26761.814762681446 
0021000041 (0033000040) : 27546.627305301612 
0085000042 (0021000041) : 28056.422882571354 
0091000043 (0085000042) : 28601.995131546002 
0007000044 (0091000043) : 29084.705340006796 
0090000045 (0007000044) : 29172.829342614736 
0021000046 (0090000045) : 29552.332111510845 
0066000047 (0021000046) : 30376.935893104375 
0089000048 (0066000047) : 30599.748427645376 
0098000049 (0089000048) : 30635.46943437764 
0066000050 (0098000049) : 30768.232336744426 
0097000051 (0066000050) : 31915.767148231764 
0092000052 (0097000051) : 31994.204382900214 
0041000053 (0092000052) : 34913.09923221051 
0058000054 (0041000053) : 34923.35678334919 
0048000055 (0058000054) : 37916.36673265064 
0044000056 (0048000055) : 38527.81826824246 
0005000057 (0044000056) : 38720.72135704003 
0088000058 (0005000057) : 40394.77493971 
0037000059 (0088000058) : 40507.832609753736 
0041000060 (0037000059) : 41132.00706860413 
0021000061 (0041000060) : 42131.66305718035 
0047000062 (0021000061) : 43516.88549651769 
0041000063 (0047000062) : 44235.04707698364 
0013000064 (0041000063) : 45880.41080318433 
0046000065 (0013000064) : 46171.818166107034 
0017000066 (0046000065) : 46389.49581290616 
0099000067 (0017000066) : 46479.93193411053 
0071000068 (0099000067) : 46669.82564051516 
0021000069 (0071000068) : 48345.34388935933 
0022000070 (0021000069) : 49075.78279786432 
0025000071 (0022000070) : 49105.88265598911 
0084000072 (0025000071) : 49179.22620320114 
0064000073 (0084000072) : 49724.048318754874 
0050000074 (0064000073) : 50321.45465958578 
0054000075 (0050000074) : 51366.20746027999 
0099000076 (0054000075) : 51582.65065628751 
0021000077 (0099000076) : 51621.61007599661 
0062000078 (0021000077) : 52431.08873653135 
0096000079 (0062000078) : 53022.02007956578 
0005000080 (0096000079) : 54376.28519212479 
0021000081 (0005000080) : 54425.44714283901 
0044000082 (0021000081) : 54549.10210068881 
0084000083 (0044000082) : 55108.24352733641 
0080000084 (0084000083) : 56048.13825960607 
0058000085 (0080000084) : 56357.55063313173 
0087000086 (0058000085) : 56916.25014868711 
0071000087 (0087000086) : 58484.86434897043 
0015000088 (0071000087) : 59376.56572800307 
0038000089 (0015000088) : 60878.56170139457 
0004000090 (0038000089) : 61963.089586479546 
0089000091 (0004000090) : 62375.28808579906 
0051000092 (0089000091) : 63022.47314267403 
0062000093 (0051000092) : 63250.29006588698 
0042000094 (0062000093) : 63619.95146296546 
0072000095 (0042000094) : 63749.345022884816 
0049000096 (0072000095) : 63902.219985264324 
0026000097 (0049000096) : 65071.890211306854 
0092000098 (0026000097) : 66340.05762926333 
0065000099 (0092000098) : 67155.29487102832 
0029000100 (0065000099) : 67214.83729739697 
0063000101 (0029000100) : 67390.74258281899 
0036000102 (0063000101) : 67811.82259366695 
0096000103 (0036000102) : 68060.01216652486 
0067000104 (0096000103) : 68902.47626665364 
0022000105 (0067000104) : 69385.83291391417 
0040000106 (0022000105) : 69531.09271739335 
0078000107 (0040000106) : 70276.3905082177 
0021000108 (0078000107) : 70496.3917454296 
0088000109 (0021000108) : 71973.24544532645 
0028000110 (0088000109) : 73752.67546145023 
0045000111 (0028000110) : 75327.4575137374 
0034000112 (0045000111) : 76863.68222938386 
0092000113 (0034000112) : 77324.27061115747 
0088000114 (0092000113) : 77721.49368548718 
0061000115 (0088000114) : 79515.2496093699 
0048000116 (0061000115) : 80439.56999701641 
0020000117 (0048000116) : 80910.40459757512 
0021000118 (0020000117) : 82504.91938203307 
0013000119 (0021000118) : 83303.91898788633 
0064000120 (0013000119) : 83967.12325015245 
0018000121 (0064000120) : 84127.64096571786 
0021000122 (0018000121) : 84555.94582719434 
0097000123 (0021000122) : 84676.03929523967 
0041000124 (0097000123) : 85007.90603624652 
0006000125 (0041000124) : 85513.12340743 
0089000126 (0006000125) : 86993.1138371824 
0053000127 (0089000126) : 87613.75498531597 
0004000128 (0053000127) : 88319.07181520184 
0023000129 (0004000128) : 88800.2444465676 
0051000130 (0023000129) : 89761.22437285051 
0090000131 (0051000130) : 90432.41555165005 
0063000132 (0090000131) : 90437.48449433918 
0000000133 (0063000132) : 91070.74531273081 
0065000134 (0000000133) : 91438.77398896245 
0052000135 (0065000134) : 92129.79716327615 
0088000136 (0052000135) : 94029.44863485417 
0023000137 (0088000136) : 94588.77312002932 
0021000138 (0023000137) : 97155.90334583825 
0086000139 (0021000138) : 97592.28484804419 
0082000140 (0086000139) : 98286.40445494375 
0086000141 (0082000140) : 98644.59304842164 
