0000000000 (genesis block) : 0 
0015000001 (0000000000) : 100.9395038004111 
0021000002 (0015000001) : 856.7519704384541 
0082000003 (0021000002) : 923.8897260838874 
0079000004 (0082000003) : 2228.7697586806794 
0075000005 (0079000004) : 2687.256173441317 
0047000006 (0075000005) : 4119.6880174967255 
0070000007 (0047000006) : 4701.663054145366 
0021000008 (0070000007) : 4968.959086427542 
0089000009 (0021000008) : 5004.8932302290095 
0021000010 (0089000009) : 5074.491824220179 
0059000011 (0021000010) : 5508.703265911594 
0056000012 (0059000011) : 5830.180537673459 
0047000013 (0056000012) : 6541.26413656407 
0008000014 (0047000013) : 7043.363467691459 
0053000015 (0008000014) : 7862.678307829398 
0094000016 (0053000015) : 7900.00704854461 
0000000017 (0094000016) : 7985.678426378045 
0055000018 (0000000017) : 8235.336451591227 
0088000019 (0055000018) : 9211.418747538919 
0040000020 (0088000019) : 9731.445732874916 
0017000021 (0040000020) : 9736.7317963525 
0037000022 (0017000021) : 11640.537910371571 
0006000023 (0037000022) : 13139.06427343881 
0092000024 (0006000023) : 13556.393090594267 
0093000025 (0092000024) : 13620.426199481415 
0079000026 (0093000025) : 13754.164257929486 
0069000027 (0079000026) : 13922.057616570528 
0058000028 (0069000027) : 15692.490513749677 
0079000029 (0058000028) : 15987.328728150507 
0092000030 (0079000029) : 17256.048443125084 
0078000031 (0092000030) : 19036.577915419897 
0019000032 (0078000031) : 19780.745989613828 
0069000033 (0019000032) : 20693.19896330067 
0033000034 (0069000033) : 21963.678016274658 
0063000035 (0033000034) : 22040.091650561353 
0037000036 (0063000035) : 22824.335251407618 
0011000037 (0037000036) : 25378.834308543344 
0029000038 (0011000037) : 25960.545027147306 
0055000039 (0029000038) : 26615.1517580899 
0033000040 (0055000039) : 26761.74141084006 
0021000041 (0033000040) : 27546.62074115776 
0085000042 (0021000041) : 28056.305891998913 
0091000043 (0085000042) : 28601.840268199878 
0007000044 (0091000043) : 29084.130657677026 
0090000045 (0007000044) : 29172.921359189037 
0021000046 (0090000045) : 29552.324417282012 
0066000047 (0021000046) : 30376.88088961771 
0089000048 (0066000047) : 30599.794962112064 
0098000049 (0089000048) : 30635.308637431684 
0066000050 (0098000049) : 30768.174343927007 
0097000051 (0066000050) : 31915.595752234993 
0092000052 (0097000051) : 31994.001381957223 
0041000053 (0092000052) : 34912.84141394233 
0058000054 (0041000053) : 34923.56102717427 
0048000055 (0058000054) : 37916.25169156112 
0044000056 (0048000055) : 38528.00005844739 
0005000057 (0044000056) : 38720.78965688348 
0088000058 (0005000057) : 40394.76856956024 
0037000059 (0088000058) : 40507.863309535125 
0041000060 (0037000059) : 41131.74780390643 
0021000061 (0041000060) : 42131.65522798459 
0047000062 (0021000061) : 43516.68081460872 
0041000063 (0047000062) : 44234.79402334902 
0013000064 (0041000063) : 45880.397872716516 
0046000065 (0013000064) : 46171.32536056702 
0017000066 (0046000065) : 46389.23877896617 
0099000067 (0017000066) : 46479.863158218 
0071000068 (0099000067) : 46669.8946189293 
0021000069 (0071000068) : 48345.33785865035 
0022000070 (0021000069) : 49075.551590323324 
0025000071 (0022000070) : 49105.808959987284 
0084000072 (0025000071) : 49179.15594880613 
0064000073 (0084000072) : 49723.77448552361 
0050000074 (0064000073) : 50321.172321054204 
0054000075 (0050000074) : 51366.19498603241 
0099000076 (0054000075) : 51582.5791983309 
0021000077 (0099000076) : 51621.60718176915 
0062000078 (0021000077) : 52430.894408318476 
0096000079 (0062000078) : 53021.76953069165 
0005000080 (0096000079) : 54376.351364580696 
0021000081 (0005000080) : 54425.442379991124 
0044000082 (0021000081) : 54549.28609224579 
0084000083 (0044000082) : 55108.178452261396 
0080000084 (0084000083) : 56048.21344847201 
0058000085 (0080000084) : 56357.76013538605 
0087000086 (0058000085) : 56916.37160543166 
0071000087 (0087000086) : 58484.94248789549 
0015000088 (0071000087) : 59376.61875728692 
0038000089 (0015000088) : 60878.71271612856 
0004000090 (0038000089) : 61962.94246784306 
0089000091 (0004000090) : 62375.33476248168 
0051000092 (0089000091) : 63022.303214741376 
0062000093 (0051000092) : 63250.09565073458 
0042000094 (0062000093) : 63619.94054054314 
0072000095 (0042000094) : 63749.41692779245 
0049000096 (0072000095) : 63902.83329759836 
0026000097 (0049000096) : 65071.942711573734 
0092000098 (0026000097) : 66339.85415802267 
0065000099 (0092000098) : 67155.25872048928 
0029000100 (0065000099) : 67215.13418774205 
0063000101 (0029000100) : 67390.35801852662 
0036000102 (0063000101) : 67811.8754253901 
0096000103 (0036000102) : 68059.75766131148 
0067000104 (0096000103) : 68902.25825681405 
0022000105 (0067000104) : 69385.6117803892 
0040000106 (0022000105) : 69530.89018177535 
0078000107 (0040000106) : 70276.49109459255 
0021000108 (0078000107) : 70496.38476586156 
0088000109 (0021000108) : 71973.23684629788 
0028000110 (0088000109) : 73752.26456830009 
0045000111 (0028000110) : 75327.34511337236 
0034000112 (0045000111) : 76863.40518445549 
0092000113 (0034000112) : 77324.06955911728 
0088000114 (0092000113) : 77721.48785691676 
0061000115 (0088000114) : 79515.10203433059 
0048000116 (0061000115) : 80439.45567858614 
0020000117 (0048000116) : 80910.13956587404 
0021000118 (0020000117) : 82504.91315708775 
0013000119 (0021000118) : 83303.9091302881 
0064000120 (0013000119) : 83966.84740670687 
0018000121 (0064000120) : 84127.32843286463 
0021000122 (0018000121) : 84555.93854037517 
0097000123 (0021000122) : 84675.86465354073 
0041000124 (0097000123) : 85007.64526235517 
0006000125 (0041000124) : 85513.1632583352 
0089000126 (0006000125) : 86993.16163254151 
0053000127 (0089000126) : 87613.53781582719 
0004000128 (0053000127) : 88318.92163395297 
0023000129 (0004000128) : 88800.16671274854 
0051000130 (0023000129) : 89761.05123952197 
0090000131 (0051000130) : 90432.51003131743 
0063000132 (0090000131) : 90437.10265383542 
0000000133 (0063000132) : 91070.615147141 
0065000134 (0000000133) : 91438.7398030458 
0052000135 (0065000134) : 92129.25515148636 
0088000136 (0052000135) : 94029.44253248848 
0023000137 (0088000136) : 94588.69474706141 
0021000138 (0023000137) : 97155.89392276327 
0086000139 (0021000138) : 97592.14287308312 
0082000140 (0086000139) : 98286.39466240519 
0086000141 (0082000140) : 98644.45351919095 
