0000000000 (genesis block) : 0 
0015000001 (0000000000) : 100.85464322439795 
0021000002 (0015000001) : 856.8462100722676 
0082000003 (0021000002) : 924.0016935802744 
0079000004 (0082000003) : 2228.9676525966183 
0075000005 (0079000004) : 2687.189878641032 
0047000006 (0075000005) : 4119.705906858795 
0070000007 (0047000006) : 4702.086689573596 
0021000008 (0070000007) : 4969.050105812434 
0089000009 (0021000008) : 5004.818612594354 
0021000010 (0089000009) : 5074.582708075728 
0059000011 (0021000010) : 5508.744466307068 
0056000012 (0059000011) : 5829.813939979357 
0047000013 (0056000012) : 6541.284835192629 
0008000014 (0047000013) : 7043.26844833597 
0053000015 (0008000014) : 7862.430162838955 
0094000016 (0053000015) : 7899.940620566424 
0000000017 (0094000016) : 7985.761097654685 
0055000018 (0000000017) : 8235.84310511341 
0088000019 (0055000018) : 9211.407567591375 
0040000020 (0088000019) : 9731.364130299144 
0017000021 (0040000020) : 9736.832507769404 
0037000022 (0017000021) : 11640.494312179322 
0006000023 (0037000022) : 13138.998050644712 
0092000024 (0006000023) : 13556.310280781541 
0093000025 (0092000024) : 13620.220909558504 
0079000026 (0093000025) : 13754.36373759631 
0069000027 (0079000026) : 13922.038206468846 
0058000028 (0069000027) : 15692.4049393964 
0079000029 (0058000028) : 15987.526836605894 
0092000030 (0079000029) : 17255.963777194902 
0078000031 (0092000030) : 19036.34341103879 
0019000032 (0078000031) : 19780.88073618454 
0069000033 (0019000032) : 20693.18043625896 
0033000034 (0069000033) : 21963.736588185773 
0063000035 (0033000034) : 22040.565535041485 
0037000036 (0063000035) : 22824.286159532116 
0011000037 (0037000036) : 25378.84377546464 
0029000038 (0011000037) : 25960.49660163011 
0055000039 (0029000038) : 26615.656548428804 
0033000040 (0055000039) : 26761.79981825807 
0021000041 (0033000040) : 27546.71634182127 
0085000042 (0021000041) : 28056.42550490287 
0091000043 (0085000042) : 28601.934151341327 
0007000044 (0091000043) : 29084.6308359089 
0090000045 (0007000044) : 29172.956728429366 
0021000046 (0090000045) : 29552.42113619081 
0066000047 (0021000046) : 30376.378729033822 
0089000048 (0066000047) : 30599.71788075918 
0098000049 (0089000048) : 30635.451137358712 
0066000050 (0098000049) : 30767.667227161593 
0097000051 (0066000050) : 31915.65016532739 
0092000052 (0097000051) : 31993.917296650114 
0041000053 (0092000052) : 34912.84602490397 
0058000054 (0041000053) : 34923.47793489488 
0048000055 (0058000054) : 37916.37222192048 
0044000056 (0048000055) : 38528.018344182026 
0005000057 (0044000056) : 38720.7623930622 
0088000058 (0005000057) : 40394.755381811294 
0037000059 (0088000058) : 40507.8172722949 
0041000060 (0037000059) : 41131.75348781434 
0021000061 (0041000060) : 42131.751110266094 
0047000062 (0021000061) : 43516.698975900385 
0041000063 (0047000062) : 44234.7999701266 
0013000064 (0041000063) : 45880.16049602372 
0046000065 (0013000064) : 46171.50791888943 
0017000066 (0046000065) : 46389.33525666745 
0099000067 (0017000066) : 46479.88184491766 
0071000068 (0099000067) : 46669.91361375305 
0021000069 (0071000068) : 48345.43423708773 
0022000070 (0021000069) : 49075.692205610496 
0025000071 (0022000070) : 49105.85778363818 
0084000072 (0025000071) : 49179.23245553817 
0064000073 (0084000072) : 49723.948184401655 
0050000074 (0064000073) : 50321.26900349114 
0054000075 (0050000074) : 51366.33074049135 
0099000076 (0054000075) : 51582.59969211041 
0021000077 (0099000076) : 51621.69713418298 
0062000078 (0021000077) : 52430.91179052358 
0096000079 (0062000078) : 53021.904773317365 
0005000080 (0096000079) : 54376.322398230426 
0021000081 (0005000080) : 54425.53632481717 
0044000082 (0021000081) : 54549.3094170151 
0084000083 (0044000082) : 55108.25093647538 
0080000084 (0084000083) : 56048.23013297271 
0058000085 (0080000084) : 56357.672219304026 
0087000086 (0058000085) : 56916.32901501909 
0071000087 (0087000086) : 58484.955184345825 
0015000088 (0071000087) : 59376.53243098246 
0038000089 (0015000088) : 60878.73082896656 
0004000090 (0038000089) : 61962.76757502331 
0089000091 (0004000090) : 62375.25647048827 
0051000092 (0089000091) : 63022.32053784191 
0062000093 (0051000092) : 63250.115768522046 
0042000094 (0062000093) : 63619.72611588053 
0072000095 (0042000094) : 63749.43753035409 
0049000096 (0072000095) : 63902.784517923414 
0026000097 (0049000096) : 65071.860130496425 
0092000098 (0026000097) : 66339.76688755421 
0065000099 (0092000098) : 67155.27759812542 
0029000100 (0065000099) : 67215.08785534634 
0063000101 (0029000100) : 67390.8309100099 
0036000102 (0063000101) : 67811.80648887696 
0096000103 (0036000102) : 68059.89265593581 
0067000104 (0096000103) : 68902.31592215039 
0022000105 (0067000104) : 69385.7416341797 
0040000106 (0022000105) : 69530.80661009006 
0078000107 (0040000106) : 70276.25074193034 
0021000108 (0078000107) : 70496.47892424841 
0088000109 (0021000108) : 71973.23003193834 
0028000110 (0088000109) : 73752.57138375446 
0045000111 (0028000110) : 75327.36236630165 
0034000112 (0045000111) : 76863.54179317717 
0092000113 (0034000112) : 77323.98160119366 
0088000114 (0092000113) : 77721.4725966504 
0061000115 (0088000114) : 79515.23536587259 
0048000116 (0061000115) : 80439.57627636123 
0020000117 (0048000116) : 80910.08347575826 
0021000118 (0020000117) : 82505.00640183486 
0013000119 (0021000118) : 83303.66908086711 
0064000120 (0013000119) : 83967.020912172 
0018000121 (0064000120) : 84127.75118223472 
0021000122 (0018000121) : 84556.03334699734 
0097000123 (0021000122) : 84675.92200889913 
0041000124 (0097000123) : 85007.65257301727 
0006000125 (0041000124) : 85513.09347598774 
0089000126 (0006000125) : 86993.08177487236 
0053000127 (0089000126) : 87613.29094226522 
0004000128 (0053000127) : 88318.74996933296 
0023000129 (0004000128) : 88800.2347222912 
0051000130 (0023000129) : 89761.07219603429 
0090000131 (0051000130) : 90432.5453842262 
0063000132 (0090000131) : 90437.57949407965 
0000000133 (0063000132) : 91070.69219890588 
0065000134 (0000000133) : 91438.75768096656 
0052000135 (0065000134) : 92129.47928474605 
0088000136 (0052000135) : 94029.43211041493 
0023000137 (0088000136) : 94588.76294347197 
0021000138 (0023000137) : 97155.98854825812 
0086000139 (0021000138) : 97592.19492009266 
0082000140 (0086000139) : 98286.49738218985 
0086000141 (0082000140) : 98644.50617264128 
