0000000000 (genesis block) : 0 
0015000001 (0000000000) : 100.88395171598486 
0021000002 (0015000001) : 856.2161325359477 
0082000003 (0021000002) : 923.5737374204575 
0079000004 (0082000003) : 2228.895079424263 
0075000005 (0079000004) : 2687.072026440306 
0047000006 (0075000005) : 4119.70654411047 
0070000007 (0047000006) : 4702.059960863625 
0021000008 (0070000007) : 4968.423377122637 
0089000009 (0021000008) : 5004.788380941993 
0021000010 (0089000009) : 5073.9534771302715 
0059000011 (0021000010) : 5508.783232733568 
0056000012 (0059000011) : 5830.089025509119 
0047000013 (0056000012) : 6541.2845185880005 
0008000014 (0047000013) : 7043.378263698726 
0053000015 (0008000014) : 7862.569302904872 
0094000016 (0053000015) : 7899.789579827826 
0000000017 (0094000016) : 7985.754452321012 
0055000018 (0000000017) : 8235.570774451664 
0088000019 (0055000018) : 9211.095725351017 
0040000020 (0088000019) : 9731.572865476908 
0017000021 (0040000020) : 9736.74755761676 
0037000022 (0017000021) : 11640.51318657071 
0006000023 (0037000022) : 13138.971207844863 
0092000024 (0006000023) : 13556.330881809929 
0093000025 (0092000024) : 13620.568505264653 
0079000026 (0093000025) : 13754.28937635436 
0069000027 (0079000026) : 13922.181358484644 
0058000028 (0069000027) : 15692.665113721288 
0079000029 (0058000028) : 15987.453813073964 
0092000030 (0079000029) : 17255.98226236126 
0078000031 (0092000030) : 19036.392698368287 
0019000032 (0078000031) : 19780.873971715562 
0069000033 (0019000032) : 20693.324074235155 
0033000034 (0069000033) : 21963.75667074689 
0063000035 (0033000034) : 22040.239600067674 
0037000036 (0063000035) : 22824.306695573672 
0011000037 (0037000036) : 25378.667144773888 
0029000038 (0011000037) : 25960.749870134667 
0055000039 (0029000038) : 26615.389499938796 
0033000040 (0055000039) : 26761.821794142717 
0021000041 (0033000040) : 27546.087119272936 
0085000042 (0021000041) : 28056.357056081233 
0091000043 (0085000042) : 28601.923524023314 
0007000044 (0091000043) : 29084.470065534682 
0090000045 (0007000044) : 29173.03711844832 
0021000046 (0090000045) : 29551.78885277768 
0066000047 (0021000046) : 30377.008060209286 
0089000048 (0066000047) : 30599.69031785225 
0098000049 (0089000048) : 30635.133648892403 
0066000050 (0098000049) : 30768.299440833147 
0097000051 (0066000050) : 31915.723159330668 
0092000052 (0097000051) : 31993.93588708806 
0041000053 (0092000052) : 34912.65403228561 
0058000054 (0041000053) : 34923.74102974517 
0048000055 (0058000054) : 37916.305294300204 
0044000056 (0048000055) : 38527.7316917781 
0005000057 (0044000056) : 38720.79186555741 
0088000058 (0005000057) : 40394.44289186867 
0037000059 (0088000058) : 40507.83865953453 
0041000060 (0037000059) : 41131.56243414431 
0021000061 (0041000060) : 42131.1223413238 
0047000062 (0021000061) : 43516.6970164768 
0041000063 (0047000062) : 44234.60677211607 
0013000064 (0041000063) : 45880.27393933033 
0046000065 (0013000064) : 46171.74193998237 
0017000066 (0046000065) : 46389.259298554905 
0099000067 (0017000066) : 46479.877670076654 
0071000068 (0099000067) : 46669.49499525933 
0021000069 (0071000068) : 48344.80381491778 
0022000070 (0021000069) : 49075.67789119847 
0025000071 (0022000070) : 49105.82415667691 
0084000072 (0025000071) : 49179.13726116553 
0064000073 (0084000072) : 49723.97898832774 
0050000074 (0064000073) : 50321.259923433376 
0054000075 (0050000074) : 51366.322842487876 
0099000076 (0054000075) : 51582.59462378105 
0021000077 (0099000076) : 51621.07020402459 
0062000078 (0021000077) : 52430.8527452813 
0096000079 (0062000078) : 53021.89496467212 
0005000080 (0096000079) : 54376.354876900725 
0021000081 (0005000080) : 54424.90836832408 
0044000082 (0021000081) : 54549.01538491112 
0084000083 (0044000082) : 55108.1540797472 
0080000084 (0084000083) : 56047.80563637851 
0058000085 (0080000084) : 56357.93282277019 
0087000086 (0058000085) : 56916.57609555008 
0071000087 (0087000086) : 58484.5346927758 
0015000088 (0071000087) : 59376.56004046678 
0038000089 (0015000088) : 60878.443299467915 
0004000090 (0038000089) : 61962.82708444007 
0089000091 (0004000090) : 62375.23281762061 
0051000092 (0089000091) : 63022.25699965808 
0062000093 (0051000092) : 63250.052624533324 
0042000094 (0062000093) : 63619.41214944145 
0072000095 (0042000094) : 63749.01085257698 
0049000096 (0072000095) : 63902.7608753603 
0026000097 (0049000096) : 65072.11782669373 
0092000098 (0026000097) : 66339.79019557688 
0065000099 (0092000098) : 67155.23870355859 
0029000100 (0065000099) : 67215.33762345057 
0063000101 (0029000100) : 67390.50457458911 
0036000102 (0063000101) : 67811.68647266625 
0096000103 (0036000102) : 68059.88356222902 
0067000104 (0096000103) : 68902.43538522319 
0022000105 (0067000104) : 69385.73841543662 
0040000106 (0022000105) : 69531.02037254996 
0078000107 (0040000106) : 70276.30221914576 
0021000108 (0078000107) : 70495.84927558851 
0088000109 (0021000108) : 71972.91275878587 
0028000110 (0088000109) : 73752.44857491343 
0045000111 (0028000110) : 75327.12635735983 
0034000112 (0045000111) : 76863.53022487204 
0092000113 (0034000112) : 77323.99993369746 
0088000114 (0092000113) : 77721.16303518497 
0061000115 (0088000114) : 79515.1812598462 
0048000116 (0061000115) : 80439.50978940379 
0020000117 (0048000116) : 80910.13840511188 
0021000118 (0020000117) : 82504.37905696692 
0013000119 (0021000118) : 83303.78047674261 
0064000120 (0013000119) : 83967.05204975887 
0018000121 (0064000120) : 84127.80123491169 
0021000122 (0018000121) : 84555.40401146191 
0097000123 (0021000122) : 84675.99402702507 
0041000124 (0097000123) : 85007.46160786485 
0006000125 (0041000124) : 85513.06634206095 
0089000126 (0006000125) : 86993.05651409569 
0053000127 (0089000126) : 87613.43452834184 
0004000128 (0053000127) : 88318.80637906921 
0023000129 (0004000128) : 88800.25388636127 
0051000130 (0023000129) : 89761.01375817115 
0090000131 (0051000130) : 90432.62291659185 
0063000132 (0090000131) : 90437.24873422837 
0000000133 (0063000132) : 91070.68754757952 
0065000134 (0000000133) : 91438.72042753694 
0052000135 (0065000134) : 92129.53743323988 
0088000136 (0052000135) : 94029.11732574989 
0023000137 (0088000136) : 94588.7811195663 
0021000138 (0023000137) : 97155.36029960247 
0086000139 (0021000138) : 97592.25076245732 
0082000140 (0086000139) : 98286.08027936409 
0086000141 (0082000140) : 98644.56207858327 
