0000000000 (genesis block) : 0 
0015000001 (0000000000) : 101.22038970150312 
0021000002 (0015000001) : 856.8697388530633 
0082000003 (0021000002) : 924.0187877948721 
0079000004 (0082000003) : 2229.1598542040824 
0075000005 (0079000004) : 2687.6061365547907 
0047000006 (0075000005) : 4119.830095417131 
0070000007 (0047000006) : 4701.982533013083 
0021000008 (0070000007) : 4969.076720636475 
0089000009 (0021000008) : 5005.1296168324425 
0021000010 (0089000009) : 5074.609357932058 
0059000011 (0021000010) : 5508.609082130883 
0056000012 (0059000011) : 5830.497707041077 
0047000013 (0056000012) : 6541.409484061596 
0008000014 (0047000013) : 7043.1333143436 
0053000015 (0008000014) : 7862.895213656382 
0094000016 (0053000015) : 7899.962650525115 
0000000017 (0094000016) : 7985.9187710636 
0055000018 (0000000017) : 8235.815238183024 
0088000019 (0055000018) : 9211.541418629698 
0040000020 (0088000019) : 9731.701808311233 
0017000021 (0040000020) : 9737.079988832094 
0037000022 (0017000021) : 11640.817809082042 
0006000023 (0037000022) : 13139.300653546792 
0092000024 (0006000023) : 13556.647690646576 
0093000025 (0092000024) : 13620.82635982229 
0079000026 (0093000025) : 13754.557698204528 
0069000027 (0079000026) : 13922.280085124221 
0058000028 (0069000027) : 15692.767480105469 
0079000029 (0058000028) : 15987.719390139962 
0092000030 (0079000029) : 17256.301852242144 
0078000031 (0092000030) : 19036.470260822003 
0019000032 (0078000031) : 19781.12845291642 
0069000033 (0019000032) : 20693.41898122369 
0033000034 (0069000033) : 21964.060159047025 
0063000035 (0033000034) : 22040.57420612362 
0037000036 (0063000035) : 22824.612444128787 
0011000037 (0037000036) : 25379.24678905942 
0029000038 (0011000037) : 25960.870004701814 
0055000039 (0029000038) : 26615.63355285872 
0033000040 (0055000039) : 26762.12853793293 
0021000041 (0033000040) : 27546.740176247964 
0085000042 (0021000041) : 28056.71431668456 
0091000043 (0085000042) : 28601.96308592883 
0007000044 (0091000043) : 29084.80455702657 
0090000045 (0007000044) : 29172.979877257058 
0021000046 (0090000045) : 29552.446460424493 
0066000047 (0021000046) : 30377.12847766065 
0089000048 (0066000047) : 30600.031914866315 
0098000049 (0089000048) : 30635.58093820367 
0066000050 (0098000049) : 30768.419194172042 
0097000051 (0066000050) : 31915.91239916879 
0092000052 (0097000051) : 31994.253713647893 
0041000053 (0092000052) : 34913.190407853 
0058000054 (0041000053) : 34923.84240478681 
0048000055 (0058000054) : 37916.66054186781 
0044000056 (0048000055) : 38527.808337310795 
0005000057 (0044000056) : 38720.872109532495 
0088000058 (0005000057) : 40394.890134962334 
0037000059 (0088000058) : 40508.145131404766 
0041000060 (0037000059) : 41132.09626230946 
0021000061 (0041000060) : 42131.77677794846 
0047000062 (0021000061) : 43516.822633906915 
0041000063 (0047000062) : 44235.14178432264 
0013000064 (0041000063) : 45880.513981917524 
0046000065 (0013000064) : 46171.813890601414 
0017000066 (0046000065) : 46389.58695651575 
0099000067 (0017000066) : 46479.892923945954 
0071000068 (0099000067) : 46669.93865789466 
0021000069 (0071000068) : 48345.459337372886 
0022000070 (0021000069) : 49075.78777963527 
0025000071 (0022000070) : 49105.96271974057 
0084000072 (0025000071) : 49178.481754701585 
0064000073 (0084000072) : 49724.181894465204 
0050000074 (0064000073) : 50321.523841032635 
0054000075 (0050000074) : 51366.43534959515 
0099000076 (0054000075) : 51582.611401481 
0021000077 (0099000076) : 51621.72754024934 
0062000078 (0021000077) : 52431.03706439133 
0096000079 (0062000078) : 53022.03299505135 
0005000080 (0096000079) : 54376.437596331554 
0021000081 (0005000080) : 54425.56387929012 
0044000082 (0021000081) : 54549.09080037117 
0084000083 (0044000082) : 55107.499930501435 
0080000084 (0084000083) : 56048.25286318203 
0058000085 (0080000084) : 56358.03776183305 
0087000086 (0058000085) : 56916.712363162835 
0071000087 (0087000086) : 58484.9801783505 
0015000088 (0071000087) : 59376.901875450385 
0038000089 (0015000088) : 60878.55128509237 
0004000090 (0038000089) : 61963.19399101919 
0089000091 (0004000090) : 62375.570448916056 
0051000092 (0089000091) : 63022.42740460143 
0062000093 (0051000092) : 63250.236715230916 
0042000094 (0062000093) : 63620.06723417793 
0072000095 (0042000094) : 63749.45900002008 
0049000096 (0072000095) : 63902.96222639686 
0026000097 (0049000096) : 65072.34754077485 
0092000098 (0026000097) : 66340.10955485135 
0065000099 (0092000098) : 67155.12612721411 
0029000100 (0065000099) : 67215.46081027371 
0063000101 (0029000100) : 67390.83944869065 
0036000102 (0063000101) : 67812.13807342654 
0096000103 (0036000102) : 68060.0200486897 
0067000104 (0096000103) : 68902.57761500009 
0022000105 (0067000104) : 69385.84391451278 
0040000106 (0022000105) : 69531.14399507325 
0078000107 (0040000106) : 70276.37882615012 
0021000108 (0078000107) : 70496.50558763137 
0088000109 (0021000108) : 71973.35936729933 
0028000110 (0088000109) : 73752.58106236898 
0045000111 (0028000110) : 75327.60134415489 
0034000112 (0045000111) : 76863.78302764695 
0092000113 (0034000112) : 77324.32648339296 
0088000114 (0092000113) : 77721.61187288187 
0061000115 (0088000114) : 79515.3553927275 
0048000116 (0061000115) : 80439.86581385806 
0020000117 (0048000116) : 80910.47791758724 
0021000118 (0020000117) : 82505.03283662305 
0013000119 (0021000118) : 83304.02092400106 
0064000120 (0013000119) : 83967.25754801194 
0018000121 (0064000120) : 84127.72054038706 
0021000122 (0018000121) : 84556.05914380774 
0097000123 (0021000122) : 84676.18262108251 
0041000124 (0097000123) : 85007.9943765263 
0006000125 (0041000124) : 85513.39636568679 
0089000126 (0006000125) : 86993.39456266859 
0053000127 (0089000126) : 87613.75641845027 
0004000128 (0053000127) : 88319.17655741904 
0023000129 (0004000128) : 88800.54811849032 
0051000130 (0023000129) : 89761.18189116547 
0090000131 (0051000130) : 90432.56563097867 
0063000132 (0090000131) : 90437.5814669054 
0000000133 (0063000132) : 91070.84791228555 
0065000134 (0000000133) : 91438.60766398294 
0052000135 (0065000134) : 92129.7611921282 
0088000136 (0052000135) : 94029.56352357926 
0023000137 (0088000136) : 94589.07640272283 
0021000138 (0023000137) : 97156.01500104477 
0086000139 (0021000138) : 97592.43243399145 
0082000140 (0086000139) : 98286.52294561763 
0086000141 (0082000140) : 98644.74778211566 
