0000000000 (genesis block) : 0 
0015000001 (0000000000) : 101.07368041929313 
0021000002 (0015000001) : 856.5695565704726 
0082000003 (0021000002) : 923.6890778497726 
0079000004 (0082000003) : 2229.115798246138 
0075000005 (0079000004) : 2686.8405570020436 
0047000006 (0075000005) : 4119.852027308361 
0070000007 (0047000006) : 4702.111669274339 
0021000008 (0070000007) : 4968.777577099845 
0089000009 (0021000008) : 5005.034028008477 
0021000010 (0089000009) : 5074.308693904136 
0059000011 (0021000010) : 5508.897775967119 
0056000012 (0059000011) : 5830.258482528655 
0047000013 (0056000012) : 6541.428888710442 
0008000014 (0047000013) : 7043.526891797748 
0053000015 (0008000014) : 7862.71595566703 
0094000016 (0053000015) : 7899.7614003633025 
0000000017 (0094000016) : 7985.9311149752275 
0055000018 (0000000017) : 8235.717956413015 
0088000019 (0055000018) : 9211.243791464312 
0040000020 (0088000019) : 9731.718972184239 
0017000021 (0040000020) : 9737.078540371584 
0037000022 (0017000021) : 11640.706514595791 
0006000023 (0037000022) : 13139.216655104568 
0092000024 (0006000023) : 13556.445596379463 
0093000025 (0092000024) : 13620.767480394878 
0079000026 (0093000025) : 13754.512401365748 
0069000027 (0079000026) : 13922.309770812191 
0058000028 (0069000027) : 15692.7594013478 
0079000029 (0058000028) : 15987.67317112626 
0092000030 (0079000029) : 17256.098737641034 
0078000031 (0092000030) : 19036.216007175408 
0019000032 (0078000031) : 19781.16899172813 
0069000033 (0019000032) : 20693.45162121894 
0033000034 (0069000033) : 21963.95074953946 
0063000035 (0033000034) : 22040.386855614703 
0037000036 (0063000035) : 22824.506615241196 
0011000037 (0037000036) : 25379.021120888603 
0029000038 (0011000037) : 25960.904676579827 
0055000039 (0029000038) : 26615.535103104914 
0033000040 (0055000039) : 26762.012246259714 
0021000041 (0033000040) : 27546.44089818744 
0085000042 (0021000041) : 28056.47171568751 
0091000043 (0085000042) : 28601.748145111444 
0007000044 (0091000043) : 29084.615874546354 
0090000045 (0007000044) : 29173.013844246856 
0021000046 (0090000045) : 29552.144501967185 
0066000047 (0021000046) : 30377.15508197345 
0089000048 (0066000047) : 30599.93375671482 
0098000049 (0089000048) : 30635.27983965798 
0066000050 (0098000049) : 30768.455851537707 
0097000051 (0066000050) : 31915.631064206536 
0092000052 (0097000051) : 31994.05173571761 
0041000053 (0092000052) : 34912.98449845237 
0058000054 (0041000053) : 34923.83276627686 
0048000055 (0058000054) : 37916.422643780104 
0044000056 (0048000055) : 38527.87673284541 
0005000057 (0044000056) : 38720.43698044804 
0088000058 (0005000057) : 40394.59124853343 
0037000059 (0088000058) : 40508.02916384037 
0041000060 (0037000059) : 41131.89350014947 
0021000061 (0041000060) : 42131.477527894975 
0047000062 (0021000061) : 43516.84620729419 
0041000063 (0047000062) : 44234.93574008215 
0013000064 (0041000063) : 45880.25993900772 
0046000065 (0013000064) : 46171.804595216934 
0017000066 (0046000065) : 46389.58676704839 
0099000067 (0017000066) : 46480.024611613975 
0071000068 (0099000067) : 46669.13960816387 
0021000069 (0071000068) : 48345.16012479409 
0022000070 (0021000069) : 49075.96326480718 
0025000071 (0022000070) : 49106.06755088121 
0084000072 (0025000071) : 49179.282584297354 
0064000073 (0084000072) : 49724.20297347782 
0050000074 (0064000073) : 50321.60704464177 
0054000075 (0050000074) : 51366.55406313702 
0099000076 (0054000075) : 51582.7403389079 
0021000077 (0099000076) : 51621.42661806233 
0062000078 (0021000077) : 52430.997965422706 
0096000079 (0062000078) : 53022.178651315226 
0005000080 (0096000079) : 54376.00081514078 
0021000081 (0005000080) : 54425.26521144759 
0044000082 (0021000081) : 54549.16094695042 
0084000083 (0044000082) : 55108.3006494898 
0080000084 (0084000083) : 56047.923544049394 
0058000085 (0080000084) : 56358.02447797863 
0087000086 (0058000085) : 56916.73558677783 
0071000087 (0087000086) : 58484.17805348273 
0015000088 (0071000087) : 59376.74971268303 
0038000089 (0015000088) : 60878.58911955029 
0004000090 (0038000089) : 61962.98666326972 
0089000091 (0004000090) : 62375.47588785331 
0051000092 (0089000091) : 63022.40360158154 
0062000093 (0051000092) : 63250.19639614379 
0042000094 (0062000093) : 63619.76908282 
0072000095 (0042000094) : 63749.15751446201 
0049000096 (0072000095) : 63902.906531090535 
0026000097 (0049000096) : 65072.28980725097 
0092000098 (0026000097) : 66339.90142286284 
0065000099 (0092000098) : 67155.35792194694 
0029000100 (0065000099) : 67215.49413658517 
0063000101 (0029000100) : 67390.65492699115 
0036000102 (0063000101) : 67811.9042756947 
0096000103 (0036000102) : 68060.17215217352 
0067000104 (0096000103) : 68902.33537017477 
0022000105 (0067000104) : 69386.02741705724 
0040000106 (0022000105) : 69531.1670432382 
0078000107 (0040000106) : 70276.12533371046 
0021000108 (0078000107) : 70496.209021105 
0088000109 (0021000108) : 71973.05924673438 
0028000110 (0088000109) : 73752.59564715099 
0045000111 (0028000110) : 75327.48671204696 
0034000112 (0045000111) : 76863.82445001835 
0092000113 (0034000112) : 77324.11710652336 
0088000114 (0092000113) : 77721.31124710968 
0061000115 (0088000114) : 79515.32781219267 
0048000116 (0061000115) : 80439.62365077338 
0020000117 (0048000116) : 80910.29838837941 
0021000118 (0020000117) : 82504.73435380445 
0013000119 (0021000118) : 83303.7680673044 
0064000120 (0013000119) : 83967.27742966343 
0018000121 (0064000120) : 84127.84713651954 
0021000122 (0018000121) : 84555.75915603626 
0097000123 (0021000122) : 84675.8995932427 
0041000124 (0097000123) : 85007.79069870741 
0006000125 (0041000124) : 85513.31275199445 
0089000126 (0006000125) : 86993.30108442772 
0053000127 (0089000126) : 87613.57978648931 
0004000128 (0053000127) : 88318.96888979878 
0023000129 (0004000128) : 88800.44608407682 
0051000130 (0023000129) : 89761.16085086382 
0090000131 (0051000130) : 90432.597985847 
0063000132 (0090000131) : 90437.39589100356 
0000000133 (0063000132) : 91070.85813669584 
0065000134 (0000000133) : 91438.83998793138 
0052000135 (0065000134) : 92129.69761740974 
0088000136 (0052000135) : 94029.26334755679 
0023000137 (0088000136) : 94588.97300374157 
0021000138 (0023000137) : 97155.71607160667 
0086000139 (0021000138) : 97591.89693121503 
0082000140 (0086000139) : 98286.1919172321 
0086000141 (0082000140) : 98644.2064595669 
