0000000000 (genesis block) : 0 
0015000001 (0000000000) : 100.96771745425043 
0021000002 (0015000001) : 856.6995324119206 
0082000003 (0021000002) : 923.8504673985971 
0079000004 (0082000003) : 2228.9139360826116 
0075000005 (0079000004) : 2687.203029801969 
0047000006 (0075000005) : 4119.559154513005 
0070000007 (0047000006) : 4701.810059323238 
0021000008 (0070000007) : 4968.904284356068 
0089000009 (0021000008) : 5004.882293752217 
0021000010 (0089000009) : 5074.434953888148 
0059000011 (0021000010) : 5508.64359949129 
0056000012 (0059000011) : 5830.299527651975 
0047000013 (0056000012) : 6541.138192725321 
0008000014 (0047000013) : 7043.23767310833 
0053000015 (0008000014) : 7862.824646759257 
0094000016 (0053000015) : 7899.857931400924 
0000000017 (0094000016) : 7985.669188637638 
0055000018 (0000000017) : 8235.736866158697 
0088000019 (0055000018) : 9211.375818024531 
0040000020 (0088000019) : 9731.429367593413 
0017000021 (0040000020) : 9736.678869219933 
0037000022 (0017000021) : 11640.584842150745 
0006000023 (0037000022) : 13139.053858959776 
0092000024 (0006000023) : 13556.377255247859 
0093000025 (0092000024) : 13620.473984309303 
0079000026 (0093000025) : 13754.311660860842 
0069000027 (0079000026) : 13922.129967872774 
0058000028 (0069000027) : 15692.55452248182 
0079000029 (0058000028) : 15987.477305498829 
0092000030 (0079000029) : 17256.03253417318 
0078000031 (0092000030) : 19036.53522426674 
0019000032 (0078000031) : 19780.733237140535 
0069000033 (0019000032) : 20693.270425345192 
0033000034 (0069000033) : 21963.82354487097 
0063000035 (0033000034) : 22040.418517912272 
0037000036 (0063000035) : 22824.380201376993 
0011000037 (0037000036) : 25378.903040160494 
0029000038 (0011000037) : 25960.610095960816 
0055000039 (0029000038) : 26615.547008279253 
0033000040 (0055000039) : 26761.88619118983 
0021000041 (0033000040) : 27546.569392629266 
0085000042 (0021000041) : 28056.35065995013 
0091000043 (0085000042) : 28601.441815294114 
0007000044 (0091000043) : 29084.524419064997 
0090000045 (0007000044) : 29172.841083124527 
0021000046 (0090000045) : 29552.2742502209 
0066000047 (0021000046) : 30376.864391354095 
0089000048 (0066000047) : 30599.781477472723 
0098000049 (0089000048) : 30635.29458861651 
0066000050 (0098000049) : 30768.158206167805 
0097000051 (0066000050) : 31915.72357732599 
0092000052 (0097000051) : 31993.985257154953 
0041000053 (0092000052) : 34912.787918348164 
0058000054 (0041000053) : 34923.62998911263 
0048000055 (0058000054) : 37916.299956502466 
0044000056 (0048000055) : 38527.87204251764 
0005000057 (0044000056) : 38720.734058832306 
0088000058 (0005000057) : 40394.718362956875 
0037000059 (0088000058) : 40507.90752487897 
0041000060 (0037000059) : 41131.695769124504 
0021000061 (0041000060) : 42131.604161887895 
0047000062 (0021000061) : 43516.552286482605 
0041000063 (0047000062) : 44234.74213987946 
0013000064 (0041000063) : 45880.356139832635 
0046000065 (0013000064) : 46171.601695574886 
0017000066 (0046000065) : 46389.18648017881 
0099000067 (0017000066) : 46479.735082522566 
0071000068 (0099000067) : 46669.76597150592 
0021000069 (0071000068) : 48345.28596433722 
0022000070 (0021000069) : 49075.54037407176 
0025000071 (0022000070) : 49105.80384816969 
0084000072 (0025000071) : 49179.00402859116 
0064000073 (0084000072) : 49723.84038290221 
0050000074 (0064000073) : 50321.12093867831 
0054000075 (0050000074) : 51366.183338645824 
0099000076 (0054000075) : 51582.4523531399 
0021000077 (0099000076) : 51621.55239150754 
0062000078 (0021000077) : 52430.766455440156 
0096000079 (0062000078) : 53021.75720126145 
0005000080 (0096000079) : 54376.29764739232 
0021000081 (0005000080) : 54425.38993904906 
0044000082 (0021000081) : 54549.15730974651 
0084000083 (0044000082) : 55108.022957680274 
0080000084 (0084000083) : 56048.080807104554 
0058000085 (0080000084) : 56357.82433103616 
0087000086 (0058000085) : 56916.43692094545 
0071000087 (0087000086) : 58484.80903580972 
0015000088 (0071000087) : 59376.649550653376 
0038000089 (0015000088) : 60878.587701137 
0004000090 (0038000089) : 61962.924299016464 
0089000091 (0004000090) : 62375.32104795715 
0051000092 (0089000091) : 63022.17148935019 
0062000093 (0051000092) : 63249.96717748049 
0042000094 (0062000093) : 63619.894180057345 
0072000095 (0042000094) : 63749.28610496789 
0049000096 (0072000095) : 63902.85758351283 
0026000097 (0049000096) : 65072.01048983249 
0092000098 (0026000097) : 66339.84062756902 
0065000099 (0092000098) : 67155.04179839377 
0029000100 (0065000099) : 67215.19973490472 
0063000101 (0029000100) : 67390.68490954564 
0036000102 (0063000101) : 67811.77016373734 
0096000103 (0036000102) : 68059.7444323771 
0067000104 (0096000103) : 68902.40319453835 
0022000105 (0067000104) : 69385.59702593119 
0040000106 (0022000105) : 69530.87318918548 
0078000107 (0040000106) : 70276.44397201894 
0021000108 (0078000107) : 70496.33112866023 
0088000109 (0021000108) : 71973.18712638355 
0028000110 (0088000109) : 73752.40910311096 
0045000111 (0028000110) : 75327.32887591587 
0034000112 (0045000111) : 76863.39323478889 
0092000113 (0034000112) : 77324.04915989352 
0088000114 (0092000113) : 77721.43739467407 
0061000115 (0088000114) : 79515.09043465708 
0048000116 (0061000115) : 80439.50204118031 
0020000117 (0048000116) : 80910.21043043652 
0021000118 (0020000117) : 82504.86133553051 
0013000119 (0021000118) : 83303.86233456696 
0064000120 (0013000119) : 83966.91391391907 
0018000121 (0064000120) : 84127.47530303537 
0021000122 (0018000121) : 84555.88602440123 
0097000123 (0021000122) : 84675.99439252276 
0041000124 (0097000123) : 85007.59496447019 
0006000125 (0041000124) : 85513.14718961917 
0089000126 (0006000125) : 86993.14341030904 
0053000127 (0089000126) : 87613.68519655116 
0004000128 (0053000127) : 88318.90457410635 
0023000129 (0004000128) : 88800.15345921644 
0051000130 (0023000129) : 89760.92314149291 
0090000131 (0051000130) : 90432.42726613108 
0063000132 (0090000131) : 90437.43224352326 
0000000133 (0063000132) : 91070.60221514358 
0065000134 (0000000133) : 91438.52401840567 
0052000135 (0065000134) : 92129.52421016802 
0088000136 (0052000135) : 94029.39129523416 
0023000137 (0088000136) : 94588.68033258559 
0021000138 (0023000137) : 97155.84139406272 
0086000139 (0021000138) : 97591.98923376469 
0082000140 (0086000139) : 98286.35205952678 
0086000141 (0082000140) : 98644.301057792 
