0000000000 (genesis block) : 0 
0015000001 (0000000000) : 100.92275821539518 
0021000002 (0015000001) : 856.754906692299 
0082000003 (0021000002) : 923.8513694040364 
0079000004 (0082000003) : 2228.8459019474303 
0075000005 (0079000004) : 2687.194699128885 
0047000006 (0075000005) : 4119.761679971452 
0070000007 (0047000006) : 4701.668731149062 
0021000008 (0070000007) : 4968.956817155941 
0089000009 (0021000008) : 5004.882437177931 
0021000010 (0089000009) : 5074.491816796721 
0059000011 (0021000010) : 5508.854849048798 
0056000012 (0059000011) : 5829.8192700631 
0047000013 (0056000012) : 6541.340712061816 
0008000014 (0047000013) : 7043.439814239192 
0053000015 (0008000014) : 7862.313262206285 
0094000016 (0053000015) : 7899.6443685232925 
0000000017 (0094000016) : 7985.850259150122 
0055000018 (0000000017) : 8235.695516082233 
0088000019 (0055000018) : 9211.46614290353 
0040000020 (0088000019) : 9731.49248271563 
0017000021 (0040000020) : 9736.963605842437 
0037000022 (0017000021) : 11640.51170928195 
0006000023 (0037000022) : 13139.065923814696 
0092000024 (0006000023) : 13556.44047341966 
0093000025 (0092000024) : 13620.636883646843 
0079000026 (0093000025) : 13754.244844681376 
0069000027 (0079000026) : 13922.046064677372 
0058000028 (0069000027) : 15692.641552433925 
0079000029 (0058000028) : 15987.40659380515 
0092000030 (0079000029) : 17256.093112974813 
0078000031 (0092000030) : 19036.6251896612 
0019000032 (0078000031) : 19780.97733414599 
0069000033 (0019000032) : 20693.186726944194 
0033000034 (0069000033) : 21963.75585050542 
0063000035 (0033000034) : 22040.4521266113 
0037000036 (0063000035) : 22824.311502218556 
0011000037 (0037000036) : 25379.065818044597 
0029000038 (0011000037) : 25960.70271713046 
0055000039 (0029000038) : 26615.513530954137 
0033000040 (0055000039) : 26761.819971023724 
0021000041 (0033000040) : 27546.62224739404 
0085000042 (0021000041) : 28056.338049463175 
0091000043 (0085000042) : 28601.63206946117 
0007000044 (0091000043) : 29084.491354427068 
0090000045 (0007000044) : 29172.757518709896 
0021000046 (0090000045) : 29552.32493555241 
0066000047 (0021000046) : 30376.795476354742 
0089000048 (0066000047) : 30599.784903045133 
0098000049 (0089000048) : 30635.13032694124 
0066000050 (0098000049) : 30768.082333575683 
0097000051 (0066000050) : 31915.233705324285 
0092000052 (0097000051) : 31994.045342080593 
0041000053 (0092000052) : 34913.031129628864 
0058000054 (0041000053) : 34923.712761249364 
0048000055 (0058000054) : 37916.23022996299 
0044000056 (0048000055) : 38528.025424757965 
0005000057 (0044000056) : 38720.48266713369 
0088000058 (0005000057) : 40394.81260670026 
0037000059 (0088000058) : 40507.839168397695 
0041000060 (0037000059) : 41131.93990639169 
0021000061 (0041000060) : 42131.65570807699 
0047000062 (0021000061) : 43516.75551995386 
0041000063 (0047000062) : 44234.983059301754 
0013000064 (0041000063) : 45880.44239282452 
0046000065 (0013000064) : 46171.66006398943 
0017000066 (0046000065) : 46389.467742008375 
0099000067 (0017000066) : 46479.93757926414 
0071000068 (0099000067) : 46669.58045138849 
0021000069 (0071000068) : 48345.339279526575 
0022000070 (0021000069) : 49075.78227170293 
0025000071 (0022000070) : 49105.91882467162 
0084000072 (0025000071) : 49179.16222660222 
0064000073 (0084000072) : 49724.00287061276 
0050000074 (0064000073) : 50321.402516075585 
0054000075 (0050000074) : 51366.426017301186 
0099000076 (0054000075) : 51582.65559090698 
0021000077 (0099000076) : 51621.60538403926 
0062000078 (0021000077) : 52430.969415362975 
0096000079 (0062000078) : 53021.998615780714 
0005000080 (0096000079) : 54376.04607188459 
0021000081 (0005000080) : 54425.441605325184 
0044000082 (0021000081) : 54549.31150688412 
0084000083 (0044000082) : 55108.177285931255 
0080000084 (0084000083) : 56048.20088979231 
0058000085 (0080000084) : 56357.9078862829 
0087000086 (0058000085) : 56916.53128269412 
0071000087 (0087000086) : 58484.61895412697 
0015000088 (0071000087) : 59376.60079764339 
0038000089 (0015000088) : 60878.73882807491 
0004000090 (0038000089) : 61962.985091837305 
0089000091 (0004000090) : 62375.32618764234 
0051000092 (0089000091) : 63022.376454203026 
0062000093 (0051000092) : 63250.17289296576 
0042000094 (0062000093) : 63619.575955112574 
0072000095 (0042000094) : 63749.40603608595 
0049000096 (0072000095) : 63902.79986962946 
0026000097 (0049000096) : 65072.17052474314 
0092000098 (0026000097) : 66339.89580650533 
0065000099 (0092000098) : 67155.25198813992 
0029000100 (0065000099) : 67215.29632502889 
0063000101 (0029000100) : 67390.71855769081 
0036000102 (0063000101) : 67811.93769841794 
0096000103 (0036000102) : 68059.99130289443 
0067000104 (0096000103) : 68901.8980805819 
0022000105 (0067000104) : 69385.84064403962 
0040000106 (0022000105) : 69530.93540832648 
0078000107 (0040000106) : 70276.53413342865 
0021000108 (0078000107) : 70496.38678372293 
0088000109 (0021000108) : 71973.2823818741 
0028000110 (0088000109) : 73752.26841879783 
0045000111 (0028000110) : 75327.41982452937 
0034000112 (0045000111) : 76863.63409632261 
0092000113 (0034000112) : 77324.11007658634 
0088000114 (0092000113) : 77721.53002261023 
0061000115 (0088000114) : 79515.30097692292 
0048000116 (0061000115) : 80439.43238538333 
0020000117 (0048000116) : 80910.21401894242 
0021000118 (0020000117) : 82504.91656581273 
0013000119 (0021000118) : 83303.95426635152 
0064000120 (0013000119) : 83967.07685088686 
0018000121 (0064000120) : 84127.40858838652 
0021000122 (0018000121) : 84555.94073321155 
0097000123 (0021000122) : 84675.50365498447 
0041000124 (0097000123) : 85007.83979653583 
0006000125 (0041000124) : 85513.16477634027 
0089000126 (0006000125) : 86993.15044863036 
0053000127 (0089000126) : 87613.1750027694 
0004000128 (0053000127) : 88318.96653826183 
0023000129 (0004000128) : 88800.25193636307 
0051000130 (0023000129) : 89761.13079036085 
0090000131 (0051000130) : 90432.34527396086 
0063000132 (0090000131) : 90437.46225593952 
0000000133 (0063000132) : 91070.78264843424 
0065000134 (0000000133) : 91438.73229424912 
0052000135 (0065000134) : 92129.3245491562 
0088000136 (0052000135) : 94029.4879757311 
0023000137 (0088000136) : 94588.77917319161 
0021000138 (0023000137) : 97155.89499520864 
0086000139 (0021000138) : 97591.77758628523 
0082000140 (0086000139) : 98286.35912174179 
0086000141 (0082000140) : 98644.08977353711 
