0000000000 (genesis block) : 0 
0015000001 (0000000000) : 101.06718466825019 
0021000002 (0015000001) : 856.8704394556294 
0082000003 (0021000002) : 924.0013359933154 
0079000004 (0082000003) : 2228.9657413175782 
0075000005 (0079000004) : 2687.2179082781036 
0047000006 (0075000005) : 4119.730300286413 
0070000007 (0047000006) : 4701.983531073545 
0021000008 (0070000007) : 4969.0740836978475 
0089000009 (0021000008) : 5005.029915996847 
0021000010 (0089000009) : 5074.60531091579 
0059000011 (0021000010) : 5508.813358164237 
0056000012 (0059000011) : 5830.182579769243 
0047000013 (0056000012) : 6541.3101178472225 
0008000014 (0047000013) : 7043.407535040535 
0053000015 (0008000014) : 7862.67662574974 
0094000016 (0053000015) : 7899.687801977923 
0000000017 (0094000016) : 7985.839501435063 
0055000018 (0000000017) : 8235.908409645153 
0088000019 (0055000018) : 9211.547146020657 
0040000020 (0088000019) : 9731.60180092887 
0017000021 (0040000020) : 9736.849037028927 
0037000022 (0017000021) : 11640.413315655369 
0006000023 (0037000022) : 13139.19908375638 
0092000024 (0006000023) : 13556.547170851909 
0093000025 (0092000024) : 13620.621393730524 
0079000026 (0093000025) : 13754.364946794623 
0069000027 (0079000026) : 13922.093201042951 
0058000028 (0069000027) : 15692.683595758099 
0079000029 (0058000028) : 15987.529575631726 
0092000030 (0079000029) : 17256.20344324424 
0078000031 (0092000030) : 19036.452858614084 
0019000032 (0078000031) : 19780.903398621478 
0069000033 (0019000032) : 20693.235913724828 
0033000034 (0069000033) : 21963.66069778745 
0063000035 (0033000034) : 22040.588433376204 
0037000036 (0063000035) : 22824.21008019303 
0011000037 (0037000036) : 25379.027833255837 
0029000038 (0011000037) : 25960.74755917736 
0055000039 (0029000038) : 26615.718611241817 
0033000040 (0055000039) : 26761.719578898428 
0021000041 (0033000040) : 27546.739489191863 
0085000042 (0021000041) : 28056.18050222339 
0091000043 (0085000042) : 28601.269222423725 
0007000044 (0091000043) : 29084.65865693479 
0090000045 (0007000044) : 29172.794998642017 
0021000046 (0090000045) : 29552.444007131653 
0066000047 (0021000046) : 30377.03642811087 
0089000048 (0066000047) : 30599.928075549058 
0098000049 (0089000048) : 30635.45652184559 
0066000050 (0098000049) : 30768.328255321372 
0097000051 (0066000050) : 31915.552503086048 
0092000052 (0097000051) : 31994.15544084344 
0041000053 (0092000052) : 34912.821740875785 
0058000054 (0041000053) : 34923.754525424956 
0048000055 (0058000054) : 37916.1301812141 
0044000056 (0048000055) : 38528.041909071086 
0005000057 (0044000056) : 38720.82413968476 
0088000058 (0005000057) : 40394.889458052654 
0037000059 (0088000058) : 40507.73723649692 
0041000060 (0037000059) : 41131.728794330935 
0021000061 (0041000060) : 42131.7756352212 
0047000062 (0021000061) : 43516.72252547636 
0041000063 (0047000062) : 44234.77301922552 
0013000064 (0041000063) : 45880.49207743345 
0046000065 (0013000064) : 46171.7720015365 
0017000066 (0046000065) : 46389.3577790071 
0099000067 (0017000066) : 46479.9068814854 
0071000068 (0099000067) : 46669.62235102674 
0021000069 (0071000068) : 48345.45622560637 
0022000070 (0021000069) : 49075.71117789485 
0025000071 (0022000070) : 49105.974210755885 
0084000072 (0025000071) : 49179.17383804272 
0064000073 (0084000072) : 49724.01233753378 
0050000074 (0064000073) : 50321.292160461126 
0054000075 (0050000074) : 51366.357241466096 
0099000076 (0054000075) : 51582.62210689722 
0021000077 (0099000076) : 51621.72214631393 
0062000078 (0021000077) : 52430.93689298065 
0096000079 (0062000078) : 53021.92743517288 
0005000080 (0096000079) : 54376.38495376148 
0021000081 (0005000080) : 54425.56003890072 
0044000082 (0021000081) : 54549.32763594481 
0084000083 (0044000082) : 55108.19294472357 
0080000084 (0084000083) : 56048.25138243097 
0058000085 (0080000084) : 56357.94899297328 
0087000086 (0058000085) : 56916.57102584019 
0071000087 (0087000086) : 58484.660502682666 
0015000088 (0071000087) : 59376.74363544592 
0038000089 (0015000088) : 60878.759872927934 
0004000090 (0038000089) : 61962.77362126553 
0089000091 (0004000090) : 62375.46888060757 
0051000092 (0089000091) : 63022.34401080524 
0062000093 (0051000092) : 63250.13796615061 
0042000094 (0062000093) : 63619.89345060966 
0072000095 (0042000094) : 63749.45722999602 
0049000096 (0072000095) : 63902.94633632718 
0026000097 (0049000096) : 65072.1413362374 
0092000098 (0026000097) : 66340.01061748329 
0065000099 (0092000098) : 67155.21229582232 
0029000100 (0065000099) : 67215.33188521747 
0063000101 (0029000100) : 67390.8549782253 
0036000102 (0063000101) : 67811.9086204828 
0096000103 (0036000102) : 68059.916568166 
0067000104 (0096000103) : 68902.25987717143 
0022000105 (0067000104) : 69385.76696639214 
0040000106 (0022000105) : 69531.04390463664 
0078000107 (0040000106) : 70276.36160154194 
0021000108 (0078000107) : 70496.50109038848 
0088000109 (0021000108) : 71973.3572333067 
0028000110 (0088000109) : 73752.57921439379 
0045000111 (0028000110) : 75327.47391408606 
0034000112 (0045000111) : 76863.5638398189 
0092000113 (0034000112) : 77324.22207592781 
0088000114 (0092000113) : 77721.60805553432 
0061000115 (0088000114) : 79515.26047504059 
0048000116 (0061000115) : 80439.33122961366 
0020000117 (0048000116) : 80910.08747400327 
0021000118 (0020000117) : 82505.0315753709 
0013000119 (0021000118) : 83304.0029804002 
0064000120 (0013000119) : 83967.08390756395 
0018000121 (0064000120) : 84127.64682671412 
0021000122 (0018000121) : 84556.0562207216 
0097000123 (0021000122) : 84675.82415394338 
0041000124 (0097000123) : 85007.62991270564 
0006000125 (0041000124) : 85513.29503865486 
0089000126 (0006000125) : 86993.29362471828 
0053000127 (0089000126) : 87613.53966449016 
0004000128 (0053000127) : 88318.75703461828 
0023000129 (0004000128) : 88800.15372020222 
0051000130 (0023000129) : 89761.09507483488 
0090000131 (0051000130) : 90432.38308904767 
0063000132 (0090000131) : 90437.60350707019 
0000000133 (0063000132) : 91070.77235863057 
0065000134 (0000000133) : 91438.69406519725 
0052000135 (0065000134) : 92129.48303807905 
0088000136 (0052000135) : 94029.56173587064 
0023000137 (0088000136) : 94588.68057161832 
0021000138 (0023000137) : 97156.01223510501 
0086000139 (0021000138) : 97591.81935254658 
0082000140 (0086000139) : 98286.50626878449 
0086000141 (0082000140) : 98644.13076235316 
