0000000000 (genesis block) : 0 
0015000001 (0000000000) : 100.89988617916946 
0021000002 (0015000001) : 856.6114401981305 
0082000003 (0021000002) : 923.9678218804216 
0079000004 (0082000003) : 2228.9796867271266 
0075000005 (0079000004) : 2686.890878622627 
0047000006 (0075000005) : 4119.709303730182 
0070000007 (0047000006) : 4702.075927214674 
0021000008 (0070000007) : 4968.817736740716 
0089000009 (0021000008) : 5004.818689274185 
0021000010 (0089000009) : 5074.346434962724 
0059000011 (0021000010) : 5508.624894468649 
0056000012 (0059000011) : 5830.184527134818 
0047000013 (0056000012) : 6541.29020493788 
0008000014 (0047000013) : 7043.388026021758 
0053000015 (0008000014) : 7862.798373469167 
0094000016 (0053000015) : 7900.0316582976575 
0000000017 (0094000016) : 7985.600518123737 
0055000018 (0000000017) : 8235.75921474711 
0088000019 (0055000018) : 9211.414143673179 
0040000020 (0088000019) : 9731.368181053964 
0017000021 (0040000020) : 9736.570419255857 
0037000022 (0017000021) : 11640.420393939316 
0006000023 (0037000022) : 13138.984162071249 
0092000024 (0006000023) : 13556.316838614026 
0093000025 (0092000024) : 13620.352148084801 
0079000026 (0093000025) : 13754.373028704746 
0069000027 (0079000026) : 13922.215425789778 
0058000028 (0069000027) : 15692.535379843805 
0079000029 (0058000028) : 15987.537663656465 
0092000030 (0079000029) : 17255.97027470264 
0078000031 (0092000030) : 19036.107179447612 
0019000032 (0078000031) : 19780.846462248563 
0069000033 (0019000032) : 20693.359410414432 
0033000034 (0069000033) : 21963.668484520647 
0063000035 (0033000034) : 22040.425977988674 
0037000036 (0063000035) : 22824.220267349316 
0011000037 (0037000036) : 25378.885864173393 
0029000038 (0011000037) : 25960.62635463924 
0055000039 (0029000038) : 26615.577156689757 
0033000040 (0055000039) : 26761.72750944338 
0021000041 (0033000040) : 27546.48118929014 
0085000042 (0021000041) : 28056.189759258603 
0091000043 (0085000042) : 28601.61313558919 
0007000044 (0091000043) : 29084.3152474215 
0090000045 (0007000044) : 29172.960722135285 
0021000046 (0090000045) : 29552.181734842987 
0066000047 (0021000046) : 30376.747562133365 
0089000048 (0066000047) : 30599.713308097136 
0098000049 (0089000048) : 30635.467433768023 
0066000050 (0098000049) : 30768.037995281727 
0097000051 (0066000050) : 31915.75740721758 
0092000052 (0097000051) : 31993.92089313823 
0041000053 (0092000052) : 34912.47835067988 
0058000054 (0041000053) : 34923.6055776951 
0048000055 (0058000054) : 37916.13755098112 
0044000056 (0048000055) : 38527.88385058992 
0005000057 (0044000056) : 38720.92379725184 
0088000058 (0005000057) : 40394.76071959502 
0037000059 (0088000058) : 40507.744597625606 
0041000060 (0037000059) : 41131.384976961745 
0021000061 (0041000060) : 42131.514668681 
0047000062 (0021000061) : 43516.70365494053 
0041000063 (0047000062) : 44234.42884903381 
0013000064 (0041000063) : 45880.15260765596 
0046000065 (0013000064) : 46171.5356090711 
0017000066 (0046000065) : 46389.079397502384 
0099000067 (0017000066) : 46479.88544568534 
0071000068 (0099000067) : 46669.69411879082 
0021000069 (0071000068) : 48345.19811897414 
0022000070 (0021000069) : 49075.47200975975 
0025000071 (0022000070) : 49105.71863115234 
0084000072 (0025000071) : 49179.24393545984 
0064000073 (0084000072) : 49723.95056514718 
0050000074 (0064000073) : 50321.306774702294 
0054000075 (0050000074) : 51366.115310257665 
0099000076 (0054000075) : 51582.6050301531 
0021000077 (0099000076) : 51621.467058385235 
0062000078 (0021000077) : 52430.91753311114 
0096000079 (0062000078) : 53021.68924425491 
0005000080 (0096000079) : 54376.48918245431 
0021000081 (0005000080) : 54425.30426455323 
0044000082 (0021000081) : 54549.17086061604 
0084000083 (0044000082) : 55108.26311324583 
0080000084 (0084000083) : 56048.200815615746 
0058000085 (0080000084) : 56357.80265491061 
0087000086 (0058000085) : 56916.457028116056 
0071000087 (0087000086) : 58484.73326251211 
0015000088 (0071000087) : 59376.583321513746 
0038000089 (0015000088) : 60878.628163538204 
0004000090 (0038000089) : 61962.430030787524 
0089000091 (0004000090) : 62375.252181374184 
0051000092 (0089000091) : 63022.3255621838 
0062000093 (0051000092) : 63250.122689915625 
0042000094 (0062000093) : 63619.80887009099 
0072000095 (0042000094) : 63749.4054650389 
0049000096 (0072000095) : 63902.91516001488 
0026000097 (0049000096) : 65071.98747189347 
0092000098 (0026000097) : 66339.77111959447 
0065000099 (0092000098) : 67155.28184094795 
0029000100 (0065000099) : 67215.21736253437 
0063000101 (0029000100) : 67390.6952397482 
0036000102 (0063000101) : 67811.79711210256 
0096000103 (0036000102) : 68059.67880665074 
0067000104 (0096000103) : 68902.45296344317 
0022000105 (0067000104) : 69385.52911818423 
0040000106 (0022000105) : 69530.81211421185 
0078000107 (0040000106) : 70276.01730910006 
0021000108 (0078000107) : 70496.24426131419 
0088000109 (0021000108) : 71973.23193669437 
0028000110 (0088000109) : 73752.4951511787 
0045000111 (0028000110) : 75327.13025191343 
0034000112 (0045000111) : 76863.53910732687 
0092000113 (0034000112) : 77323.9876052501 
0088000114 (0092000113) : 77721.47761179236 
0061000115 (0088000114) : 79515.24264845664 
0048000116 (0061000115) : 80439.33957292259 
0020000117 (0048000116) : 80909.7434809902 
0021000118 (0020000117) : 82504.77587564965 
0013000119 (0021000118) : 83303.6613410974 
0064000120 (0013000119) : 83967.02540768322 
0018000121 (0064000120) : 84127.64004858788 
0021000122 (0018000121) : 84555.7990698255 
0097000123 (0021000122) : 84676.02805470687 
0041000124 (0097000123) : 85007.2845127587 
0006000125 (0041000124) : 85513.08060302174 
0089000126 (0006000125) : 86993.07495634072 
0053000127 (0089000126) : 87613.66020148058 
0004000128 (0053000127) : 88318.41262928868 
0023000129 (0004000128) : 88800.16195966573 
0051000130 (0023000129) : 89761.07754013255 
0090000131 (0051000130) : 90432.54980833206 
0063000132 (0090000131) : 90437.43685831733 
0000000133 (0063000132) : 91070.53950766799 
0065000134 (0000000133) : 91438.76305698868 
0052000135 (0065000134) : 92129.13947449718 
0088000136 (0052000135) : 94029.43630430217 
0023000137 (0088000136) : 94588.68908156436 
0021000138 (0023000137) : 97155.75543568611 
0086000139 (0021000138) : 97592.16355161335 
0082000140 (0086000139) : 98286.47603442936 
0086000141 (0082000140) : 98644.47481367899 
