0000000000 (genesis block) : 0 
0015000001 (0000000000) : 100.7750841109564 
0021000002 (0015000001) : 856.5489485941386 
0082000003 (0021000002) : 923.8541792332243 
0079000004 (0082000003) : 2228.81748574501 
0075000005 (0079000004) : 2687.0513543308957 
0047000006 (0075000005) : 4119.561282726377 
0070000007 (0047000006) : 4701.867469228808 
0021000008 (0070000007) : 4968.753882443749 
0089000009 (0021000008) : 5004.6897981642815 
0021000010 (0089000009) : 5074.287025351642 
0059000011 (0021000010) : 5508.49779016158 
0056000012 (0059000011) : 5830.125216765114 
0047000013 (0056000012) : 6541.141836697446 
0008000014 (0047000013) : 7043.238367198212 
0053000015 (0008000014) : 7862.735071890823 
0094000016 (0053000015) : 7899.900472678689 
0000000017 (0094000016) : 7985.475450603799 
0055000018 (0000000017) : 8235.544187583546 
0088000019 (0055000018) : 9211.293122947583 
0040000020 (0088000019) : 9731.319094423265 
0017000021 (0040000020) : 9736.528140479799 
0037000022 (0017000021) : 11640.414111790795 
0006000023 (0037000022) : 13138.861438294585 
0092000024 (0006000023) : 13556.268165635589 
0093000025 (0092000024) : 13620.30067084286 
0079000026 (0093000025) : 13754.214585527907 
0069000027 (0079000026) : 13922.10701449678 
0058000028 (0069000027) : 15692.36402574482 
0079000029 (0058000028) : 15987.378722727919 
0092000030 (0079000029) : 17255.92276139335 
0078000031 (0092000030) : 19036.441044181065 
0019000032 (0078000031) : 19780.542016392745 
0069000033 (0019000032) : 20693.2455172827 
0033000034 (0069000033) : 21963.66208831532 
0063000035 (0033000034) : 22040.29555719705 
0037000036 (0063000035) : 22824.207386769504 
0011000037 (0037000036) : 25378.70902197043 
0029000038 (0011000037) : 25960.419996623354 
0055000039 (0029000038) : 26615.356363136834 
0033000040 (0055000039) : 26761.718084820663 
0021000041 (0033000040) : 27546.416946651832 
0085000042 (0021000041) : 28056.178575094324 
0091000043 (0085000042) : 28601.63417030795 
0007000044 (0091000043) : 29084.334278339324 
0090000045 (0007000044) : 29172.811973552143 
0021000046 (0090000045) : 29552.12120243504 
0066000047 (0021000046) : 30376.718378544985 
0089000048 (0066000047) : 30599.588902095133 
0098000049 (0089000048) : 30635.103208453635 
0066000050 (0098000049) : 30768.009683840846 
0097000051 (0066000050) : 31915.638025720415 
0092000052 (0097000051) : 31993.8739744869 
0041000053 (0092000052) : 34912.63621922312 
0058000054 (0041000053) : 34923.43788029454 
0048000055 (0058000054) : 37916.125806148455 
0044000056 (0048000055) : 38527.8480599265 
0005000057 (0044000056) : 38720.58589723165 
0088000058 (0005000057) : 40394.64321766552 
0037000059 (0088000058) : 40507.737464577425 
0041000060 (0037000059) : 41131.54385000679 
0021000061 (0041000060) : 42131.45189459605 
0047000062 (0021000061) : 43516.553440805794 
0041000063 (0047000062) : 44234.5883860737 
0013000064 (0041000063) : 45880.2615706775 
0046000065 (0013000064) : 46171.48916413363 
0017000066 (0046000065) : 46389.03461679435 
0099000067 (0017000066) : 46479.73639860966 
0071000068 (0099000067) : 46669.76839181797 
0021000069 (0071000068) : 48345.13360944924 
0022000070 (0021000069) : 49075.34820917357 
0025000071 (0022000070) : 49105.67551572593 
0084000072 (0025000071) : 49179.0729534918 
0064000073 (0084000072) : 49723.64893321526 
0050000074 (0064000073) : 50320.96935681271 
0054000075 (0050000074) : 51365.991915485916 
0099000076 (0054000075) : 51582.45475399891 
0021000077 (0099000076) : 51621.39983037934 
0062000078 (0021000077) : 52430.76764949069 
0096000079 (0062000078) : 53021.5643396158 
0005000080 (0096000079) : 54376.14805815874 
0021000081 (0005000080) : 54425.23819633729 
0044000082 (0021000081) : 54549.13396060684 
0084000083 (0044000082) : 55108.09170658907 
0080000084 (0084000083) : 56048.087420785705 
0058000085 (0080000084) : 56357.633111286894 
0087000086 (0058000085) : 56916.24647855536 
0071000087 (0087000086) : 58484.812324154256 
0015000088 (0071000087) : 59376.45840922868 
0038000089 (0015000088) : 60878.56414231541 
0004000090 (0038000089) : 61962.807559701665 
0089000091 (0004000090) : 62375.12950667724 
0051000092 (0089000091) : 63022.14862664327 
0062000093 (0051000092) : 63249.972248263475 
0042000094 (0062000093) : 63619.74327406451 
0072000095 (0042000094) : 63749.29007083581 
0049000096 (0072000095) : 63902.70781267927 
0026000097 (0049000096) : 65071.81796127266 
0092000098 (0026000097) : 66339.72731410342 
0065000099 (0092000098) : 67155.11151229587 
0029000100 (0065000099) : 67215.0082103795 
0063000101 (0029000100) : 67390.56595388112 
0036000102 (0063000101) : 67811.75699364314 
0096000103 (0036000102) : 68059.553928076 
0067000104 (0096000103) : 68902.33488868874 
0022000105 (0067000104) : 69385.4048685413 
0040000106 (0022000105) : 69530.76631760903 
0078000107 (0040000106) : 70276.35340040737 
0021000108 (0078000107) : 70496.1787921624 
0088000109 (0021000108) : 71973.11107555611 
0028000110 (0088000109) : 73752.45734612168 
0045000111 (0028000110) : 75327.21924770578 
0034000112 (0045000111) : 76863.20057890838 
0092000113 (0034000112) : 77323.94358870875 
0088000114 (0092000113) : 77721.35942793927 
0061000115 (0088000114) : 79514.89830482527 
0048000116 (0061000115) : 80439.32912986723 
0020000117 (0048000116) : 80910.12214285745 
0021000118 (0020000117) : 82504.70875966983 
0013000119 (0021000118) : 83303.7699428292 
0064000120 (0013000119) : 83966.72183594044 
0018000121 (0064000120) : 84127.5338441838 
0021000122 (0018000121) : 84555.73492237426 
0097000123 (0021000122) : 84675.90808525722 
0041000124 (0097000123) : 85007.44200976033 
0006000125 (0041000124) : 85512.95593965816 
0089000126 (0006000125) : 86992.95257143123 
0053000127 (0089000126) : 87613.59869183497 
0004000128 (0053000127) : 88318.7920664504 
0023000129 (0004000128) : 88799.96216749943 
0051000130 (0023000129) : 89760.89975124777 
0090000131 (0051000130) : 90432.4019359244 
0063000132 (0090000131) : 90437.30782930019 
0000000133 (0063000132) : 91070.4112909114 
0065000134 (0000000133) : 91438.5922051613 
0052000135 (0065000134) : 92129.46062718853 
0088000136 (0052000135) : 94029.31449608952 
0023000137 (0088000136) : 94588.48952996849 
0021000138 (0023000137) : 97155.68976480332 
0086000139 (0021000138) : 97592.15578087316 
0082000140 (0086000139) : 98286.35486267142 
0086000141 (0082000140) : 98644.46823655877 
