0000000000 (genesis block) : 0 
0015000001 (0000000000) : 100.78523014039247 
0021000002 (0015000001) : 856.6735240989677 
0082000003 (0021000002) : 923.7364937599307 
0079000004 (0082000003) : 2228.6830991942907 
0075000005 (0079000004) : 2686.934802001388 
0047000006 (0075000005) : 4119.764394903291 
0070000007 (0047000006) : 4702.028071724535 
0021000008 (0070000007) : 4968.8849820877795 
0089000009 (0021000008) : 5004.746086247086 
0021000010 (0089000009) : 5074.412143202878 
0059000011 (0021000010) : 5508.781770036017 
0056000012 (0059000011) : 5830.144060587881 
0047000013 (0056000012) : 6541.341046571161 
0008000014 (0047000013) : 7043.440724431953 
0053000015 (0008000014) : 7862.750447936671 
0094000016 (0053000015) : 7899.940506699949 
0000000017 (0094000016) : 7985.712329215064 
0055000018 (0000000017) : 8235.701114959556 
0088000019 (0055000018) : 9211.348585728856 
0040000020 (0088000019) : 9731.522437415348 
0017000021 (0040000020) : 9736.808548867508 
0037000022 (0017000021) : 11640.13055193533 
0006000023 (0037000022) : 13138.91661495523 
0092000024 (0006000023) : 13556.447295771995 
0093000025 (0092000024) : 13620.338279679772 
0079000026 (0093000025) : 13754.082163718369 
0069000027 (0079000026) : 13921.971587248618 
0058000028 (0069000027) : 15692.406274739073 
0079000029 (0058000028) : 15987.245607702996 
0092000030 (0079000029) : 17256.0989801672 
0078000031 (0092000030) : 19036.38827464269 
0019000032 (0078000031) : 19780.823475829984 
0069000033 (0019000032) : 20693.11625628974 
0033000034 (0069000033) : 21963.376750519226 
0063000035 (0033000034) : 22040.455491776815 
0037000036 (0063000035) : 22823.928092852057 
0011000037 (0037000036) : 25378.745579641167 
0029000038 (0011000037) : 25960.463161061936 
0055000039 (0029000038) : 26615.515711276334 
0033000040 (0055000039) : 26761.437052526722 
0021000041 (0033000040) : 27546.5451894847 
0085000042 (0021000041) : 28055.898417801538 
0091000043 (0085000042) : 28601.55169277061 
0007000044 (0091000043) : 29084.536236715045 
0090000045 (0007000044) : 29172.922853478274 
0021000046 (0090000045) : 29552.24902053601 
0066000047 (0021000046) : 30376.906224952214 
0089000048 (0066000047) : 30599.64625506438 
0098000049 (0089000048) : 30635.177022084616 
0066000050 (0098000049) : 30768.201157549756 
0097000051 (0066000050) : 31915.625440346215 
0092000052 (0097000051) : 31994.050082073016 
0041000053 (0092000052) : 34912.76843124213 
0058000054 (0041000053) : 34923.47731846076 
0048000055 (0058000054) : 37915.84626565206 
0044000056 (0048000055) : 38527.98055123511 
0005000057 (0044000056) : 38720.866398393926 
0088000058 (0005000057) : 40394.69456523034 
0037000059 (0088000058) : 40507.454410300306 
0041000060 (0037000059) : 41131.67621463863 
0021000061 (0041000060) : 42131.58123791656 
0047000062 (0021000061) : 43516.75796346828 
0041000063 (0047000062) : 44234.72022861835 
0013000064 (0041000063) : 45880.20897977556 
0046000065 (0013000064) : 46171.69166368679 
0017000066 (0046000065) : 46389.31495304585 
0099000067 (0017000066) : 46479.938286686585 
0071000068 (0099000067) : 46669.713597852824 
0021000069 (0071000068) : 48345.26490144576 
0022000070 (0021000069) : 49075.62804309054 
0025000071 (0022000070) : 49105.72022507996 
0084000072 (0025000071) : 49179.29487552429 
0064000073 (0084000072) : 49723.85000962152 
0050000074 (0064000073) : 50321.24941226409 
0054000075 (0050000074) : 51366.12209486755 
0099000076 (0054000075) : 51582.65750092993 
0021000077 (0099000076) : 51621.530729289785 
0062000078 (0021000077) : 52430.974781227094 
0096000079 (0062000078) : 53021.84601644732 
0005000080 (0096000079) : 54376.42765241267 
0021000081 (0005000080) : 54425.3658277157 
0044000082 (0021000081) : 54549.26418789241 
0084000083 (0044000082) : 55108.31451223108 
0080000084 (0084000083) : 56048.0255446035 
0058000085 (0080000084) : 56357.67113021068 
0087000086 (0058000085) : 56916.28761639884 
0071000087 (0087000086) : 58484.75253853907 
0015000088 (0071000087) : 59376.461783500796 
0038000089 (0015000088) : 60878.69323573953 
0004000090 (0038000089) : 61962.69072886781 
0089000091 (0004000090) : 62375.18687807973 
0051000092 (0089000091) : 63022.38054241426 
0062000093 (0051000092) : 63250.17255859588 
0042000094 (0062000093) : 63619.87183941714 
0072000095 (0042000094) : 63749.260863518015 
0049000096 (0072000095) : 63902.74577940034 
0026000097 (0049000096) : 65071.85888116372 
0092000098 (0026000097) : 66339.89881701197 
0065000099 (0092000098) : 67155.33450481737 
0029000100 (0065000099) : 67215.04973667527 
0063000101 (0029000100) : 67390.7227791452 
0036000102 (0063000101) : 67811.62591094871 
0096000103 (0036000102) : 68059.83531977895 
0067000104 (0096000103) : 68902.33398096124 
0022000105 (0067000104) : 69385.68875587202 
0040000106 (0022000105) : 69530.96719269527 
0078000107 (0040000106) : 70276.3038053931 
0021000108 (0078000107) : 70496.31055591803 
0088000109 (0021000108) : 71973.16387603786 
0028000110 (0088000109) : 73752.62618263111 
0045000111 (0028000110) : 75327.39006189194 
0034000112 (0045000111) : 76863.48423667382 
0092000113 (0034000112) : 77324.12440129995 
0088000114 (0092000113) : 77721.41560994205 
0061000115 (0088000114) : 79515.15044254345 
0048000116 (0061000115) : 80439.04876259292 
0020000117 (0048000116) : 80910.00566556986 
0021000118 (0020000117) : 82504.84160819513 
0013000119 (0021000118) : 83303.72098386796 
0064000120 (0013000119) : 83966.924583959 
0018000121 (0064000120) : 84127.61032954251 
0021000122 (0018000121) : 84555.86357965163 
0097000123 (0021000122) : 84675.89854867943 
0041000124 (0097000123) : 85007.57712733919 
0006000125 (0041000124) : 85513.0110103486 
0089000126 (0006000125) : 86993.01170546186 
0053000127 (0089000126) : 87613.61105832507 
0004000128 (0053000127) : 88318.6720952965 
0023000129 (0004000128) : 88799.87148417064 
0051000130 (0023000129) : 89761.12696482484 
0090000131 (0051000130) : 90432.5105426399 
0063000132 (0090000131) : 90437.46509658215 
0000000133 (0063000132) : 91070.64202148998 
0065000134 (0000000133) : 91438.81623393396 
0052000135 (0065000134) : 92129.40480881163 
0088000136 (0052000135) : 94029.36645412282 
0023000137 (0088000136) : 94588.39849243271 
0021000138 (0023000137) : 97155.81900309576 
0086000139 (0021000138) : 97592.10182050284 
0082000140 (0086000139) : 98286.24234591953 
0086000141 (0082000140) : 98644.41343331499 
