0000000000 (genesis block) : 0 
0015000001 (0000000000) : 100.82212460020241 
0021000002 (0015000001) : 856.3200378199582 
0082000003 (0021000002) : 923.468704967896 
0079000004 (0082000003) : 2228.9990141035587 
0075000005 (0079000004) : 2687.091518675114 
0047000006 (0075000005) : 4119.600131652082 
0070000007 (0047000006) : 4701.956398775384 
0021000008 (0070000007) : 4968.526941617045 
0089000009 (0021000008) : 5004.781008987706 
0021000010 (0089000009) : 5074.057372515364 
0059000011 (0021000010) : 5508.67827975143 
0056000012 (0059000011) : 5830.193426698051 
0047000013 (0056000012) : 6541.177961548147 
0008000014 (0047000013) : 7043.274735416588 
0053000015 (0008000014) : 7862.465746319146 
0094000016 (0053000015) : 7899.684459053023 
0000000017 (0094000016) : 7985.70791879972 
0055000018 (0000000017) : 8235.466951449402 
0088000019 (0055000018) : 9210.990490360686 
0040000020 (0088000019) : 9731.469262807048 
0017000021 (0040000020) : 9736.851734758357 
0037000022 (0017000021) : 11640.48577944297 
0006000023 (0037000022) : 13138.964944379408 
0092000024 (0006000023) : 13556.227282293894 
0093000025 (0092000024) : 13620.517194732734 
0079000026 (0093000025) : 13754.393504606593 
0069000027 (0079000026) : 13922.126430703302 
0058000028 (0069000027) : 15692.586861305614 
0079000029 (0058000028) : 15987.55741609465 
0092000030 (0079000029) : 17255.87852213884 
0078000031 (0092000030) : 19036.288852519574 
0019000032 (0078000031) : 19780.918914815586 
0069000033 (0019000032) : 20693.27328404561 
0033000034 (0069000033) : 21963.731603580647 
0063000035 (0033000034) : 22040.135892312486 
0037000036 (0063000035) : 22824.28569387116 
0011000037 (0037000036) : 25378.771147879514 
0029000038 (0011000037) : 25960.654047060052 
0055000039 (0029000038) : 26615.284681404748 
0033000040 (0055000039) : 26761.792577126318 
0021000041 (0033000040) : 27546.190872839634 
0085000042 (0021000041) : 28056.25199924755 
0091000043 (0085000042) : 28601.823871312314 
0007000044 (0091000043) : 29084.365931413806 
0090000045 (0007000044) : 29172.932617771476 
0021000046 (0090000045) : 29551.894658682486 
0066000047 (0021000046) : 30376.90500444026 
0089000048 (0066000047) : 30599.683922540476 
0098000049 (0089000048) : 30635.029630677986 
0066000050 (0098000049) : 30768.206059828717 
0097000051 (0066000050) : 31915.73268604337 
0092000052 (0097000051) : 31993.831389991094 
0041000053 (0092000052) : 34912.75785163921 
0058000054 (0041000053) : 34923.65912688733 
0048000055 (0058000054) : 37916.20104593311 
0044000056 (0048000055) : 38527.62610329112 
0005000057 (0044000056) : 38720.68820124137 
0088000058 (0005000057) : 40394.33929249959 
0037000059 (0088000058) : 40507.810428367855 
0041000060 (0037000059) : 41131.666114692904 
0021000061 (0041000060) : 42131.22633622777 
0047000062 (0021000061) : 43516.59251564043 
0041000063 (0047000062) : 44234.71035167046 
0013000064 (0041000063) : 45880.228294716435 
0046000065 (0013000064) : 46171.63769940704 
0017000066 (0046000065) : 46389.362980766025 
0099000067 (0017000066) : 46479.77399259952 
0071000068 (0099000067) : 46669.38937160858 
0021000069 (0071000068) : 48344.90886442929 
0022000070 (0021000069) : 49075.71252091953 
0025000071 (0022000070) : 49105.81754219468 
0084000072 (0025000071) : 49179.032292307194 
0064000073 (0084000072) : 49723.95161016982 
0050000074 (0064000073) : 50321.35454140708 
0054000075 (0050000074) : 51366.32291338275 
0099000076 (0054000075) : 51582.490391992906 
0021000077 (0099000076) : 51621.175263361416 
0062000078 (0021000077) : 52430.747862633674 
0096000079 (0062000078) : 53021.928212849154 
0005000080 (0096000079) : 54376.251186500864 
0021000081 (0005000080) : 54425.01198988387 
0044000082 (0021000081) : 54548.910199763675 
0084000083 (0044000082) : 55108.050194378106 
0080000084 (0084000083) : 56047.70173512743 
0058000085 (0080000084) : 56357.8527934902 
0087000086 (0058000085) : 56916.48193722822 
0071000087 (0087000086) : 58484.42893324419 
0015000088 (0071000087) : 59376.500030557945 
0038000089 (0015000088) : 60878.33898895798 
0004000090 (0038000089) : 61962.93328039888 
0089000091 (0004000090) : 62375.224967996095 
0051000092 (0089000091) : 63022.15278678125 
0062000093 (0051000092) : 63249.94662683798 
0042000094 (0062000093) : 63619.51606652056 
0072000095 (0042000094) : 63748.90670121674 
0049000096 (0072000095) : 63902.655862037725 
0026000097 (0049000096) : 65072.039031499284 
0092000098 (0026000097) : 66339.68427239713 
0065000099 (0092000098) : 67155.13452017862 
0029000100 (0065000099) : 67215.24186000666 
0063000101 (0029000100) : 67390.40051939915 
0036000102 (0063000101) : 67811.79116400202 
0096000103 (0036000102) : 68059.91845020268 
0067000104 (0096000103) : 68902.40146147994 
0022000105 (0067000104) : 69385.77289824323 
0040000106 (0022000105) : 69530.91640011503 
0078000107 (0040000106) : 70276.1973935928 
0021000108 (0078000107) : 70495.95445145377 
0088000109 (0021000108) : 71972.80881253257 
0028000110 (0088000109) : 73752.34366405399 
0045000111 (0028000110) : 75327.23044236758 
0034000112 (0045000111) : 76863.57429108971 
0092000113 (0034000112) : 77323.89592846652 
0088000114 (0092000113) : 77721.05795979242 
0061000115 (0088000114) : 79515.07747534334 
0048000116 (0061000115) : 80439.40399629295 
0020000117 (0048000116) : 80910.18740566184 
0021000118 (0020000117) : 82504.48285943548 
0013000119 (0021000118) : 83303.73838090638 
0064000120 (0013000119) : 83967.02719270156 
0018000121 (0064000120) : 84127.69529589207 
0021000122 (0018000121) : 84555.50815227813 
0097000123 (0021000122) : 84676.00371280554 
0041000124 (0097000123) : 85007.56573562279 
0006000125 (0041000124) : 85513.06249140213 
0089000126 (0006000125) : 86993.04992535067 
0053000127 (0089000126) : 87613.3300406278 
0004000128 (0053000127) : 88318.91204585692 
0023000129 (0004000128) : 88800.2267958152 
0051000130 (0023000129) : 89760.91012937533 
0090000131 (0051000130) : 90432.5190772812 
0063000132 (0090000131) : 90437.14334008735 
0000000133 (0063000132) : 91070.64078254708 
0065000134 (0000000133) : 91438.61476740513 
0052000135 (0065000134) : 92129.49430805456 
0088000136 (0052000135) : 94029.01267379384 
0023000137 (0088000136) : 94588.75320266059 
0021000138 (0023000137) : 97155.46503259728 
0086000139 (0021000138) : 97592.1470385363 
0082000140 (0086000139) : 98285.97193255168 
0086000141 (0082000140) : 98644.4579915168 
