0000000000 (genesis block) : 0 
0015000001 (0000000000) : 101.08246036017238 
0021000002 (0015000001) : 856.8156718627698 
0082000003 (0021000002) : 924.0001243968683 
0079000004 (0082000003) : 2229.050326959545 
0075000005 (0079000004) : 2687.261286197339 
0047000006 (0075000005) : 4119.8675638992245 
0070000007 (0047000006) : 4701.873124392038 
0021000008 (0070000007) : 4969.021899529371 
0089000009 (0021000008) : 5004.998313141265 
0021000010 (0089000009) : 5074.551202693146 
0059000011 (0021000010) : 5508.805905539271 
0056000012 (0059000011) : 5829.885592044653 
0047000013 (0056000012) : 6541.4484099810925 
0008000014 (0047000013) : 7043.545262492647 
0053000015 (0008000014) : 7862.5021305001455 
0094000016 (0053000015) : 7899.848679133319 
0000000017 (0094000016) : 7985.785694287707 
0055000018 (0000000017) : 8235.799841344526 
0088000019 (0055000018) : 9211.521798098034 
0040000020 (0088000019) : 9731.627766570637 
0017000021 (0040000020) : 9736.800178849895 
0037000022 (0017000021) : 11640.71879929881 
0006000023 (0037000022) : 13139.16955050738 
0092000024 (0006000023) : 13556.575431161002 
0093000025 (0092000024) : 13620.58761537816 
0079000026 (0093000025) : 13754.450039739842 
0069000027 (0079000026) : 13922.110072967678 
0058000028 (0069000027) : 15692.67063030328 
0079000029 (0058000028) : 15987.611543406303 
0092000030 (0079000029) : 17256.23288699903 
0078000031 (0092000030) : 19036.48365019735 
0019000032 (0078000031) : 19780.85082559739 
0069000033 (0019000032) : 20693.255400106882 
0033000034 (0069000033) : 21963.87347818183 
0063000035 (0033000034) : 22040.55634238666 
0037000036 (0063000035) : 22824.51754741685 
0011000037 (0037000036) : 25379.016153047178 
0029000038 (0011000037) : 25960.726490672085 
0055000039 (0029000038) : 26615.616226452847 
0033000040 (0055000039) : 26761.93743475184 
0021000041 (0033000040) : 27546.68496162471 
0085000042 (0021000041) : 28056.486897281964 
0091000043 (0085000042) : 28601.83653054593 
0007000044 (0091000043) : 29084.64074049749 
0090000045 (0007000044) : 29172.962291642507 
0021000046 (0090000045) : 29552.38893331241 
0066000047 (0021000046) : 30376.859492735235 
0089000048 (0066000047) : 30599.902557060253 
0098000049 (0089000048) : 30635.3353077727 
0066000050 (0098000049) : 30768.148774831756 
0097000051 (0066000050) : 31915.43883113414 
0092000052 (0097000051) : 31994.1836971682 
0041000053 (0092000052) : 34912.90475833707 
0058000054 (0041000053) : 34923.74643617349 
0048000055 (0058000054) : 37916.43472428759 
0044000056 (0048000055) : 38527.82081393679 
0005000057 (0044000056) : 38720.27762116255 
0088000058 (0005000057) : 40394.87204238457 
0037000059 (0088000058) : 40508.04374386595 
0041000060 (0037000059) : 41131.81213399767 
0021000061 (0041000060) : 42131.719797527025 
0047000062 (0021000061) : 43516.86110120142 
0041000063 (0047000062) : 44234.856143072706 
0013000064 (0041000063) : 45880.527866076656 
0046000065 (0013000064) : 46171.79691320247 
0017000066 (0046000065) : 46389.302991207194 
0099000067 (0017000066) : 46480.04261009722 
0071000068 (0099000067) : 46669.78405701032 
0021000069 (0071000068) : 48345.401480569184 
0022000070 (0021000069) : 49075.65568179452 
0025000071 (0022000070) : 49105.94341550825 
0084000072 (0025000071) : 49179.2289662191 
0064000073 (0084000072) : 49723.956350231005 
0050000074 (0064000073) : 50321.23985910415 
0054000075 (0050000074) : 51366.300878639566 
0099000076 (0054000075) : 51582.761786357834 
0021000077 (0099000076) : 51621.66748097736 
0062000078 (0021000077) : 52431.07450334739 
0096000079 (0062000078) : 53021.87272785918 
0005000080 (0096000079) : 54375.841377257086 
0021000081 (0005000080) : 54425.5074855667 
0044000082 (0021000081) : 54549.104269757234 
0084000083 (0044000082) : 55108.24672636935 
0080000084 (0084000083) : 56048.23387472945 
0058000085 (0080000084) : 56357.939888074514 
0087000086 (0058000085) : 56916.55390525355 
0071000087 (0087000086) : 58484.81806891535 
0015000088 (0071000087) : 59376.76142783879 
0038000089 (0015000088) : 60878.533398795 
0004000090 (0038000089) : 61963.075369581406 
0089000091 (0004000090) : 62375.4380221943 
0051000092 (0089000091) : 63022.44196444014 
0062000093 (0051000092) : 63250.28128702344 
0042000094 (0062000093) : 63619.784428544604 
0072000095 (0042000094) : 63749.43905730638 
0049000096 (0072000095) : 63902.975899404344 
0026000097 (0049000096) : 65072.126816806165 
0092000098 (0026000097) : 66340.03401163468 
0065000099 (0092000098) : 67155.37912346251 
0029000100 (0065000099) : 67215.31574871563 
0063000101 (0029000100) : 67390.8201870997 
0036000102 (0063000101) : 67812.06351961673 
0096000103 (0036000102) : 68059.86164018826 
0067000104 (0096000103) : 68902.10563142251 
0022000105 (0067000104) : 69385.7128957004 
0040000106 (0022000105) : 69531.07382233559 
0078000107 (0040000106) : 70276.3932052976 
0021000108 (0078000107) : 70496.44714169642 
0088000109 (0021000108) : 71973.34335615826 
0028000110 (0088000109) : 73752.47327145818 
0045000111 (0028000110) : 75327.52607047926 
0034000112 (0045000111) : 76863.50766497236 
0092000113 (0034000112) : 77324.25227648587 
0088000114 (0092000113) : 77721.59280153357 
0061000115 (0088000114) : 79515.2048312945 
0048000116 (0061000115) : 80439.63596887898 
0020000117 (0048000116) : 80910.3885092302 
0021000118 (0020000117) : 82504.9767513293 
0013000119 (0021000118) : 83304.03479045047 
0064000120 (0013000119) : 83967.03002644733 
0018000121 (0064000120) : 84127.6161218229 
0021000122 (0018000121) : 84556.00288061418 
0097000123 (0021000122) : 84675.70878754312 
0041000124 (0097000123) : 85007.71133028028 
0006000125 (0041000124) : 85513.26336171162 
0089000126 (0006000125) : 86993.25950492843 
0053000127 (0089000126) : 87613.3638873735 
0004000128 (0053000127) : 88319.06028817885 
0023000129 (0004000128) : 88800.27046576922 
0051000130 (0023000129) : 89761.19610476086 
0090000131 (0051000130) : 90432.55081771847 
0063000132 (0090000131) : 90437.56395344135 
0000000133 (0063000132) : 91070.71983441376 
0065000134 (0000000133) : 91438.85947711946 
0052000135 (0065000134) : 92129.52919651901 
0088000136 (0052000135) : 94029.54569190514 
0023000137 (0088000136) : 94588.79656783407 
0021000138 (0023000137) : 97155.9578797875 
0086000139 (0021000138) : 97591.98200964436 
0082000140 (0086000139) : 98286.5091530694 
0086000141 (0082000140) : 98644.29515243815 
