0000000000 (genesis block) : 0 
0015000001 (0000000000) : 100.57022369070509 
0021000002 (0015000001) : 856.8513020425414 
0082000003 (0021000002) : 924.0946925753082 
0079000004 (0082000003) : 2228.770618166269 
0075000005 (0079000004) : 2687.201132922977 
0047000006 (0075000005) : 4119.827087966699 
0070000007 (0047000006) : 4702.132725861677 
0021000008 (0070000007) : 4969.056430217776 
0089000009 (0021000008) : 5004.4784428511075 
0021000010 (0089000009) : 5074.587153727877 
0059000011 (0021000010) : 5508.697266189552 
0056000012 (0059000011) : 5830.1345054638 
0047000013 (0056000012) : 6541.405059978217 
0008000014 (0047000013) : 7043.285098990591 
0053000015 (0008000014) : 7862.672185489839 
0094000016 (0053000015) : 7900.074081086347 
0000000017 (0094000016) : 7985.443897105531 
0055000018 (0000000017) : 8235.909969324883 
0088000019 (0055000018) : 9211.616959149587 
0040000020 (0088000019) : 9731.695560670147 
0017000021 (0040000020) : 9736.679855365363 
0037000022 (0017000021) : 11640.517401880274 
0006000023 (0037000022) : 13138.66155197941 
0092000024 (0006000023) : 13556.403057891006 
0093000025 (0092000024) : 13620.379274180334 
0079000026 (0093000025) : 13754.167635469166 
0069000027 (0079000026) : 13921.724671964297 
0058000028 (0069000027) : 15692.536462984895 
0079000029 (0058000028) : 15987.331366153387 
0092000030 (0079000029) : 17256.053178415576 
0078000031 (0092000030) : 19036.547305216776 
0019000032 (0078000031) : 19780.9174465692 
0069000033 (0019000032) : 20692.86542270678 
0033000034 (0069000033) : 21963.762800759996 
0063000035 (0033000034) : 22040.665133781353 
0037000036 (0063000035) : 22824.31126553741 
0011000037 (0037000036) : 25378.95695467319 
0029000038 (0011000037) : 25960.628481721567 
0055000039 (0029000038) : 26615.725111940417 
0033000040 (0055000039) : 26761.824524237425 
0021000041 (0033000040) : 27546.724595592408 
0085000042 (0021000041) : 28056.432830988197 
0091000043 (0085000042) : 28602.053292756464 
0007000044 (0091000043) : 29084.745026014454 
0090000045 (0007000044) : 29172.888636949854 
0021000046 (0090000045) : 29552.424398084197 
0066000047 (0021000046) : 30377.03714124983 
0089000048 (0066000047) : 30599.380080079347 
0098000049 (0089000048) : 30635.26211107817 
0066000050 (0098000049) : 30768.330360675143 
0097000051 (0066000050) : 31915.938061547844 
0092000052 (0097000051) : 31994.007191002478 
0041000053 (0092000052) : 34912.78675969449 
0058000054 (0041000053) : 34923.610472624576 
0048000055 (0058000054) : 37916.375597555554 
0044000056 (0048000055) : 38528.14028314669 
0005000057 (0044000056) : 38720.91983562168 
0088000058 (0005000057) : 40394.966786892466 
0037000059 (0088000058) : 40507.843228242964 
0041000060 (0037000059) : 41131.694577095535 
0021000061 (0041000060) : 42131.755401010945 
0047000062 (0021000061) : 43516.82195281675 
0041000063 (0047000062) : 44234.73740120999 
0013000064 (0041000063) : 45880.40688567999 
0046000065 (0013000064) : 46171.86609589609 
0017000066 (0046000065) : 46389.18765666996 
0099000067 (0017000066) : 46479.781792991445 
0071000068 (0099000067) : 46670.01468459911 
0021000069 (0071000068) : 48345.443110353095 
0022000070 (0021000069) : 49075.54261440765 
0025000071 (0022000070) : 49105.190653031175 
0084000072 (0025000071) : 49179.2501922054 
0064000073 (0084000072) : 49724.05905062824 
0050000074 (0064000073) : 50321.41492243199 
0054000075 (0050000074) : 51366.18768038453 
0099000076 (0054000075) : 51582.500699467455 
0021000077 (0099000076) : 51621.70775200419 
0062000078 (0021000077) : 52431.03205375045 
0096000079 (0062000078) : 53021.78682887846 
0005000080 (0096000079) : 54376.4804363039 
0021000081 (0005000080) : 54425.544718722565 
0044000082 (0021000081) : 54549.43085094572 
0084000083 (0044000082) : 55108.2699251504 
0080000084 (0084000083) : 56048.330029729834 
0058000085 (0080000084) : 56357.80575840826 
0087000086 (0058000085) : 56916.46381115766 
0071000087 (0087000086) : 58485.05565056272 
0015000088 (0071000087) : 59376.250527278 
0038000089 (0015000088) : 60878.8554130469 
0004000090 (0038000089) : 61962.95894936022 
0089000091 (0004000090) : 62374.9201644473 
0051000092 (0089000091) : 63022.44118889522 
0062000093 (0051000092) : 63250.239908013675 
0042000094 (0062000093) : 63620.048036726934 
0072000095 (0042000094) : 63749.53374010249 
0049000096 (0072000095) : 63902.91652368345 
0026000097 (0049000096) : 65071.992274542004 
0092000098 (0026000097) : 66339.85628381444 
0065000099 (0092000098) : 67155.3970611645 
0029000100 (0065000099) : 67215.2188689906 
0063000101 (0029000100) : 67390.93154031281 
0036000102 (0063000101) : 67811.87700276655 
0096000103 (0036000102) : 68059.77840670099 
0067000104 (0096000103) : 68902.62789105061 
0022000105 (0067000104) : 69385.60012683403 
0040000106 (0022000105) : 69531.14101515095 
0078000107 (0040000106) : 70276.45246830842 
0021000108 (0078000107) : 70496.48447290045 
0088000109 (0021000108) : 71973.43914400759 
0028000110 (0088000109) : 73752.56278864916 
0045000111 (0028000110) : 75327.59632914251 
0034000112 (0045000111) : 76863.64260673526 
0092000113 (0034000112) : 77324.07219664255 
0088000114 (0092000113) : 77721.68575827785 
0061000115 (0088000114) : 79515.34104085057 
0048000116 (0061000115) : 80439.57989199627 
0020000117 (0048000116) : 80910.27151310953 
0021000118 (0020000117) : 82505.01341934464 
0013000119 (0021000118) : 83303.91603134225 
0064000120 (0013000119) : 83967.13462906433 
0018000121 (0064000120) : 84127.69346598785 
0021000122 (0018000121) : 84556.04441828238 
0097000123 (0021000122) : 84676.20857979055 
0041000124 (0097000123) : 85007.59338183861 
0006000125 (0041000124) : 85512.75498113093 
0089000126 (0006000125) : 86992.74551648325 
0053000127 (0089000126) : 87613.5347600852 
0004000128 (0053000127) : 88318.94283358403 
0023000129 (0004000128) : 88800.23786403841 
0051000130 (0023000129) : 89761.19233527976 
0090000131 (0051000130) : 90432.47709553583 
0063000132 (0090000131) : 90437.67462421588 
0000000133 (0063000132) : 91070.37685679011 
0065000134 (0000000133) : 91438.87877743949 
0052000135 (0065000134) : 92129.67010868833 
0088000136 (0052000135) : 94029.64038471792 
0023000137 (0088000136) : 94588.76669428853 
0021000138 (0023000137) : 97155.99354206868 
0086000139 (0021000138) : 97592.34281962267 
0082000140 (0086000139) : 98286.60052676305 
0086000141 (0082000140) : 98644.65485062716 
