0000000000 (genesis block) : 0 
0015000001 (0000000000) : 100.90577653332917 
0021000002 (0015000001) : 856.5303740188258 
0082000003 (0021000002) : 923.681277109891 
0079000004 (0082000003) : 2228.9126845403293 
0075000005 (0079000004) : 2687.2154529021986 
0047000006 (0075000005) : 4119.389333188896 
0070000007 (0047000006) : 4701.961880739151 
0021000008 (0070000007) : 4968.734622807823 
0089000009 (0021000008) : 5004.8616305216365 
0021000010 (0089000009) : 5074.267319431338 
0059000011 (0021000010) : 5508.5427575759195 
0056000012 (0059000011) : 5830.130201451242 
0047000013 (0056000012) : 6540.967236705491 
0008000014 (0047000013) : 7043.067129821004 
0053000015 (0008000014) : 7862.674672374715 
0094000016 (0053000015) : 7899.7953141113385 
0000000017 (0094000016) : 7985.645635821508 
0055000018 (0000000017) : 8235.580283488347 
0088000019 (0055000018) : 9211.202639703286 
0040000020 (0088000019) : 9731.259266545141 
0017000021 (0040000020) : 9736.701129090967 
0037000022 (0017000021) : 11640.506286323294 
0006000023 (0037000022) : 13139.031706382233 
0092000024 (0006000023) : 13556.208182080705 
0093000025 (0092000024) : 13620.385406138515 
0079000026 (0093000025) : 13754.306180251373 
0069000027 (0079000026) : 13921.96018788628 
0058000028 (0069000027) : 15692.455307777947 
0079000029 (0058000028) : 15987.472258746417 
0092000030 (0079000029) : 17255.861060040035 
0078000031 (0092000030) : 19036.365614038834 
0019000032 (0078000031) : 19780.714681771526 
0069000033 (0019000032) : 20693.101122932843 
0033000034 (0069000033) : 21963.756840917304 
0063000035 (0033000034) : 22040.248625728706 
0037000036 (0063000035) : 22824.30159996805 
0011000037 (0037000036) : 25378.80365185698 
0029000038 (0011000037) : 25960.44107189012 
0055000039 (0029000038) : 26615.399245400517 
0033000040 (0055000039) : 26761.810243129716 
0021000041 (0033000040) : 27546.399103152176 
0085000042 (0021000041) : 28056.271967003937 
0091000043 (0085000042) : 28601.613314979342 
0007000044 (0091000043) : 29084.42763848357 
0090000045 (0007000044) : 29172.75233998138 
0021000046 (0090000045) : 29552.106156300008 
0066000047 (0021000046) : 30376.69488552395 
0089000048 (0066000047) : 30599.7600681428 
0098000049 (0089000048) : 30635.24187706758 
0066000050 (0098000049) : 30767.988054975085 
0097000051 (0066000050) : 31915.577614180937 
0092000052 (0097000051) : 31993.814514475973 
0041000053 (0092000052) : 34912.800616564426 
0058000054 (0041000053) : 34923.52675675232 
0048000055 (0058000054) : 37916.22007882466 
0044000056 (0048000055) : 38527.70279602833 
0005000057 (0044000056) : 38720.705035937084 
0088000058 (0005000057) : 40394.54906910647 
0037000059 (0088000058) : 40507.83040698476 
0041000060 (0037000059) : 41131.706960543794 
0021000061 (0041000060) : 42131.43432824161 
0047000062 (0021000061) : 43516.382177000225 
0041000063 (0047000062) : 44234.7506538432 
0013000064 (0041000063) : 45880.20938841002 
0046000065 (0013000064) : 46171.428709385815 
0017000066 (0046000065) : 46389.20922100504 
0099000067 (0017000066) : 46479.56402807129 
0071000068 (0099000067) : 46669.59662745302 
0021000069 (0071000068) : 48345.11683930802 
0022000070 (0021000069) : 49075.5220053803 
0025000071 (0022000070) : 49105.632726214324 
0084000072 (0025000071) : 49178.922169821395 
0064000073 (0084000072) : 49723.741930811906 
0050000074 (0064000073) : 50321.14361700825 
0054000075 (0050000074) : 51366.16310231535 
0099000076 (0054000075) : 51582.282167346435 
0021000077 (0099000076) : 51621.384403709664 
0062000078 (0021000077) : 52430.59558475724 
0096000079 (0062000078) : 53021.7387311872 
0005000080 (0096000079) : 54376.27376195078 
0021000081 (0005000080) : 54425.220481866316 
0044000082 (0021000081) : 54548.987583787806 
0084000083 (0044000082) : 55107.94118139367 
0080000084 (0084000083) : 56047.91147357038 
0058000085 (0080000084) : 56357.7223411643 
0087000086 (0058000085) : 56916.26947518058 
0071000087 (0087000086) : 58484.63940444267 
0015000088 (0071000087) : 59376.58268966831 
0038000089 (0015000088) : 60878.41567329283 
0004000090 (0038000089) : 61962.75411634409 
0089000091 (0004000090) : 62375.301516027044 
0051000092 (0089000091) : 63022.00196188475 
0062000093 (0051000092) : 63249.797161140435 
0042000094 (0062000093) : 63619.726970540316 
0072000095 (0042000094) : 63749.11660300999 
0049000096 (0072000095) : 63902.72960288143 
0026000097 (0049000096) : 65071.906614770574 
0092000098 (0026000097) : 66339.6680906559 
0065000099 (0092000098) : 67154.9590806532 
0029000100 (0065000099) : 67215.03142390573 
0063000101 (0029000100) : 67390.51489217948 
0036000102 (0063000101) : 67811.85361156474 
0096000103 (0036000102) : 68059.72700283278 
0067000104 (0096000103) : 68902.27504485373 
0022000105 (0067000104) : 69385.57981317586 
0040000106 (0022000105) : 69530.70364045058 
0078000107 (0040000106) : 70276.27420124345 
0021000108 (0078000107) : 70496.16504767662 
0088000109 (0021000108) : 71973.01652312686 
0028000110 (0088000109) : 73752.39692817266 
0045000111 (0028000110) : 75327.15974414811 
0034000112 (0045000111) : 76863.37378353806 
0092000113 (0034000112) : 77323.87938601797 
0088000114 (0092000113) : 77721.26790831928 
0061000115 (0088000114) : 79514.92669487427 
0048000116 (0061000115) : 80439.4246724601 
0020000117 (0048000116) : 80910.03781918365 
0021000118 (0020000117) : 82504.69063610022 
0013000119 (0021000118) : 83303.72394856835 
0064000120 (0013000119) : 83966.81604248183 
0018000121 (0064000120) : 84127.6271625735 
0021000122 (0018000121) : 84555.71829875786 
0097000123 (0021000122) : 84675.84677700607 
0041000124 (0097000123) : 85007.60975584539 
0006000125 (0041000124) : 85513.12776057405 
0089000126 (0006000125) : 86993.12933386305 
0053000127 (0089000126) : 87613.54026119839 
0004000128 (0053000127) : 88318.73413694341 
0023000129 (0004000128) : 88800.134333783 
0051000130 (0023000129) : 89760.75401594739 
0090000131 (0051000130) : 90432.340733184 
0063000132 (0090000131) : 90437.26075558994 
0000000133 (0063000132) : 91070.58248072564 
0065000134 (0000000133) : 91438.44129224283 
0052000135 (0065000134) : 92129.46640648026 
0088000136 (0052000135) : 94029.2218530119 
0023000137 (0088000136) : 94588.66194725838 
0021000138 (0023000137) : 97155.67730116882 
0086000139 (0021000138) : 97592.12317555536 
0082000140 (0086000139) : 98286.18273847285 
0086000141 (0082000140) : 98644.44050475233 
