0000000000 (genesis block) : 0 
0015000001 (0000000000) : 100.58925264584039 
0021000002 (0015000001) : 856.7427671187419 
0082000003 (0021000002) : 923.913975037451 
0079000004 (0082000003) : 2228.704279497628 
0075000005 (0079000004) : 2687.1992525164724 
0047000006 (0075000005) : 4119.702586956702 
0070000007 (0047000006) : 4702.011475008246 
0021000008 (0070000007) : 4968.9490373048175 
0089000009 (0021000008) : 5004.549878648086 
0021000010 (0089000009) : 5074.47985091482 
0059000011 (0021000010) : 5508.650004151774 
0056000012 (0059000011) : 5830.078542578837 
0047000013 (0056000012) : 6541.280758824168 
0008000014 (0047000013) : 7043.380133718623 
0053000015 (0008000014) : 7862.694102748882 
0094000016 (0053000015) : 7899.67743698827 
0000000017 (0094000016) : 7985.517534478834 
0055000018 (0000000017) : 8235.644771287843 
0088000019 (0055000018) : 9211.267977503969 
0040000020 (0088000019) : 9731.462141888895 
0017000021 (0040000020) : 9736.753059096862 
0037000022 (0017000021) : 11640.230788873476 
0006000023 (0037000022) : 13138.734516740307 
0092000024 (0006000023) : 13556.368089333075 
0093000025 (0092000024) : 13620.072273083157 
0079000026 (0093000025) : 13754.099450656428 
0069000027 (0079000026) : 13921.990659536512 
0058000028 (0069000027) : 15692.139210999325 
0079000029 (0058000028) : 15987.264138535544 
0092000030 (0079000029) : 17256.02101226639 
0078000031 (0092000030) : 19036.30947795522 
0019000032 (0078000031) : 19780.766762450086 
0069000033 (0019000032) : 20693.131043520803 
0033000034 (0069000033) : 21963.47341163367 
0063000035 (0033000034) : 22040.399525849483 
0037000036 (0063000035) : 22824.023124707393 
0011000037 (0037000036) : 25378.578175223993 
0029000038 (0011000037) : 25960.233676236156 
0055000039 (0029000038) : 26615.4581841596 
0033000040 (0055000039) : 26761.53719658771 
0021000041 (0033000040) : 27546.61138696906 
0085000042 (0021000041) : 28056.162383381452 
0091000043 (0085000042) : 28601.816735917964 
0007000044 (0091000043) : 29084.478491589853 
0090000045 (0007000044) : 29172.859641924966 
0021000046 (0090000045) : 29552.314464483326 
0066000047 (0021000046) : 30376.642158144394 
0089000048 (0066000047) : 30599.453685943226 
0098000049 (0089000048) : 30635.278027364675 
0066000050 (0098000049) : 30767.934496934613 
0097000051 (0066000050) : 31915.782055067753 
0092000052 (0097000051) : 31993.972441826925 
0041000053 (0092000052) : 34912.859833340975 
0058000054 (0041000053) : 34923.21294248196 
0048000055 (0058000054) : 37916.10872696101 
0044000056 (0048000055) : 38527.8520822496 
0005000057 (0044000056) : 38720.809239490336 
0088000058 (0005000057) : 40394.61789063041 
0037000059 (0088000058) : 40507.55470206 
0041000060 (0037000059) : 41131.76621467823 
0021000061 (0041000060) : 42131.64788586458 
0047000062 (0021000061) : 43516.69475975492 
0041000063 (0047000062) : 44234.81125964132 
0013000064 (0041000063) : 45880.1300226251 
0046000065 (0013000064) : 46171.62725870006 
0017000066 (0046000065) : 46389.26047985784 
0099000067 (0017000066) : 46479.87637724615 
0071000068 (0099000067) : 46669.834899622045 
0021000069 (0071000068) : 48345.329958686525 
0022000070 (0021000069) : 49075.56988228589 
0025000071 (0022000070) : 49105.58840134754 
0084000072 (0025000071) : 49179.23481033201 
0064000073 (0084000072) : 49723.79564098743 
0050000074 (0064000073) : 50321.19184157608 
0054000075 (0050000074) : 51366.186958681115 
0099000076 (0054000075) : 51582.5949119152 
0021000077 (0099000076) : 51621.59740163835 
0062000078 (0021000077) : 52430.91041498426 
0096000079 (0062000078) : 53021.78834498816 
0005000080 (0096000079) : 54376.37079144179 
0021000081 (0005000080) : 54425.43449969952 
0044000082 (0021000081) : 54549.13741101831 
0084000083 (0044000082) : 55108.25664251701 
0080000084 (0084000083) : 56048.14880527959 
0058000085 (0080000084) : 56357.4079328089 
0087000086 (0058000085) : 56916.064453193474 
0071000087 (0087000086) : 58484.87750079626 
0015000088 (0071000087) : 59376.26887217668 
0038000089 (0015000088) : 60878.567774967996 
0004000090 (0038000089) : 61962.79325763972 
0089000091 (0004000090) : 62374.99298686497 
0051000092 (0089000091) : 63022.318287116905 
0062000093 (0051000092) : 63250.110426860076 
0042000094 (0062000093) : 63619.93874508367 
0072000095 (0042000094) : 63749.352286667214 
0049000096 (0072000095) : 63902.52062471319 
0026000097 (0049000096) : 65071.593486176156 
0092000098 (0026000097) : 66339.8238621082 
0065000099 (0092000098) : 67155.27145818829 
0029000100 (0065000099) : 67214.823447989 
0063000101 (0029000100) : 67390.6645272453 
0036000102 (0063000101) : 67811.54615580244 
0096000103 (0036000102) : 68059.78210409393 
0067000104 (0096000103) : 68902.4762019822 
0022000105 (0067000104) : 69385.63480634826 
0040000106 (0022000105) : 69530.90412252377 
0078000107 (0040000106) : 70276.22116484506 
0021000108 (0078000107) : 70496.37418592504 
0088000109 (0021000108) : 71973.08537286129 
0028000110 (0088000109) : 73752.49592006697 
0045000111 (0028000110) : 75327.26733592748 
0034000112 (0045000111) : 76863.42569809037 
0092000113 (0034000112) : 77324.03935451597 
0088000114 (0092000113) : 77721.33349018976 
0061000115 (0088000114) : 79515.12377111566 
0048000116 (0061000115) : 80439.31305378121 
0020000117 (0048000116) : 80910.10866502387 
0021000118 (0020000117) : 82504.90369289416 
0013000119 (0021000118) : 83303.63824260191 
0064000120 (0013000119) : 83966.86897582274 
0018000121 (0064000120) : 84127.62799036021 
0021000122 (0018000121) : 84555.92916001038 
0097000123 (0021000122) : 84676.0520199155 
0041000124 (0097000123) : 85007.66602109262 
0006000125 (0041000124) : 85512.82901251352 
0089000126 (0006000125) : 86992.81835547503 
0053000127 (0089000126) : 87613.55674677111 
0004000128 (0053000127) : 88318.77502731004 
0023000129 (0004000128) : 88799.97132441711 
0051000130 (0023000129) : 89761.06706734264 
0090000131 (0051000130) : 90432.45072917653 
0063000132 (0090000131) : 90437.40982753047 
0000000133 (0063000132) : 91070.44929064547 
0065000134 (0000000133) : 91438.75372531118 
0052000135 (0065000134) : 92129.50136825422 
0088000136 (0052000135) : 94029.29312783413 
0023000137 (0088000136) : 94588.49701673602 
0021000138 (0023000137) : 97155.88593259882 
0086000139 (0021000138) : 97592.13893158933 
0082000140 (0086000139) : 98286.41799607764 
0086000141 (0082000140) : 98644.45118760929 
