0000000000 (genesis block) : 0 
0015000001 (0000000000) : 101.05929817131813 
0021000002 (0015000001) : 856.6027120872578 
0082000003 (0021000002) : 923.7167798357924 
0079000004 (0082000003) : 2228.996045890879 
0075000005 (0079000004) : 2687.328728767809 
0047000006 (0075000005) : 4119.553017668219 
0070000007 (0047000006) : 4701.918084228924 
0021000008 (0070000007) : 4968.8099407520285 
0089000009 (0021000008) : 5004.970114302185 
0021000010 (0089000009) : 5074.340192680282 
0059000011 (0021000010) : 5508.451462015733 
0056000012 (0059000011) : 5830.216222195811 
0047000013 (0056000012) : 6541.130908000054 
0008000014 (0047000013) : 7043.23044845402 
0053000015 (0008000014) : 7862.712468856951 
0094000016 (0053000015) : 7899.684666125138 
0000000017 (0094000016) : 7985.7593954162385 
0055000018 (0000000017) : 8235.655782642521 
0088000019 (0055000018) : 9211.272949215221 
0040000020 (0088000019) : 9731.421841397076 
0017000021 (0040000020) : 9736.801268689778 
0037000022 (0017000021) : 11640.66984090017 
0006000023 (0037000022) : 13138.998812359472 
0092000024 (0006000023) : 13556.347834544056 
0093000025 (0092000024) : 13620.549584530556 
0079000026 (0093000025) : 13754.393832424024 
0069000027 (0079000026) : 13921.946785752933 
0058000028 (0069000027) : 15692.617075282671 
0079000029 (0058000028) : 15987.555479165483 
0092000030 (0079000029) : 17255.997290779564 
0078000031 (0092000030) : 19036.51093736452 
0019000032 (0078000031) : 19780.84793348147 
0069000033 (0019000032) : 20693.090081231734 
0033000034 (0069000033) : 21963.919136602537 
0063000035 (0033000034) : 22040.32342086207 
0037000036 (0063000035) : 22824.463741227068 
0011000037 (0037000036) : 25378.969621113723 
0029000038 (0011000037) : 25960.603756308872 
0055000039 (0029000038) : 26615.47330075369 
0033000040 (0055000039) : 26761.976803531845 
0021000041 (0033000040) : 27546.473002943832 
0085000042 (0021000041) : 28056.437216614155 
0091000043 (0085000042) : 28601.633895561197 
0007000044 (0091000043) : 29084.55317265246 
0090000045 (0007000044) : 29172.648743744896 
0021000046 (0090000045) : 29552.17899105518 
0066000047 (0021000046) : 30376.859406447773 
0089000048 (0066000047) : 30599.871690332926 
0098000049 (0089000048) : 30635.317332704344 
0066000050 (0098000049) : 30768.15018444634 
0097000051 (0066000050) : 31915.58799311005 
0092000052 (0097000051) : 31993.950208815164 
0041000053 (0092000052) : 34912.912577117764 
0058000054 (0041000053) : 34923.69065364313 
0048000055 (0058000054) : 37916.38431264995 
0044000056 (0048000055) : 38527.84751771888 
0005000057 (0044000056) : 38720.541345881225 
0088000058 (0005000057) : 40394.62332879435 
0037000059 (0088000058) : 40507.994207057025 
0041000060 (0037000059) : 41131.81798126056 
0021000061 (0041000060) : 42131.511542610686 
0047000062 (0021000061) : 43516.54661336886 
0041000063 (0047000062) : 44234.86407208874 
0013000064 (0041000063) : 45880.349219108786 
0046000065 (0013000064) : 46171.53625961212 
0017000066 (0046000065) : 46389.30914870907 
0099000067 (0017000066) : 46479.72862850267 
0071000068 (0099000067) : 46669.674762888164 
0021000069 (0071000068) : 48345.19258736926 
0022000070 (0021000069) : 49075.629755077585 
0025000071 (0022000070) : 49105.79545550091 
0084000072 (0025000071) : 49178.810861544756 
0064000073 (0084000072) : 49723.905137487964 
0050000074 (0064000073) : 50321.24654188618 
0054000075 (0050000074) : 51366.27329022983 
0099000076 (0054000075) : 51582.44825031962 
0021000077 (0099000076) : 51621.45779910337 
0062000078 (0021000077) : 52430.75817148669 
0096000079 (0062000078) : 53021.871413585344 
0005000080 (0096000079) : 54376.10509016535 
0021000081 (0005000080) : 54425.294480556775 
0044000082 (0021000081) : 54549.132393892134 
0084000083 (0044000082) : 55107.83121506694 
0080000084 (0084000083) : 56047.984747353876 
0058000085 (0080000084) : 56357.88480395837 
0087000086 (0058000085) : 56916.43286007824 
0071000087 (0087000086) : 58484.7126096927 
0015000088 (0071000087) : 59376.740035324125 
0038000089 (0015000088) : 60878.5616382237 
0004000090 (0038000089) : 61962.9165057705 
0089000091 (0004000090) : 62375.41099045399 
0051000092 (0089000091) : 63022.14875799539 
0062000093 (0051000092) : 63249.963041061994 
0042000094 (0062000093) : 63619.799578859886 
0072000095 (0042000094) : 63749.19092080863 
0049000096 (0072000095) : 63902.66476627896 
0026000097 (0049000096) : 65072.07038382045 
0092000098 (0026000097) : 66339.79931832252 
0065000099 (0092000098) : 67154.84946139126 
0029000100 (0065000099) : 67215.19879556996 
0063000101 (0029000100) : 67390.59080687321 
0036000102 (0063000101) : 67811.96347825577 
0096000103 (0036000102) : 68059.86157489901 
0067000104 (0096000103) : 68902.29579586221 
0022000105 (0067000104) : 69385.68650818944 
0040000106 (0022000105) : 69530.86681748742 
0078000107 (0040000106) : 70276.41948646959 
0021000108 (0078000107) : 70496.23962435793 
0088000109 (0021000108) : 71973.09226074687 
0028000110 (0088000109) : 73752.52104444818 
0045000111 (0028000110) : 75327.3232813491 
0034000112 (0045000111) : 76863.5058149845 
0092000113 (0034000112) : 77324.01663321164 
0088000114 (0092000113) : 77721.34031352484 
0061000115 (0088000114) : 79515.07448850488 
0048000116 (0061000115) : 80439.58898207414 
0020000117 (0048000116) : 80910.20140107455 
0021000118 (0020000117) : 82504.76525623797 
0013000119 (0021000118) : 83303.85835530197 
0064000120 (0013000119) : 83966.98098108909 
0018000121 (0064000120) : 84127.5838767035 
0021000122 (0018000121) : 84555.79435735813 
0097000123 (0021000122) : 84675.85907460372 
0041000124 (0097000123) : 85007.71658423524 
0006000125 (0041000124) : 85513.09065204124 
0089000126 (0006000125) : 86993.23376530057 
0053000127 (0089000126) : 87613.57237449387 
0004000128 (0053000127) : 88318.89833930368 
0023000129 (0004000128) : 88800.27036775733 
0051000130 (0023000129) : 89760.90073561521 
0090000131 (0051000130) : 90432.23538763811 
0063000132 (0090000131) : 90437.33203026267 
0000000133 (0063000132) : 91070.68958198444 
0065000134 (0000000133) : 91438.33092279347 
0052000135 (0065000134) : 92129.62975654186 
0088000136 (0052000135) : 94029.29524392709 
0023000137 (0088000136) : 94588.79745983871 
0021000138 (0023000137) : 97155.75004264673 
0086000139 (0021000138) : 97592.10192846248 
0082000140 (0086000139) : 98286.22376493656 
0086000141 (0082000140) : 98644.413739229 
