0000000000 (genesis block) : 0 
0015000001 (0000000000) : 100.9055847677929 
0021000002 (0015000001) : 856.7236512981233 
0082000003 (0021000002) : 923.8708447206805 
0079000004 (0082000003) : 2228.7831633685364 
0075000005 (0079000004) : 2687.115285975837 
0047000006 (0075000005) : 4119.869431165693 
0070000007 (0047000006) : 4702.1247398701225 
0021000008 (0070000007) : 4968.930460411292 
0089000009 (0021000008) : 5004.815932026981 
0021000010 (0089000009) : 5074.462020413063 
0059000011 (0021000010) : 5508.84810623535 
0056000012 (0059000011) : 5830.27200909847 
0047000013 (0056000012) : 6541.452240124328 
0008000014 (0047000013) : 7043.550805681265 
0053000015 (0008000014) : 7862.747775163395 
0094000016 (0053000015) : 7900.087219757193 
0000000017 (0094000016) : 7985.605907134049 
0055000018 (0000000017) : 8235.668284562627 
0088000019 (0055000018) : 9211.395299540043 
0040000020 (0088000019) : 9731.554387964268 
0017000021 (0040000020) : 9736.793769803622 
0037000022 (0017000021) : 11640.400811764675 
0006000023 (0037000022) : 13139.000951058706 
0092000024 (0006000023) : 13556.164954654008 
0093000025 (0092000024) : 13620.44062604891 
0079000026 (0093000025) : 13754.17818353425 
0069000027 (0079000026) : 13922.06535744071 
0058000028 (0069000027) : 15692.566213923843 
0079000029 (0058000028) : 15987.34062207885 
0092000030 (0079000029) : 17255.81863648103 
0078000031 (0092000030) : 19035.883825987497 
0019000032 (0078000031) : 19781.069227129323 
0069000033 (0019000032) : 20693.209289246137 
0033000034 (0069000033) : 21963.641934658794 
0063000035 (0033000034) : 22040.42755864785 
0037000036 (0063000035) : 22824.193493002484 
0011000037 (0037000036) : 25379.007377648784 
0029000038 (0011000037) : 25960.64498000633 
0055000039 (0029000038) : 26615.486635482262 
0033000040 (0055000039) : 26761.712897849415 
0021000041 (0033000040) : 27546.594044530164 
0085000042 (0021000041) : 28056.40678595815 
0091000043 (0085000042) : 28601.839331540305 
0007000044 (0091000043) : 29084.54082063576 
0090000045 (0007000044) : 29173.147355742043 
0021000046 (0090000045) : 29552.300807831092 
0066000047 (0021000046) : 30376.83646351049 
0089000048 (0066000047) : 30599.717835322634 
0098000049 (0089000048) : 30635.431787290236 
0066000050 (0098000049) : 30768.127982264257 
0097000051 (0066000050) : 31915.944037671485 
0092000052 (0097000051) : 31993.770904866997 
0041000053 (0092000052) : 34912.702439363675 
0058000054 (0041000053) : 34923.64075582879 
0048000055 (0058000054) : 37916.29954967138 
0044000056 (0048000055) : 38527.66066810879 
0005000057 (0044000056) : 38720.77007407275 
0088000058 (0005000057) : 40394.74201111916 
0037000059 (0088000058) : 40507.72792253143 
0041000060 (0037000059) : 41131.608042214764 
0021000061 (0041000060) : 42131.63035900544 
0047000062 (0021000061) : 43516.86335478404 
0041000063 (0047000062) : 44234.65253491605 
0013000064 (0041000063) : 45879.92833480677 
0046000065 (0013000064) : 46171.723236245714 
0017000066 (0046000065) : 46389.302137470884 
0099000067 (0017000066) : 46480.04847065848 
0071000068 (0099000067) : 46669.470936214435 
0021000069 (0071000068) : 48345.31183614069 
0022000070 (0021000069) : 49075.69595584357 
0025000071 (0022000070) : 49105.850110159234 
0084000072 (0025000071) : 49179.06720537535 
0064000073 (0084000072) : 49724.136299734535 
0050000074 (0064000073) : 50321.488040753386 
0054000075 (0050000074) : 51366.21797017217 
0099000076 (0054000075) : 51582.76537871204 
0021000077 (0099000076) : 51621.579225031244 
0062000078 (0021000077) : 52431.01730291172 
0096000079 (0062000078) : 53021.91241299904 
0005000080 (0096000079) : 54376.33197812594 
0021000081 (0005000080) : 54425.41688070375 
0044000082 (0021000081) : 54548.94543858949 
0084000083 (0044000082) : 55108.08440739372 
0080000084 (0084000083) : 56048.10563988626 
0058000085 (0080000084) : 56357.837104387865 
0087000086 (0058000085) : 56916.49495627117 
0071000087 (0087000086) : 58484.50941455097 
0015000088 (0071000087) : 59376.587483257135 
0038000089 (0015000088) : 60878.40387753263 
0004000090 (0038000089) : 61962.65489860915 
0089000091 (0004000090) : 62375.25661361811 
0051000092 (0089000091) : 63022.313596655 
0062000093 (0051000092) : 63250.21939142606 
0042000094 (0062000093) : 63619.91939046198 
0072000095 (0042000094) : 63749.31043666878 
0049000096 (0072000095) : 63902.81539952592 
0026000097 (0049000096) : 65072.02251544112 
0092000098 (0026000097) : 66339.61929847543 
0065000099 (0092000098) : 67155.42224692077 
0029000100 (0065000099) : 67215.23748652697 
0063000101 (0029000100) : 67390.69063133099 
0036000102 (0063000101) : 67811.57299830347 
0096000103 (0036000102) : 68059.9021224303 
0067000104 (0096000103) : 68902.63755420824 
0022000105 (0067000104) : 69385.75240423785 
0040000106 (0022000105) : 69530.99807161464 
0078000107 (0040000106) : 70275.79409061803 
0021000108 (0078000107) : 70496.35922481555 
0088000109 (0021000108) : 71973.21569899522 
0028000110 (0088000109) : 73752.72058505415 
0045000111 (0028000110) : 75327.35527876261 
0034000112 (0045000111) : 76863.73375014232 
0092000113 (0034000112) : 77323.83528027321 
0088000114 (0092000113) : 77721.46438556566 
0061000115 (0088000114) : 79515.23635372402 
0048000116 (0061000115) : 80439.50285816766 
0020000117 (0048000116) : 80909.9671150703 
0021000118 (0020000117) : 82504.88707569939 
0013000119 (0021000118) : 83303.43669161655 
0064000120 (0013000119) : 83967.21205513591 
0018000121 (0064000120) : 84127.71207355715 
0021000122 (0018000121) : 84555.91187255841 
0097000123 (0021000122) : 84676.21399479981 
0041000124 (0097000123) : 85007.50741816005 
0006000125 (0041000124) : 85513.09171999787 
0089000126 (0006000125) : 86993.08135528398 
0053000127 (0089000126) : 87613.6083601981 
0004000128 (0053000127) : 88318.63561207325 
0023000129 (0004000128) : 88800.14054644998 
0051000130 (0023000129) : 89761.06756991876 
0090000131 (0051000130) : 90432.73625152954 
0063000132 (0090000131) : 90437.43436285954 
0000000133 (0063000132) : 91070.5395007028 
0065000134 (0000000133) : 91438.90641197735 
0052000135 (0065000134) : 92129.3641639435 
0088000136 (0052000135) : 94029.41535391651 
0023000137 (0088000136) : 94588.66815253189 
0021000138 (0023000137) : 97155.8677726187 
0086000139 (0021000138) : 97592.22834163018 
0082000140 (0086000139) : 98286.37593547138 
0086000141 (0082000140) : 98644.54047031546 
