0000000000 (genesis block) : 0 
0015000001 (0000000000) : 100.8803780062491 
0021000002 (0015000001) : 856.8389079942564 
0082000003 (0021000002) : 924.1957760943675 
0079000004 (0082000003) : 2229.057319486633 
0075000005 (0079000004) : 2687.4272865457306 
0047000006 (0075000005) : 4119.970728463907 
0070000007 (0047000006) : 4702.278811686803 
0021000008 (0070000007) : 4969.042531537896 
0089000009 (0021000008) : 5004.794523409524 
0021000010 (0089000009) : 5074.57457985156 
0059000011 (0021000010) : 5508.602165290969 
0056000012 (0059000011) : 5830.337641043233 
0047000013 (0056000012) : 6541.552725031969 
0008000014 (0047000013) : 7043.397409141261 
0053000015 (0008000014) : 7862.952115577055 
0094000016 (0053000015) : 7900.164217813898 
0000000017 (0094000016) : 7985.581593673082 
0055000018 (0000000017) : 8235.952881969077 
0088000019 (0055000018) : 9211.704088659597 
0040000020 (0088000019) : 9731.728450828989 
0017000021 (0040000020) : 9736.938468231332 
0037000022 (0017000021) : 11640.678478172425 
0006000023 (0037000022) : 13138.963804431012 
0092000024 (0006000023) : 13556.537414025293 
0093000025 (0092000024) : 13620.515593740018 
0079000026 (0093000025) : 13754.45305734223 
0069000027 (0079000026) : 13922.297897546638 
0058000028 (0069000027) : 15692.625027211041 
0079000029 (0058000028) : 15987.62069156715 
0092000030 (0079000029) : 17256.190799211203 
0078000031 (0092000030) : 19036.642604702203 
0019000032 (0078000031) : 19780.827583007227 
0069000033 (0019000032) : 20693.433863524606 
0033000034 (0069000033) : 21963.924387448722 
0063000035 (0033000034) : 22040.706296365202 
0037000036 (0063000035) : 22824.477469139467 
0011000037 (0037000036) : 25379.066658122163 
0029000038 (0011000037) : 25960.588182180632 
0055000039 (0029000038) : 26615.76809449655 
0033000040 (0055000039) : 26761.98610736021 
0021000041 (0033000040) : 27546.705934749643 
0085000042 (0021000041) : 28056.587541989025 
0091000043 (0085000042) : 28602.04728393643 
0007000044 (0091000043) : 29084.746988732688 
0090000045 (0007000044) : 29173.221645438134 
0021000046 (0090000045) : 29552.40905261423 
0066000047 (0021000046) : 30377.12668978548 
0089000048 (0066000047) : 30599.694591092306 
0098000049 (0089000048) : 30635.51483629175 
0066000050 (0098000049) : 30768.420465289855 
0097000051 (0066000050) : 31915.97132532095 
0092000052 (0097000051) : 31994.145636127916 
0041000053 (0092000052) : 34913.01271702606 
0058000054 (0041000053) : 34923.6997813011 
0048000055 (0058000054) : 37916.53869610057 
0044000056 (0048000055) : 38528.033849917956 
0005000057 (0044000056) : 38720.90602828694 
0088000058 (0005000057) : 40395.05581726484 
0037000059 (0088000058) : 40508.00282430024 
0041000060 (0037000059) : 41131.922300926395 
0021000061 (0041000060) : 42131.74129991941 
0047000062 (0021000061) : 43516.962086841006 
0041000063 (0047000062) : 44234.963909451144 
0013000064 (0041000063) : 45880.543087710765 
0046000065 (0013000064) : 46171.89910825952 
0017000066 (0046000065) : 46389.44464557697 
0099000067 (0017000066) : 46480.149750007746 
0071000068 (0099000067) : 46670.11395737479 
0021000069 (0071000068) : 48345.424352340066 
0022000070 (0021000069) : 49075.45230763935 
0025000071 (0022000070) : 49105.82423074658 
0084000072 (0025000071) : 49179.3613411354 
0064000073 (0084000072) : 49724.059054120444 
0050000074 (0064000073) : 50321.378490834206 
0054000075 (0050000074) : 51366.095051187775 
0099000076 (0054000075) : 51582.86352413556 
0021000077 (0099000076) : 51621.68979742812 
0062000078 (0021000077) : 52431.177044637596 
0096000079 (0062000078) : 53021.667113420626 
0005000080 (0096000079) : 54376.46945402863 
0021000081 (0005000080) : 54425.526897946685 
0044000082 (0021000081) : 54549.31761962877 
0084000083 (0044000082) : 55108.384010538226 
0080000084 (0084000083) : 56048.42554202244 
0058000085 (0080000084) : 56357.895312716886 
0087000086 (0058000085) : 56916.55010791945 
0071000087 (0087000086) : 58485.15339155638 
0015000088 (0071000087) : 59376.56071091331 
0038000089 (0015000088) : 60878.77562539041 
0004000090 (0038000089) : 61962.934751065855 
0089000091 (0004000090) : 62375.232655739776 
0051000092 (0089000091) : 63022.46840615995 
0062000093 (0051000092) : 63250.37567576211 
0042000094 (0062000093) : 63619.66045506065 
0072000095 (0042000094) : 63749.63044308143 
0049000096 (0072000095) : 63902.87394923284 
0026000097 (0049000096) : 65072.08158162042 
0092000098 (0026000097) : 66339.99253507277 
0065000099 (0092000098) : 67155.51328136482 
0029000100 (0065000099) : 67215.17760281482 
0063000101 (0029000100) : 67390.9753054163 
0036000102 (0063000101) : 67811.99988985095 
0096000103 (0036000102) : 68059.65723277822 
0067000104 (0096000103) : 68902.68088317916 
0022000105 (0067000104) : 69385.50502818257 
0040000106 (0022000105) : 69531.17769248864 
0078000107 (0040000106) : 70276.55220796642 
0021000108 (0078000107) : 70496.47104712289 
0088000109 (0021000108) : 71973.51983024905 
0028000110 (0088000109) : 73752.86672297167 
0045000111 (0028000110) : 75327.63042120797 
0034000112 (0045000111) : 76863.51601550981 
0092000113 (0034000112) : 77324.21022752266 
0088000114 (0092000113) : 77721.77051569734 
0061000115 (0088000114) : 79515.21748107477 
0048000116 (0061000115) : 80439.73805265038 
0020000117 (0048000116) : 80910.05615346473 
0021000118 (0020000117) : 82504.99885434804 
0013000119 (0021000118) : 83304.05275750013 
0064000120 (0013000119) : 83967.13231160733 
0018000121 (0064000120) : 84127.9477456285 
0021000122 (0018000121) : 84556.02552170366 
0097000123 (0021000122) : 84676.24157020178 
0041000124 (0097000123) : 85007.81945716884 
0006000125 (0041000124) : 85513.05827709073 
0089000126 (0006000125) : 86993.05724356015 
0053000127 (0089000126) : 87613.8152654102 
0004000128 (0053000127) : 88318.91587576775 
0023000129 (0004000128) : 88800.24418695192 
0051000130 (0023000129) : 89761.21978681728 
0090000131 (0051000130) : 90432.812852357 
0063000132 (0090000131) : 90437.72004043503 
0000000133 (0063000132) : 91070.51650763923 
0065000134 (0000000133) : 91438.99637289034 
0052000135 (0065000134) : 92129.64310908469 
0088000136 (0052000135) : 94029.72336388401 
0023000137 (0088000136) : 94588.77228647447 
0021000138 (0023000137) : 97155.98447357869 
0086000139 (0021000138) : 97592.5158770899 
0082000140 (0086000139) : 98286.70011682296 
0086000141 (0082000140) : 98644.82946144664 
