0000000000 (genesis block) : 0 
0015000001 (0000000000) : 100.82924204707471 
0021000002 (0015000001) : 856.7371935238132 
0082000003 (0021000002) : 923.8863276356911 
0079000004 (0082000003) : 2228.8236332164925 
0075000005 (0079000004) : 2687.4614065468872 
0047000006 (0075000005) : 4119.859804227582 
0070000007 (0047000006) : 4701.648081310133 
0021000008 (0070000007) : 4968.9448197484335 
0089000009 (0021000008) : 5004.790925683899 
0021000010 (0089000009) : 5074.475991689207 
0059000011 (0021000010) : 5509.01090211905 
0056000012 (0059000011) : 5830.1625355234655 
0047000013 (0056000012) : 6541.438389364306 
0008000014 (0047000013) : 7043.537088860402 
0053000015 (0008000014) : 7862.660325395426 
0094000016 (0053000015) : 7899.990560365292 
0000000017 (0094000016) : 7985.758168382855 
0055000018 (0000000017) : 8235.675619666052 
0088000019 (0055000018) : 9211.240227825441 
0040000020 (0088000019) : 9731.588800067153 
0017000021 (0040000020) : 9737.061619100188 
0037000022 (0017000021) : 11640.595159243905 
0006000023 (0037000022) : 13138.974334630851 
0092000024 (0006000023) : 13556.538994160022 
0093000025 (0092000024) : 13620.594085903163 
0079000026 (0093000025) : 13754.222825961793 
0069000027 (0079000026) : 13922.114752183554 
0058000028 (0069000027) : 15692.707647888852 
0079000029 (0058000028) : 15987.385324690209 
0092000030 (0079000029) : 17256.190604897336 
0078000031 (0092000030) : 19036.67506309667 
0019000032 (0078000031) : 19781.00458473363 
0069000033 (0019000032) : 20693.25377101671 
0033000034 (0069000033) : 21963.734861013927 
0063000035 (0033000034) : 22040.390996127604 
0037000036 (0063000035) : 22824.389563306322 
0011000037 (0037000036) : 25379.145024075984 
0029000038 (0011000037) : 25960.69176449884 
0055000039 (0029000038) : 26615.49029302933 
0033000040 (0055000039) : 26761.79663592455 
0021000041 (0033000040) : 27546.61277105688 
0085000042 (0021000041) : 28056.603261522763 
0091000043 (0085000042) : 28601.926285796377 
0007000044 (0091000043) : 29084.279118624414 
0090000045 (0007000044) : 29172.97724516408 
0021000046 (0090000045) : 29552.31288344736 
0066000047 (0021000046) : 30377.02359899283 
0089000048 (0066000047) : 30599.692026740267 
0098000049 (0089000048) : 30635.452452493104 
0066000050 (0098000049) : 30768.318757370213 
0097000051 (0066000050) : 31915.578970769184 
0092000052 (0097000051) : 31994.143291053795 
0041000053 (0092000052) : 34913.04531848151 
0058000054 (0041000053) : 34923.77999092185 
0048000055 (0058000054) : 37916.49306837135 
0044000056 (0048000055) : 38528.04315846973 
0005000057 (0044000056) : 38720.82656460091 
0088000058 (0005000057) : 40394.588413768455 
0037000059 (0088000058) : 40507.92325210011 
0041000060 (0037000059) : 41131.953916319166 
0021000061 (0041000060) : 42131.64355541345 
0047000062 (0021000061) : 43516.854993322486 
0041000063 (0047000062) : 44234.99650716242 
0013000064 (0041000063) : 45880.50386111444 
0046000065 (0013000064) : 46171.66384858009 
0017000066 (0046000065) : 46389.564899772304 
0099000067 (0017000066) : 46480.0355210822 
0071000068 (0099000067) : 46669.805915555684 
0021000069 (0071000068) : 48345.32742073448 
0022000070 (0021000069) : 49075.85505720707 
0025000071 (0022000070) : 49105.82844519918 
0084000072 (0025000071) : 49179.138515662926 
0064000073 (0084000072) : 49724.100334395305 
0050000074 (0064000073) : 50321.49976485366 
0054000075 (0050000074) : 51366.41209819837 
0099000076 (0054000075) : 51582.75270564785 
0021000077 (0099000076) : 51621.59211399948 
0062000078 (0021000077) : 52431.06648535501 
0096000079 (0062000078) : 53022.09780849888 
0005000080 (0096000079) : 54376.391083292125 
0021000081 (0005000080) : 54425.42951190965 
0044000082 (0021000081) : 54549.33028777835 
0084000083 (0044000082) : 55108.15530244695 
0080000084 (0084000083) : 56048.11921895314 
0058000085 (0080000084) : 56357.978728401555 
0087000086 (0058000085) : 56916.630405747586 
0071000087 (0087000086) : 58484.84826373077 
0015000088 (0071000087) : 59376.509565663735 
0038000089 (0015000088) : 60878.75817881877 
0004000090 (0038000089) : 61962.97158245544 
0089000091 (0004000090) : 62375.235024211266 
0051000092 (0089000091) : 63022.474938992076 
0062000093 (0051000092) : 63250.269363339874 
0042000094 (0062000093) : 63619.91838479286 
0072000095 (0042000094) : 63749.32433476286 
0049000096 (0072000095) : 63902.97678072712 
0026000097 (0049000096) : 65072.160242131475 
0092000098 (0026000097) : 66339.99353776708 
0065000099 (0092000098) : 67155.43102080216 
0029000100 (0065000099) : 67215.27866304928 
0063000101 (0029000100) : 67390.65836105299 
0036000102 (0063000101) : 67811.9158303138 
0096000103 (0036000102) : 68060.08588381656 
0067000104 (0096000103) : 68902.24039569299 
0022000105 (0067000104) : 69385.91728800385 
0040000106 (0022000105) : 69531.03331611214 
0078000107 (0040000106) : 70276.5854411044 
0021000108 (0078000107) : 70496.37239087615 
0088000109 (0021000108) : 71973.05691560915 
0028000110 (0088000109) : 73751.92408205925 
0045000111 (0028000110) : 75327.5159307677 
0034000112 (0045000111) : 76863.73213606249 
0092000113 (0034000112) : 77324.20741957198 
0088000114 (0092000113) : 77721.30564851916 
0061000115 (0088000114) : 79515.39645373181 
0048000116 (0061000115) : 80439.69843745662 
0020000117 (0048000116) : 80910.19245311014 
0021000118 (0020000117) : 82504.90169387081 
0013000119 (0021000118) : 83304.00917477271 
0064000120 (0013000119) : 83967.1744081449 
0018000121 (0064000120) : 84127.38585396163 
0021000122 (0018000121) : 84555.92510890342 
0097000123 (0021000122) : 84675.8473471872 
0041000124 (0097000123) : 85007.85355593139 
0006000125 (0041000124) : 85513.06894542938 
0089000126 (0006000125) : 86993.05998183829 
0053000127 (0089000126) : 87613.51937817947 
0004000128 (0053000127) : 88318.94926774682 
0023000129 (0004000128) : 88800.22839523367 
0051000130 (0023000129) : 89761.22456747478 
0090000131 (0051000130) : 90432.56809305176 
0063000132 (0090000131) : 90437.4013942587 
0000000133 (0063000132) : 91070.68988409573 
0065000134 (0000000133) : 91438.91215472537 
0052000135 (0065000134) : 92129.10295304768 
0088000136 (0052000135) : 94029.26305406615 
0023000137 (0088000136) : 94588.75681014483 
0021000138 (0023000137) : 97155.88184141988 
0086000139 (0021000138) : 97592.12649781114 
0082000140 (0086000139) : 98286.38857740675 
0086000141 (0082000140) : 98644.4341289284 
