0000000000 (genesis block) : 0 
0015000001 (0000000000) : 100.82960544385618 
0021000002 (0015000001) : 856.6452841496458 
0082000003 (0021000002) : 923.7952902441389 
0079000004 (0082000003) : 2228.9630298271545 
0075000005 (0079000004) : 2687.04525751293 
0047000006 (0075000005) : 4119.56142454487 
0070000007 (0047000006) : 4702.012974429898 
0021000008 (0070000007) : 4968.848224368414 
0089000009 (0021000008) : 5004.7453475444945 
0021000010 (0089000009) : 5074.381007051075 
0059000011 (0021000010) : 5508.552930268672 
0056000012 (0059000011) : 5829.980454780921 
0047000013 (0056000012) : 6541.141611914143 
0008000014 (0047000013) : 7043.239417201542 
0053000015 (0008000014) : 7862.591511227101 
0094000016 (0053000015) : 7899.951649653651 
0000000017 (0094000016) : 7985.530197187708 
0055000018 (0000000017) : 8235.683510026767 
0088000019 (0055000018) : 9211.313322000704 
0040000020 (0088000019) : 9731.431707108377 
0017000021 (0040000020) : 9736.674834798228 
0037000022 (0017000021) : 11640.52537615498 
0006000023 (0037000022) : 13138.915783869918 
0092000024 (0006000023) : 13556.37885046808 
0093000025 (0092000024) : 13620.446813691811 
0079000026 (0093000025) : 13754.361672138433 
0069000027 (0079000026) : 13922.133530726262 
0058000028 (0069000027) : 15692.508618808944 
0079000029 (0058000028) : 15987.52249707023 
0092000030 (0079000029) : 17256.031739409667 
0078000031 (0092000030) : 19036.367249026698 
0019000032 (0078000031) : 19780.596178746568 
0069000033 (0019000032) : 20693.27228930153 
0033000034 (0069000033) : 21963.724170858142 
0063000035 (0033000034) : 22040.363841026356 
0037000036 (0063000035) : 22824.322851246685 
0011000037 (0037000036) : 25378.782015340523 
0029000038 (0011000037) : 25960.563497517796 
0055000039 (0029000038) : 26615.501637193458 
0033000040 (0055000039) : 26761.787921503532 
0021000041 (0033000040) : 27546.51324486896 
0085000042 (0021000041) : 28056.295528448485 
0091000043 (0085000042) : 28601.779597291326 
0007000044 (0091000043) : 29084.47979945097 
0090000045 (0007000044) : 29172.925181520997 
0021000046 (0090000045) : 29552.221339638585 
0066000047 (0021000046) : 30376.86388806582 
0089000048 (0066000047) : 30599.64274801033 
0098000049 (0089000048) : 30635.248685663 
0066000050 (0098000049) : 30768.15413867107 
0097000051 (0066000050) : 31915.749894843288 
0092000052 (0097000051) : 31993.986195886177 
0041000053 (0092000052) : 34912.78211569449 
0058000054 (0041000053) : 34923.581670825144 
0048000055 (0058000054) : 37916.240793137265 
0044000056 (0048000055) : 38527.70431706334 
0005000057 (0044000056) : 38720.73140643536 
0088000058 (0005000057) : 40394.662259682846 
0037000059 (0088000058) : 40507.85173362613 
0041000060 (0037000059) : 41131.68760501134 
0021000061 (0041000060) : 42131.549226685784 
0047000062 (0021000061) : 43516.55704006411 
0041000063 (0047000062) : 44234.73660469764 
0013000064 (0041000063) : 45880.38288939516 
0046000065 (0013000064) : 46171.56036406384 
0017000066 (0046000065) : 46389.18132456839 
0099000067 (0017000066) : 46479.73658547391 
0071000068 (0099000067) : 46669.71124098844 
0021000069 (0071000068) : 48345.23087936146 
0022000070 (0021000069) : 49075.40285185048 
0025000071 (0022000070) : 49105.77560648293 
0084000072 (0025000071) : 49179.078007631746 
0064000073 (0084000072) : 49723.79277208531 
0050000074 (0064000073) : 50321.11405754351 
0054000075 (0050000074) : 51366.045617970514 
0099000076 (0054000075) : 51582.455585240554 
0021000077 (0099000076) : 51621.49677114088 
0062000078 (0021000077) : 52430.71051095807 
0096000079 (0062000078) : 53021.61864565564 
0005000080 (0096000079) : 54376.293229770534 
0021000081 (0005000080) : 54425.33429219881 
0044000082 (0021000081) : 54548.9885729189 
0084000083 (0044000082) : 55108.100565891094 
0080000084 (0084000083) : 56048.02906084475 
0058000085 (0080000084) : 56357.776710681756 
0087000086 (0058000085) : 56916.38991368883 
0071000087 (0087000086) : 58484.75167714572 
0015000088 (0071000087) : 59376.51159323302 
0038000089 (0015000088) : 60878.41715063722 
0004000090 (0038000089) : 61962.88535462596 
0089000091 (0004000090) : 62375.18727339091 
0051000092 (0089000091) : 63022.00417742978 
0062000093 (0051000092) : 63249.911087355795 
0042000094 (0062000093) : 63619.84330165354 
0072000095 (0042000094) : 63749.22894802577 
0049000096 (0072000095) : 63902.71583148478 
0026000097 (0049000096) : 65071.96230656417 
0092000098 (0026000097) : 66339.84232949188 
0065000099 (0092000098) : 67155.11436746112 
0029000100 (0065000099) : 67215.15179715725 
0063000101 (0029000100) : 67390.63056007713 
0036000102 (0063000101) : 67811.90059012995 
0096000103 (0036000102) : 68059.60720198455 
0067000104 (0096000103) : 68902.44705480633 
0022000105 (0067000104) : 69385.45604512752 
0040000106 (0022000105) : 69530.87643357771 
0078000107 (0040000106) : 70276.2771059616 
0021000108 (0078000107) : 70496.28002445806 
0088000109 (0021000108) : 71973.13335573349 
0028000110 (0088000109) : 73752.57101882194 
0045000111 (0028000110) : 75327.33316404498 
0034000112 (0045000111) : 76863.25102950993 
0092000113 (0034000112) : 77324.05363903055 
0088000114 (0092000113) : 77721.38194153205 
0061000115 (0088000114) : 79514.75274390129 
0048000116 (0061000115) : 80439.44572606757 
0020000117 (0048000116) : 80910.15064111921 
0021000118 (0020000117) : 82504.80704187819 
0013000119 (0021000118) : 83303.8960200292 
0064000120 (0013000119) : 83966.86611662364 
0018000121 (0064000120) : 84127.6789086351 
0021000122 (0018000121) : 84555.83331562373 
0097000123 (0021000122) : 84676.01743678797 
0041000124 (0097000123) : 85007.5882165161 
0006000125 (0041000124) : 85513.01247496626 
0089000126 (0006000125) : 86993.0064588627 
0053000127 (0089000126) : 87613.453530647 
0004000128 (0053000127) : 88318.86728622142 
0023000129 (0004000128) : 88800.01726355507 
0051000130 (0023000129) : 89760.75640135333 
0090000131 (0051000130) : 90432.51455086411 
0063000132 (0090000131) : 90437.37159959057 
0000000133 (0063000132) : 91070.4640004441 
0065000134 (0000000133) : 91438.59509650187 
0052000135 (0065000134) : 92129.5937595497 
0088000136 (0052000135) : 94029.33331072783 
0023000137 (0088000136) : 94588.54499180679 
0021000138 (0023000137) : 97155.78919842494 
0086000139 (0021000138) : 97592.24853633932 
0082000140 (0086000139) : 98286.29552306802 
0086000141 (0082000140) : 98644.5608125712 
