0000000000 (genesis block) : 0 
0015000001 (0000000000) : 101.06999622901253 
0021000002 (0015000001) : 856.4036105769894 
0082000003 (0021000002) : 923.7618055919999 
0079000004 (0082000003) : 2229.081185381088 
0075000005 (0079000004) : 2687.2581163667937 
0047000006 (0075000005) : 4119.892582616303 
0070000007 (0047000006) : 4702.017791410171 
0021000008 (0070000007) : 4968.608500786618 
0089000009 (0021000008) : 5004.975337188364 
0021000010 (0089000009) : 5074.1399288279 
0059000011 (0021000010) : 5508.9700884306385 
0056000012 (0059000011) : 5829.902047738182 
0047000013 (0056000012) : 6541.469966103869 
0008000014 (0047000013) : 7043.563860643238 
0053000015 (0008000014) : 7862.518284437095 
0094000016 (0053000015) : 7899.948261601324 
0000000017 (0094000016) : 7985.940445223214 
0055000018 (0000000017) : 8235.75603230832 
0088000019 (0055000018) : 9211.281520432598 
0040000020 (0088000019) : 9731.759067399906 
0017000021 (0040000020) : 9736.933176846895 
0037000022 (0017000021) : 11640.699902082724 
0006000023 (0037000022) : 13139.156816869125 
0092000024 (0006000023) : 13556.516823804854 
0093000025 (0092000024) : 13620.719814141381 
0079000026 (0093000025) : 13754.474598539915 
0069000027 (0079000026) : 13922.127582609211 
0058000028 (0069000027) : 15692.854852840162 
0079000029 (0058000028) : 15987.639541671926 
0092000030 (0079000029) : 17256.168488258638 
0078000031 (0092000030) : 19036.578604810173 
0019000032 (0078000031) : 19781.059802617558 
0069000033 (0019000032) : 20693.272846603133 
0033000034 (0069000033) : 21963.888636829935 
0063000035 (0033000034) : 22040.425618823676 
0037000036 (0063000035) : 22824.493330574962 
0011000037 (0037000036) : 25378.85244149075 
0029000038 (0011000037) : 25960.936064123467 
0055000039 (0029000038) : 26615.57549752453 
0033000040 (0055000039) : 26761.951933598506 
0021000041 (0033000040) : 27546.2722591369 
0085000042 (0021000041) : 28056.543857336274 
0091000043 (0085000042) : 28601.93805190793 
0007000044 (0091000043) : 29084.655305823293 
0090000045 (0007000044) : 29173.06088325627 
0021000046 (0090000045) : 29551.975033896117 
0066000047 (0021000046) : 30376.87784310399 
0089000048 (0066000047) : 30599.87560673235 
0098000049 (0089000048) : 30635.32136163442 
0066000050 (0098000049) : 30768.164444450944 
0097000051 (0066000050) : 31915.53798852256 
0092000052 (0097000051) : 31994.121837800256 
0041000053 (0092000052) : 34912.840660523965 
0058000054 (0041000053) : 34923.92693768753 
0048000055 (0058000054) : 37916.49164908366 
0044000056 (0048000055) : 38527.917284666575 
0005000057 (0044000056) : 38720.83052160728 
0088000058 (0005000057) : 40394.628267876775 
0037000059 (0088000058) : 40508.024096001405 
0041000060 (0037000059) : 41131.74780207238 
0021000061 (0041000060) : 42131.30778987402 
0047000062 (0021000061) : 43516.88219923994 
0041000063 (0047000062) : 44234.79309828163 
0013000064 (0041000063) : 45880.46112078152 
0046000065 (0013000064) : 46171.92768753897 
0017000066 (0046000065) : 46389.44455597986 
0099000067 (0017000066) : 46480.06430686898 
0071000068 (0099000067) : 46669.68009138715 
0021000069 (0071000068) : 48344.98940025162 
0022000070 (0021000069) : 49075.863725164636 
0025000071 (0022000070) : 49106.00955135533 
0084000072 (0025000071) : 49179.32308054858 
0064000073 (0084000072) : 49724.16579539911 
0050000074 (0064000073) : 50321.44672742517 
0054000075 (0050000074) : 51366.50846084798 
0099000076 (0054000075) : 51582.77981640173 
0021000077 (0099000076) : 51621.256137399825 
0062000078 (0021000077) : 52431.037896439775 
0096000079 (0062000078) : 53022.08076903632 
0005000080 (0096000079) : 54376.39526880641 
0021000081 (0005000080) : 54425.093541973976 
0044000082 (0021000081) : 54549.20107545011 
0084000083 (0044000082) : 55108.33936637064 
0080000084 (0084000083) : 56047.99090126114 
0058000085 (0080000084) : 56358.1188099942 
0087000086 (0058000085) : 56916.76175688602 
0071000087 (0087000086) : 58484.72010276045 
0015000088 (0071000087) : 59376.745198645396 
0038000089 (0015000088) : 60878.62903928765 
0004000090 (0038000089) : 61963.01303637951 
0089000091 (0004000090) : 62375.41800163498 
0051000092 (0089000091) : 63022.44300750492 
0062000093 (0051000092) : 63250.23798031162 
0042000094 (0062000093) : 63619.226844586046 
0072000095 (0042000094) : 63749.1967051684 
0049000096 (0072000095) : 63902.94876472933 
0026000097 (0049000096) : 65072.30307879562 
0092000098 (0026000097) : 66339.97536130688 
0065000099 (0092000098) : 67155.42493312631 
0029000100 (0065000099) : 67215.52592366174 
0063000101 (0029000100) : 67390.69076740176 
0036000102 (0063000101) : 67811.8728642457 
0096000103 (0036000102) : 68060.06968291532 
0067000104 (0096000103) : 68902.24744475725 
0022000105 (0067000104) : 69385.92471695929 
0040000106 (0022000105) : 69531.20579559951 
0078000107 (0040000106) : 70276.48817923108 
0021000108 (0078000107) : 70496.03571447033 
0088000109 (0021000108) : 71973.09839646948 
0028000110 (0088000109) : 73752.62235739508 
0045000111 (0028000110) : 75327.31160761375 
0034000112 (0045000111) : 76863.71629140252 
0092000113 (0034000112) : 77324.18719252781 
0088000114 (0092000113) : 77721.34920833261 
0061000115 (0088000114) : 79515.36817493205 
0048000116 (0061000115) : 80439.69630595992 
0020000117 (0048000116) : 80910.32358247384 
0021000118 (0020000117) : 82504.56443517626 
0013000119 (0021000118) : 83303.96721171211 
0064000120 (0013000119) : 83967.2386029505 
0018000121 (0064000120) : 84127.75771513749 
0021000122 (0018000121) : 84555.58988604654 
0097000123 (0021000122) : 84675.80809658651 
0041000124 (0097000123) : 85007.6481478289 
0006000125 (0041000124) : 85513.25230133974 
0089000126 (0006000125) : 86993.24323886336 
0053000127 (0089000126) : 87613.38051181621 
0004000128 (0053000127) : 88318.9938903904 
0023000129 (0004000128) : 88800.38560794582 
0051000130 (0023000129) : 89761.20010411434 
0090000131 (0051000130) : 90432.64885491015 
0063000132 (0090000131) : 90437.43533952339 
0000000133 (0063000132) : 91070.87276827858 
0065000134 (0000000133) : 91438.90640025827 
0052000135 (0065000134) : 92129.67557859157 
0088000136 (0052000135) : 94029.30374086488 
0023000137 (0088000136) : 94588.91112855391 
0021000138 (0023000137) : 97155.54611836627 
0086000139 (0021000138) : 97592.08249193811 
0082000140 (0086000139) : 98286.2655791125 
0086000141 (0082000140) : 98644.39388970663 
