0000000000 (genesis block) : 0 
0015000001 (0000000000) : 100.91397058079632 
0021000002 (0015000001) : 856.8055768339558 
0082000003 (0021000002) : 924.0963382631626 
0079000004 (0082000003) : 2228.7710330311993 
0075000005 (0079000004) : 2687.072705129745 
0047000006 (0075000005) : 4120.019126313897 
0070000007 (0047000006) : 4701.990539311884 
0021000008 (0070000007) : 4969.01239108026 
0089000009 (0021000008) : 5004.875325134376 
0021000010 (0089000009) : 5074.542040360481 
0059000011 (0021000010) : 5508.716854225434 
0056000012 (0059000011) : 5829.7173794996115 
0047000013 (0056000012) : 6541.598151978364 
0008000014 (0047000013) : 7043.500648975751 
0053000015 (0008000014) : 7862.334710296793 
0094000016 (0053000015) : 7899.963293851046 
0000000017 (0094000016) : 7985.8439415052435 
0055000018 (0000000017) : 8235.911337318477 
0088000019 (0055000018) : 9211.54229491291 
0040000020 (0088000019) : 9731.676943820528 
0017000021 (0040000020) : 9737.09722935648 
0037000022 (0017000021) : 11640.35004230328 
0006000023 (0037000022) : 13139.062599445824 
0092000024 (0006000023) : 13556.460223967466 
0093000025 (0092000024) : 13620.535344151756 
0079000026 (0093000025) : 13754.168334180222 
0069000027 (0079000026) : 13921.724741919748 
0058000028 (0069000027) : 15692.69583161484 
0079000029 (0058000028) : 15987.330923826159 
0092000030 (0079000029) : 17256.112427328186 
0078000031 (0092000030) : 19036.609052874614 
0019000032 (0078000031) : 19781.049480511505 
0069000033 (0019000032) : 20692.8662930136 
0033000034 (0069000033) : 21963.486446947983 
0063000035 (0033000034) : 22040.57679988665 
0037000036 (0063000035) : 22824.145905906298 
0011000037 (0037000036) : 25378.845044621736 
0029000038 (0011000037) : 25960.635095155885 
0055000039 (0029000038) : 26615.728184401945 
0033000040 (0055000039) : 26761.549519846118 
0021000041 (0033000040) : 27546.67567710852 
0085000042 (0021000041) : 28056.32442730713 
0091000043 (0085000042) : 28601.951218903272 
0007000044 (0091000043) : 29084.807706248095 
0090000045 (0007000044) : 29172.88934670714 
0021000046 (0090000045) : 29552.37901246412 
0066000047 (0021000046) : 30376.69172513848 
0089000048 (0066000047) : 30599.77655879412 
0098000049 (0089000048) : 30635.451617033894 
0066000050 (0098000049) : 30767.982307144324 
0097000051 (0066000050) : 31915.554770146748 
0092000052 (0097000051) : 31994.06337976023 
0041000053 (0092000052) : 34913.160316362286 
0058000054 (0041000053) : 34923.766832160596 
0048000055 (0058000054) : 37916.21610902971 
0044000056 (0048000055) : 38528.16077612592 
0005000057 (0044000056) : 38720.66476882063 
0088000058 (0005000057) : 40394.89013808163 
0037000059 (0088000058) : 40507.67485046761 
0041000060 (0037000059) : 41132.06720924484 
0021000061 (0041000060) : 42131.710952334644 
0047000062 (0021000061) : 43517.011926695835 
0041000063 (0047000062) : 44235.114108464884 
0013000064 (0041000063) : 45880.429742535554 
0046000065 (0013000064) : 46171.82257510108 
0017000066 (0046000065) : 46389.60476592262 
0099000067 (0017000066) : 46479.99840627975 
0071000068 (0099000067) : 46669.899364747405 
0021000069 (0071000068) : 48345.39268357376 
0022000070 (0021000069) : 49075.85993231457 
0025000071 (0022000070) : 49105.60913295303 
0084000072 (0025000071) : 49179.45294627061 
0064000073 (0084000072) : 49724.24966603623 
0050000074 (0064000073) : 50321.57575586552 
0054000075 (0050000074) : 51366.34365724191 
0099000076 (0054000075) : 51582.71560046241 
0021000077 (0099000076) : 51621.657945788844 
0062000078 (0021000077) : 52431.16787690676 
0096000079 (0062000078) : 53022.0775253763 
0005000080 (0096000079) : 54376.22775996149 
0021000081 (0005000080) : 54425.49583498739 
0044000082 (0021000081) : 54549.44798875896 
0084000083 (0044000082) : 55108.47533967513 
0080000084 (0084000083) : 56048.392903923384 
0058000085 (0080000084) : 56357.964992208515 
0087000086 (0058000085) : 56916.62162039742 
0071000087 (0087000086) : 58484.93821389633 
0015000088 (0071000087) : 59376.593444180624 
0038000089 (0015000088) : 60878.87414369851 
0004000090 (0038000089) : 61963.08090546477 
0089000091 (0004000090) : 62375.31822421972 
0051000092 (0089000091) : 63022.46241067483 
0062000093 (0051000092) : 63250.36891087394 
0042000094 (0062000093) : 63619.631998890014 
0072000095 (0042000094) : 63749.59877604503 
0049000096 (0072000095) : 63902.923061782545 
0026000097 (0049000096) : 65072.148650531635 
0092000098 (0026000097) : 66339.91373857803 
0065000099 (0092000098) : 67155.49104234425 
0029000100 (0065000099) : 67215.22626320242 
0063000101 (0029000100) : 67390.84440822633 
0036000102 (0063000101) : 67811.84706826706 
0096000103 (0036000102) : 68060.06753369438 
0067000104 (0096000103) : 68902.22141747149 
0022000105 (0067000104) : 69385.91400057061 
0040000106 (0022000105) : 69531.12119288671 
0078000107 (0040000106) : 70276.52362934712 
0021000108 (0078000107) : 70496.43858178507 
0088000109 (0021000108) : 71973.3607889635 
0028000110 (0088000109) : 73752.58871075713 
0045000111 (0028000110) : 75327.6778862032 
0034000112 (0045000111) : 76863.70928936804 
0092000113 (0034000112) : 77324.13048133857 
0088000114 (0092000113) : 77721.60582428632 
0061000115 (0088000114) : 79515.2104989926 
0048000116 (0061000115) : 80439.42041656162 
0020000117 (0048000116) : 80910.39879893138 
0021000118 (0020000117) : 82504.96694564537 
0013000119 (0021000118) : 83303.94073426165 
0064000120 (0013000119) : 83967.32303990007 
0018000121 (0064000120) : 84127.69528239632 
0021000122 (0018000121) : 84555.99219598914 
0097000123 (0021000122) : 84675.82508871323 
0041000124 (0097000123) : 85007.96709166188 
0006000125 (0041000124) : 85513.1549566873 
0089000126 (0006000125) : 86993.14413511941 
0053000127 (0089000126) : 87613.19673339077 
0004000128 (0053000127) : 88319.0640306191 
0023000129 (0004000128) : 88799.98187239865 
0051000130 (0023000129) : 89761.21497111667 
0090000131 (0051000130) : 90432.47785580099 
0063000132 (0090000131) : 90437.58703814528 
0000000133 (0063000132) : 91070.77476245757 
0065000134 (0000000133) : 91438.97034247588 
0052000135 (0065000134) : 92129.64806244457 
0088000136 (0052000135) : 94029.56994989341 
0023000137 (0088000136) : 94588.50855994129 
0021000138 (0023000137) : 97155.95149721976 
0086000139 (0021000138) : 97592.1006237439 
0082000140 (0086000139) : 98286.60197791106 
0086000141 (0082000140) : 98644.41104645132 
