0000000000 (genesis block) : 0 
0015000001 (0000000000) : 101.02536371563636 
0021000002 (0015000001) : 856.824396454737 
0082000003 (0021000002) : 923.8497358795338 
0079000004 (0082000003) : 2228.627442321867 
0075000005 (0079000004) : 2687.39794024395 
0047000006 (0075000005) : 4119.830160666152 
0070000007 (0047000006) : 4701.522427642334 
0021000008 (0070000007) : 4969.032841297601 
0089000009 (0021000008) : 5004.987343877333 
0021000010 (0089000009) : 5074.5636677699285 
0059000011 (0021000010) : 5508.844199962592 
0056000012 (0059000011) : 5830.0388524042455 
0047000013 (0056000012) : 6541.4069671008565 
0008000014 (0047000013) : 7043.503969366701 
0053000015 (0008000014) : 7862.536156341027 
0094000016 (0053000015) : 7899.865190175524 
0000000017 (0094000016) : 7985.8223273265785 
0055000018 (0000000017) : 8235.477106157376 
0088000019 (0055000018) : 9211.436701909513 
0040000020 (0088000019) : 9731.586958029151 
0017000021 (0040000020) : 9736.874443209408 
0037000022 (0017000021) : 11640.417501597718 
0006000023 (0037000022) : 13139.17376584504 
0092000024 (0006000023) : 13556.534173517957 
0093000025 (0092000024) : 13620.571576785762 
0079000026 (0093000025) : 13754.02362707378 
0069000027 (0079000026) : 13921.917001549667 
0058000028 (0069000027) : 15692.631194185757 
0079000029 (0058000028) : 15987.187781391753 
0092000030 (0079000029) : 17256.188991981766 
0078000031 (0092000030) : 19036.504024471647 
0019000032 (0078000031) : 19780.88659841294 
0069000033 (0019000032) : 20693.05736107161 
0033000034 (0069000033) : 21963.53664128798 
0063000035 (0033000034) : 22040.23234802601 
0037000036 (0063000035) : 22824.20971776002 
0011000037 (0037000036) : 25378.975393595472 
0029000038 (0011000037) : 25960.49350794349 
0055000039 (0029000038) : 26615.293484115024 
0033000040 (0055000039) : 26761.599667803406 
0021000041 (0033000040) : 27546.69660834554 
0085000042 (0021000041) : 28056.42033474006 
0091000043 (0085000042) : 28601.729191207123 
0007000044 (0091000043) : 29084.272980471334 
0090000045 (0007000044) : 29172.78078864069 
0021000046 (0090000045) : 29552.398714078012 
0066000047 (0021000046) : 30377.01497227065 
0089000048 (0066000047) : 30599.890117633724 
0098000049 (0089000048) : 30635.351432945536 
0066000050 (0098000049) : 30768.304746548332 
0097000051 (0066000050) : 31915.453372342356 
0092000052 (0097000051) : 31994.14205177197 
0041000053 (0092000052) : 34912.98325686409 
0058000054 (0041000053) : 34923.703576833366 
0048000055 (0058000054) : 37916.3134386936 
0044000056 (0048000055) : 38528.11620307699 
0005000057 (0044000056) : 38720.673753473064 
0088000058 (0005000057) : 40394.787272965266 
0037000059 (0088000058) : 40507.74458150296 
0041000060 (0037000059) : 41131.88833117432 
0021000061 (0041000060) : 42131.73161147619 
0047000062 (0021000061) : 43516.82150642376 
0041000063 (0047000062) : 44234.93454285714 
0013000064 (0041000063) : 45880.32235043269 
0046000065 (0013000064) : 46171.46712382402 
0017000066 (0046000065) : 46389.38114477359 
0099000067 (0017000066) : 46480.00374571489 
0071000068 (0099000067) : 46669.799931364345 
0021000069 (0071000068) : 48345.41424108263 
0022000070 (0021000069) : 49075.692226126885 
0025000071 (0022000070) : 49105.797148376165 
0084000072 (0025000071) : 49179.01515580994 
0064000073 (0084000072) : 49723.91506710012 
0050000074 (0064000073) : 50321.313755902724 
0054000075 (0050000074) : 51366.2332852545 
0099000076 (0054000075) : 51582.72026464581 
0021000077 (0099000076) : 51621.67948155425 
0062000078 (0021000077) : 52431.03506147178 
0096000079 (0062000078) : 53021.91219594097 
0005000080 (0096000079) : 54376.238055389804 
0021000081 (0005000080) : 54425.51665701698 
0044000082 (0021000081) : 54549.39360073561 
0084000083 (0044000082) : 55108.035518699275 
0080000084 (0084000083) : 56048.17633620746 
0058000085 (0080000084) : 56357.90184738743 
0087000086 (0058000085) : 56916.497959451925 
0071000087 (0087000086) : 58484.83986828833 
0015000088 (0071000087) : 59376.70648703559 
0038000089 (0015000088) : 60878.84582990728 
0004000090 (0038000089) : 61962.95501857344 
0089000091 (0004000090) : 62375.433525050925 
0051000092 (0089000091) : 63022.44452701096 
0062000093 (0051000092) : 63250.237345999565 
0042000094 (0062000093) : 63619.7981978632 
0072000095 (0042000094) : 63749.412021283104 
0049000096 (0072000095) : 63902.77994470426 
0026000097 (0049000096) : 65072.0848439122 
0092000098 (0026000097) : 66339.99619499149 
0065000099 (0092000098) : 67155.24585806568 
0029000100 (0065000099) : 67215.08206079512 
0063000101 (0029000100) : 67390.49877991961 
0036000102 (0063000101) : 67811.73469727304 
0096000103 (0036000102) : 68059.89904013457 
0067000104 (0096000103) : 68902.1167319649 
0022000105 (0067000104) : 69385.75272916176 
0040000106 (0022000105) : 69531.031911121 
0078000107 (0040000106) : 70276.41556848776 
0021000108 (0078000107) : 70496.4617807879 
0088000109 (0021000108) : 71973.25404226639 
0028000110 (0088000109) : 73752.12238739582 
0045000111 (0028000110) : 75327.48653323016 
0034000112 (0045000111) : 76863.54587733831 
0092000113 (0034000112) : 77324.21088044591 
0088000114 (0092000113) : 77721.50477072406 
0061000115 (0088000114) : 79515.24313332078 
0048000116 (0061000115) : 80439.52006168244 
0020000117 (0048000116) : 80909.99529899827 
0021000118 (0020000117) : 82504.9900594614 
0013000119 (0021000118) : 83303.82890017264 
0064000120 (0013000119) : 83966.98935369981 
0018000121 (0064000120) : 84127.18772636188 
0021000122 (0018000121) : 84556.01591041523 
0097000123 (0021000122) : 84675.72393942499 
0041000124 (0097000123) : 85007.78731457908 
0006000125 (0041000124) : 85513.26764455234 
0089000126 (0006000125) : 86993.26073630685 
0053000127 (0089000126) : 87613.39529758636 
0004000128 (0053000127) : 88318.93942127805 
0023000129 (0004000128) : 88800.03230294958 
0051000130 (0023000129) : 89761.19221479184 
0090000131 (0051000130) : 90432.369447617 
0063000132 (0090000131) : 90437.24363742761 
0000000133 (0063000132) : 91070.75819329041 
0065000134 (0000000133) : 91438.7279139024 
0052000135 (0065000134) : 92129.29984548797 
0088000136 (0052000135) : 94029.46153191556 
0023000137 (0088000136) : 94588.55948700909 
0021000138 (0023000137) : 97155.97240783703 
0086000139 (0021000138) : 97592.00207206103 
0082000140 (0086000139) : 98286.35676623664 
0086000141 (0082000140) : 98644.31159540269 
