0000000000 (genesis block) : 0 
0015000001 (0000000000) : 101.21013520215288 
0021000002 (0015000001) : 856.9692123636848 
0082000003 (0021000002) : 923.9578557904956 
0079000004 (0082000003) : 2229.1684308241383 
0075000005 (0079000004) : 2687.240012453691 
0047000006 (0075000005) : 4120.0563478166505 
0070000007 (0047000006) : 4702.115103486096 
0021000008 (0070000007) : 4969.1773887287345 
0089000009 (0021000008) : 5005.12071895559 
0021000010 (0089000009) : 5074.708232329096 
0059000011 (0021000010) : 5508.930452650694 
0056000012 (0059000011) : 5830.128391674863 
0047000013 (0056000012) : 6541.63474905595 
0008000014 (0047000013) : 7043.7266432225715 
0053000015 (0008000014) : 7862.741852860634 
0094000016 (0053000015) : 7900.088759998788 
0000000017 (0094000016) : 7985.907859784255 
0055000018 (0000000017) : 8236.040234839713 
0088000019 (0055000018) : 9211.64294261628 
0040000020 (0088000019) : 9731.867464634077 
0017000021 (0040000020) : 9737.040966791346 
0037000022 (0017000021) : 11640.786136439143 
0006000023 (0037000022) : 13139.289257757606 
0092000024 (0006000023) : 13556.815146700294 
0093000025 (0092000024) : 13620.827997938297 
0079000026 (0093000025) : 13754.564044359424 
0069000027 (0079000026) : 13922.186352891771 
0058000028 (0069000027) : 15692.910685199346 
0079000029 (0058000028) : 15987.729758321002 
0092000030 (0079000029) : 17256.47289762258 
0078000031 (0092000030) : 19036.616186239142 
0019000032 (0078000031) : 19781.091144636568 
0069000033 (0019000032) : 20693.33011458188 
0033000034 (0069000033) : 21964.02821274326 
0063000035 (0033000034) : 22040.78922025415 
0037000036 (0063000035) : 22824.58158691221 
0011000037 (0037000036) : 25379.255932283333 
0029000038 (0011000037) : 25960.915632395918 
0055000039 (0029000038) : 26615.85663025418 
0033000040 (0055000039) : 26762.093370333765 
0021000041 (0033000040) : 27546.839842179652 
0085000042 (0021000041) : 28056.72675850502 
0091000043 (0085000042) : 28602.05357652847 
0007000044 (0091000043) : 29084.880829022193 
0090000045 (0007000044) : 29172.88920323 
0021000046 (0090000045) : 29552.543526712736 
0066000047 (0021000046) : 30377.103290973682 
0089000048 (0066000047) : 30600.019249282937 
0098000049 (0089000048) : 30635.575260321122 
0066000050 (0098000049) : 30768.39000663321 
0097000051 (0066000050) : 31915.679770745228 
0092000052 (0097000051) : 31994.423370742854 
0041000053 (0092000052) : 34913.144528091274 
0058000054 (0041000053) : 34923.98607709514 
0048000055 (0058000054) : 37916.67592133549 
0044000056 (0048000055) : 38528.06118843311 
0005000057 (0044000056) : 38720.03797063188 
0088000058 (0005000057) : 40394.99154262878 
0037000059 (0088000058) : 40508.112704722625 
0041000060 (0037000059) : 41132.051905247776 
0021000061 (0041000060) : 42131.876642842915 
0047000062 (0021000061) : 43517.051777287794 
0041000063 (0047000062) : 44235.096888658285 
0013000064 (0041000063) : 45880.659603848806 
0046000065 (0013000064) : 46172.036593457036 
0017000066 (0046000065) : 46389.544351493016 
0099000067 (0017000066) : 46480.235061053405 
0071000068 (0099000067) : 46669.5442651133 
0021000069 (0071000068) : 48345.55931663473 
0022000070 (0021000069) : 49075.776437755565 
0025000071 (0022000070) : 49106.07120365293 
0084000072 (0025000071) : 49179.31406766602 
0064000073 (0084000072) : 49724.19654749298 
0050000074 (0064000073) : 50321.482054436805 
0054000075 (0050000074) : 51366.20419882764 
0099000076 (0054000075) : 51582.951469101026 
0021000077 (0099000076) : 51621.82566025811 
0062000078 (0021000077) : 52431.26441193188 
0096000079 (0062000078) : 53022.018690871126 
0005000080 (0096000079) : 54375.601488442066 
0021000081 (0005000080) : 54425.66469246094 
0044000082 (0021000081) : 54549.34421462298 
0084000083 (0044000082) : 55108.334485080006 
0080000084 (0084000083) : 56048.32245899042 
0058000085 (0080000084) : 56358.17980140644 
0087000086 (0058000085) : 56916.79594218708 
0071000087 (0087000086) : 58484.57803295073 
0015000088 (0071000087) : 59376.88732270883 
0038000089 (0015000088) : 60878.77405183398 
0004000090 (0038000089) : 61963.28758991395 
0089000091 (0004000090) : 62375.55940934819 
0051000092 (0089000091) : 63022.65314891842 
0062000093 (0051000092) : 63250.46958633997 
0042000094 (0062000093) : 63620.02554791264 
0072000095 (0042000094) : 63749.55692319618 
0049000096 (0072000095) : 63902.904304143405 
0026000097 (0049000096) : 65072.36696287809 
0092000098 (0026000097) : 66340.27463279913 
0065000099 (0092000098) : 67155.35387691432 
0029000100 (0065000099) : 67215.50735455268 
0063000101 (0029000100) : 67391.05550598777 
0036000102 (0063000101) : 67812.10739654176 
0096000103 (0036000102) : 68060.00975803527 
0067000104 (0096000103) : 68902.34537588262 
0022000105 (0067000104) : 69385.8314912217 
0040000106 (0022000105) : 69531.31440666615 
0078000107 (0040000106) : 70276.52551701471 
0021000108 (0078000107) : 70496.60889701643 
0088000109 (0021000108) : 71973.45816870107 
0028000110 (0088000109) : 73752.71509537415 
0045000111 (0028000110) : 75327.69461334069 
0034000112 (0045000111) : 76863.74760178088 
0092000113 (0034000112) : 77324.49362173496 
0088000114 (0092000113) : 77721.71018654818 
0061000115 (0088000114) : 79515.44450242283 
0048000116 (0061000115) : 80439.87562245152 
0020000117 (0048000116) : 80910.59978348295 
0021000118 (0020000117) : 82505.13480101267 
0013000119 (0021000118) : 83304.16694897036 
0064000120 (0013000119) : 83967.27307397802 
0018000121 (0064000120) : 84127.82380154477 
0021000122 (0018000121) : 84556.15866177846 
0097000123 (0021000122) : 84675.94891483815 
0041000124 (0097000123) : 85007.95177282764 
0006000125 (0041000124) : 85513.38416411262 
0089000126 (0006000125) : 86993.38325185378 
0053000127 (0089000126) : 87613.60385764543 
0004000128 (0053000127) : 88319.2713504332 
0023000129 (0004000128) : 88800.512068409 
0051000130 (0023000129) : 89761.40690604348 
0090000131 (0051000130) : 90432.47597140839 
0063000132 (0090000131) : 90437.79546785772 
0000000133 (0063000132) : 91070.83738822716 
0065000134 (0000000133) : 91438.83403429146 
0052000135 (0065000134) : 92129.77207239285 
0088000136 (0052000135) : 94029.66321125705 
0023000137 (0088000136) : 94589.03645622653 
0021000138 (0023000137) : 97156.11547209932 
0086000139 (0021000138) : 97592.22373795063 
0082000140 (0086000139) : 98286.4642965028 
0086000141 (0082000140) : 98644.53558758191 
