0000000000 (genesis block) : 0 
0015000001 (0000000000) : 100.7588621976031 
0021000002 (0015000001) : 856.6815936662638 
0082000003 (0021000002) : 923.9819139914455 
0079000004 (0082000003) : 2228.935599987716 
0075000005 (0079000004) : 2687.1874465517717 
0047000006 (0075000005) : 4119.695933761836 
0070000007 (0047000006) : 4702.002115173106 
0021000008 (0070000007) : 4968.8875374973495 
0089000009 (0021000008) : 5004.669159304897 
0021000010 (0089000009) : 5074.421284215861 
0059000011 (0021000010) : 5508.478781379715 
0056000012 (0059000011) : 5830.16996291665 
0047000013 (0056000012) : 6541.27566916454 
0008000014 (0047000013) : 7043.27343983958 
0053000015 (0008000014) : 7862.778290002065 
0094000016 (0053000015) : 7899.9553806920985 
0000000017 (0094000016) : 7985.45666912229 
0055000018 (0000000017) : 8235.676527807129 
0088000019 (0055000018) : 9211.426648545283 
0040000020 (0088000019) : 9731.451240199276 
0017000021 (0040000020) : 9736.66549324952 
0037000022 (0017000021) : 11640.425212382204 
0006000023 (0037000022) : 13138.839752016138 
0092000024 (0006000023) : 13556.400907288085 
0093000025 (0092000024) : 13620.39415293938 
0079000026 (0093000025) : 13754.330461470658 
0069000027 (0079000026) : 13922.169849642578 
0058000028 (0069000027) : 15692.49724082358 
0079000029 (0058000028) : 15987.496024156728 
0092000030 (0079000029) : 17256.055464846904 
0078000031 (0092000030) : 19036.544806963782 
0019000032 (0078000031) : 19780.407170024402 
0069000033 (0019000032) : 20693.310243952303 
0033000034 (0069000033) : 21963.537356836816 
0063000035 (0033000034) : 22040.421277225356 
0037000036 (0063000035) : 22824.21970628641 
0011000037 (0037000036) : 25378.8413753335 
0029000038 (0011000037) : 25960.554296442548 
0055000039 (0029000038) : 26615.492190645502 
0033000040 (0055000039) : 26761.601105154594 
0021000041 (0033000040) : 27546.55000030039 
0085000042 (0021000041) : 28056.3120660583 
0091000043 (0085000042) : 28601.768211746356 
0007000044 (0091000043) : 29084.46837105492 
0090000045 (0007000044) : 29172.94438954393 
0021000046 (0090000045) : 29552.253372524945 
0066000047 (0021000046) : 30376.850511076285 
0089000048 (0066000047) : 30599.56919925518 
0098000049 (0089000048) : 30635.239015515894 
0066000050 (0098000049) : 30768.142965252315 
0097000051 (0066000050) : 31915.770650630508 
0092000052 (0097000051) : 31994.008685917997 
0041000053 (0092000052) : 34912.76983787155 
0058000054 (0041000053) : 34923.57017896568 
0048000055 (0058000054) : 37916.2596675349 
0044000056 (0048000055) : 38527.89193002887 
0005000057 (0044000056) : 38720.71986322604 
0088000058 (0005000057) : 40394.78089793103 
0037000059 (0088000058) : 40507.751451528835 
0041000060 (0037000059) : 41131.67737901258 
0021000061 (0041000060) : 42131.5845644103 
0047000062 (0021000061) : 43516.685792051496 
0041000063 (0047000062) : 44234.723786176364 
0013000064 (0041000063) : 45880.39491630217 
0046000065 (0013000064) : 46171.62181673141 
0017000066 (0046000065) : 46389.16878926888 
0099000067 (0017000066) : 46479.87071211068 
0071000068 (0099000067) : 46669.90039786309 
0021000069 (0071000068) : 48345.26621859337 
0022000070 (0021000069) : 49075.324369569746 
0025000071 (0022000070) : 49105.701626156835 
0084000072 (0025000071) : 49179.19977774679 
0064000073 (0084000072) : 49723.78150658051 
0050000074 (0064000073) : 50321.101822164026 
0054000075 (0050000074) : 51365.97130374986 
0099000076 (0054000075) : 51582.58775428082 
0021000077 (0099000076) : 51621.53211250786 
0062000078 (0021000077) : 52430.89767319468 
0096000079 (0062000078) : 53021.57027704627 
0005000080 (0096000079) : 54376.281661050445 
0021000081 (0005000080) : 54425.370319613445 
0044000082 (0021000081) : 54549.176036376135 
0084000083 (0044000082) : 55108.218690200614 
0080000084 (0084000083) : 56048.21856283687 
0058000085 (0080000084) : 56357.76540089142 
0087000086 (0058000085) : 56916.378945950964 
0071000087 (0087000086) : 58484.93983184205 
0015000088 (0071000087) : 59376.43807336736 
0038000089 (0015000088) : 60878.608529264864 
0004000090 (0038000089) : 61962.836230669636 
0089000091 (0004000090) : 62375.10820508307 
0051000092 (0089000091) : 63022.19332900317 
0062000093 (0051000092) : 63250.098022657345 
0042000094 (0062000093) : 63619.876011102744 
0072000095 (0042000094) : 63749.41715635047 
0049000096 (0072000095) : 63902.844379128444 
0026000097 (0049000096) : 65071.95628204608 
0092000098 (0026000097) : 66339.86139185316 
0065000099 (0092000098) : 67155.23798776146 
0029000100 (0065000099) : 67215.14042411976 
0063000101 (0029000100) : 67390.68808099238 
0036000102 (0063000101) : 67811.87693269143 
0096000103 (0036000102) : 68059.56042349186 
0067000104 (0096000103) : 68902.46950096008 
0022000105 (0067000104) : 69385.38297391898 
0040000106 (0022000105) : 69530.89997210498 
0078000107 (0040000106) : 70276.45534623308 
0021000108 (0078000107) : 70496.31257189089 
0088000109 (0021000108) : 71973.24544734106 
0028000110 (0088000109) : 73752.51890310679 
0045000111 (0028000110) : 75327.35660405776 
0034000112 (0045000111) : 76863.24241892905 
0092000113 (0034000112) : 77324.07649108673 
0088000114 (0092000113) : 77721.49364375151 
0061000115 (0088000114) : 79514.94198818029 
0048000116 (0061000115) : 80439.46206564207 
0020000117 (0048000116) : 80910.14989911184 
0021000118 (0020000117) : 82504.84103608581 
0013000119 (0021000118) : 83303.9032468003 
0064000120 (0013000119) : 83966.85601620185 
0018000121 (0064000120) : 84127.666927124 
0021000122 (0018000121) : 84555.87019150764 
0097000123 (0021000122) : 84676.043360367 
0041000124 (0097000123) : 85007.57870470954 
0006000125 (0041000124) : 85512.93368849305 
0089000126 (0006000125) : 86992.93235871206 
0053000127 (0089000126) : 87613.64078766512 
0004000128 (0053000127) : 88318.8204915836 
0023000129 (0004000128) : 88799.82748063997 
0051000130 (0023000129) : 89760.94414536962 
0090000131 (0051000130) : 90432.5352397866 
0063000132 (0090000131) : 90437.43367512155 
0000000133 (0063000132) : 91070.38728461023 
0065000134 (0000000133) : 91438.72090754163 
0052000135 (0065000134) : 92129.54905049599 
0088000136 (0052000135) : 94029.44684136799 
0023000137 (0088000136) : 94588.35600280706 
0021000138 (0023000137) : 97155.82456547713 
0086000139 (0021000138) : 97592.29027574319 
0082000140 (0086000139) : 98286.48275976934 
0086000141 (0082000140) : 98644.60110531315 
