0000000000 (genesis block) : 0 
0015000001 (0000000000) : 101.20728952122921 
0021000002 (0015000001) : 856.8217793889527 
0082000003 (0021000002) : 923.6221391702643 
0079000004 (0082000003) : 2229.037067371331 
0075000005 (0079000004) : 2687.347627267785 
0047000006 (0075000005) : 4119.95683006175 
0070000007 (0047000006) : 4701.930660114099 
0021000008 (0070000007) : 4969.029893404618 
0089000009 (0021000008) : 5005.160092375971 
0021000010 (0089000009) : 5074.559218475073 
0059000011 (0021000010) : 5508.970736357647 
0056000012 (0059000011) : 5830.447499133687 
0047000013 (0056000012) : 6541.532255291385 
0008000014 (0047000013) : 7043.630793350376 
0053000015 (0008000014) : 7862.946119455303 
0094000016 (0053000015) : 7900.186093578906 
0000000017 (0094000016) : 7985.945581699164 
0055000018 (0000000017) : 8235.30678879926 
0088000019 (0055000018) : 9211.496027925334 
0040000020 (0088000019) : 9731.712968428488 
0017000021 (0040000020) : 9736.99888476056 
0037000022 (0017000021) : 11640.72638501612 
0006000023 (0037000022) : 13139.33203443954 
0092000024 (0006000023) : 13556.660932135292 
0093000025 (0092000024) : 13620.693928003075 
0079000026 (0093000025) : 13754.432361947192 
0069000027 (0079000026) : 13922.326432210237 
0058000028 (0069000027) : 15692.759510271537 
0079000029 (0058000028) : 15987.596166667698 
0092000030 (0079000029) : 17256.315909643865 
0078000031 (0092000030) : 19036.561483925016 
0019000032 (0078000031) : 19781.012956164934 
0069000033 (0019000032) : 20693.466426523668 
0033000034 (0069000033) : 21963.837462744337 
0063000035 (0033000034) : 22039.974456765045 
0037000036 (0063000035) : 22824.524755087557 
0011000037 (0037000036) : 25379.102480923186 
0029000038 (0011000037) : 25960.81217776549 
0055000039 (0029000038) : 26615.124785028347 
0033000040 (0055000039) : 26761.903841634605 
0021000041 (0033000040) : 27546.694013671855 
0085000042 (0021000041) : 28056.574054351164 
0091000043 (0085000042) : 28602.066555756912 
0007000044 (0091000043) : 29083.86237631228 
0090000045 (0007000044) : 29173.189762690756 
0021000046 (0090000045) : 29552.39825110212 
0066000047 (0021000046) : 30377.149401014693 
0089000048 (0066000047) : 30600.063651561137 
0098000049 (0089000048) : 30635.53762256717 
0066000050 (0098000049) : 30768.44279692392 
0097000051 (0066000050) : 31915.862933759327 
0092000052 (0097000051) : 31994.268690161894 
0041000053 (0092000052) : 34912.929865095146 
0058000054 (0041000053) : 34923.82869807928 
0048000055 (0058000054) : 37916.519377009216 
0044000056 (0048000055) : 38528.016035191 
0005000057 (0044000056) : 38721.05684709244 
0088000058 (0005000057) : 40394.84236020075 
0037000059 (0088000058) : 40508.057770615975 
0041000060 (0037000059) : 41131.839349060625 
0021000061 (0041000060) : 42131.728678563435 
0047000062 (0021000061) : 43516.94915904416 
0041000063 (0047000062) : 44234.88151199331 
0013000064 (0041000063) : 45880.60677420472 
0046000065 (0013000064) : 46171.593178562725 
0017000066 (0046000065) : 46389.508843889154 
0099000067 (0017000066) : 46480.13124217821 
0071000068 (0099000067) : 46669.89235348326 
0021000069 (0071000068) : 48345.410505157066 
0022000070 (0021000069) : 49075.819445007495 
0025000071 (0022000070) : 49106.076157750715 
0084000072 (0025000071) : 49179.42287355753 
0064000073 (0084000072) : 49724.04441018465 
0050000074 (0064000073) : 50321.44056289992 
0054000075 (0050000074) : 51366.4636827045 
0099000076 (0054000075) : 51582.846215834405 
0021000077 (0099000076) : 51621.67706082626 
0062000078 (0021000077) : 52431.15531641905 
0096000079 (0062000078) : 53022.03673688493 
0005000080 (0096000079) : 54376.61827178897 
0021000081 (0005000080) : 54425.51478178949 
0044000082 (0021000081) : 54549.300651846 
0084000083 (0044000082) : 55108.44272630787 
0080000084 (0084000083) : 56048.20434677836 
0058000085 (0080000084) : 56358.02734615274 
0087000086 (0058000085) : 56916.63965177987 
0071000087 (0087000086) : 58484.93174180495 
0015000088 (0071000087) : 59376.886751590835 
0038000089 (0015000088) : 60878.73064566118 
0004000090 (0038000089) : 61962.85168621003 
0089000091 (0004000090) : 62375.602189117075 
0051000092 (0089000091) : 63022.559828566285 
0062000093 (0051000092) : 63250.35542142353 
0042000094 (0062000093) : 63620.018999447704 
0072000095 (0042000094) : 63749.41051545504 
0049000096 (0072000095) : 63903.06551528459 
0026000097 (0049000096) : 65072.20969352411 
0092000098 (0026000097) : 66340.12355359322 
0065000099 (0092000098) : 67155.52643366136 
0029000100 (0065000099) : 67215.40116330153 
0063000101 (0029000100) : 67390.24128164085 
0036000102 (0063000101) : 67812.14254675979 
0096000103 (0036000102) : 68060.0260223733 
0067000104 (0096000103) : 68902.52650146066 
0022000105 (0067000104) : 69385.87878074872 
0040000106 (0022000105) : 69531.15739802067 
0078000107 (0040000106) : 70276.46973275446 
0021000108 (0078000107) : 70496.45927221856 
0088000109 (0021000108) : 71973.31147222951 
0028000110 (0088000109) : 73752.3422825252 
0045000111 (0028000110) : 75327.55241863876 
0034000112 (0045000111) : 76863.67235153011 
0092000113 (0034000112) : 77324.33764129352 
0088000114 (0092000113) : 77721.55997844067 
0061000115 (0088000114) : 79515.37281547757 
0048000116 (0061000115) : 80439.7231049878 
0020000117 (0048000116) : 80910.167406057 
0021000118 (0020000117) : 82504.98721928809 
0013000119 (0021000118) : 83304.11839031256 
0064000120 (0013000119) : 83967.11509034192 
0018000121 (0064000120) : 84127.59558047661 
0021000122 (0018000121) : 84556.01260324486 
0097000123 (0021000122) : 84676.13164848038 
0041000124 (0097000123) : 85007.73851311818 
0006000125 (0041000124) : 85513.43120573935 
0089000126 (0006000125) : 86993.42908116941 
0053000127 (0089000126) : 87613.80521350121 
0004000128 (0053000127) : 88318.83340344502 
0023000129 (0004000128) : 88800.12915736031 
0051000130 (0023000129) : 89761.31345580847 
0090000131 (0051000130) : 90432.77814569579 
0063000132 (0090000131) : 90436.98366608909 
0000000133 (0063000132) : 91070.8835198652 
0065000134 (0000000133) : 91439.00744524518 
0052000135 (0065000134) : 92128.98797246882 
0088000136 (0052000135) : 94029.51469682217 
0023000137 (0088000136) : 94588.65478659532 
0021000138 (0023000137) : 97155.96885626658 
0086000139 (0021000138) : 97592.41005356664 
0082000140 (0086000139) : 98286.12752730906 
0086000141 (0082000140) : 98644.72242111033 
