0000000000 (genesis block) : 0 
0015000001 (0000000000) : 100.87509144266524 
0021000002 (0015000001) : 856.7839599349836 
0082000003 (0021000002) : 923.9319468058687 
0079000004 (0082000003) : 2228.8692537045476 
0075000005 (0079000004) : 2687.415518275354 
0047000006 (0075000005) : 4119.90565475757 
0070000007 (0047000006) : 4701.694293913922 
0021000008 (0070000007) : 4968.990692401978 
0089000009 (0021000008) : 5004.837563659027 
0021000010 (0089000009) : 5074.524895669695 
0059000011 (0021000010) : 5509.029697601481 
0056000012 (0059000011) : 5830.208491883419 
0047000013 (0056000012) : 6541.4841037012475 
0008000014 (0047000013) : 7043.58369725518 
0053000015 (0008000014) : 7862.706448295497 
0094000016 (0053000015) : 7900.036220622388 
0000000017 (0094000016) : 7985.804362697054 
0055000018 (0000000017) : 8235.677574041854 
0088000019 (0055000018) : 9211.287006138078 
0040000020 (0088000019) : 9731.635214310401 
0017000021 (0040000020) : 9737.093748950005 
0037000022 (0017000021) : 11640.642155925387 
0006000023 (0037000022) : 13139.020445466287 
0092000024 (0006000023) : 13556.584719058787 
0093000025 (0092000024) : 13620.547042608958 
0079000026 (0093000025) : 13754.26862751749 
0069000027 (0079000026) : 13922.160780168624 
0058000028 (0069000027) : 15692.660943297862 
0079000029 (0058000028) : 15987.432148156466 
0092000030 (0079000029) : 17256.236980067068 
0078000031 (0092000030) : 19036.629298296826 
0019000032 (0078000031) : 19780.95742614715 
0069000033 (0019000032) : 20693.299462810097 
0033000034 (0069000033) : 21963.782271041004 
0063000035 (0033000034) : 22040.345121039725 
0037000036 (0063000035) : 22824.435673611566 
0011000037 (0037000036) : 25379.09921922502 
0029000038 (0011000037) : 25960.73801889739 
0055000039 (0029000038) : 26615.494801593497 
0033000040 (0055000039) : 26761.842568288568 
0021000041 (0033000040) : 27546.65913269296 
0085000042 (0021000041) : 28056.649622366484 
0091000043 (0085000042) : 28601.90984807552 
0007000044 (0091000043) : 29084.233275920968 
0090000045 (0007000044) : 29173.0250593523 
0021000046 (0090000045) : 29552.358994192127 
0066000047 (0021000046) : 30377.069274910973 
0089000048 (0066000047) : 30599.738621081084 
0098000049 (0089000048) : 30635.50079599858 
0066000050 (0098000049) : 30768.36490863672 
0097000051 (0066000050) : 31915.624635189513 
0092000052 (0097000051) : 31994.189042551443 
0041000053 (0092000052) : 34912.99875527561 
0058000054 (0041000053) : 34923.73360722968 
0048000055 (0058000054) : 37916.53877973605 
0044000056 (0048000055) : 38528.09025375814 
0005000057 (0044000056) : 38720.872413350786 
0088000058 (0005000057) : 40394.635609245466 
0037000059 (0088000058) : 40507.97093810812 
0041000060 (0037000059) : 41131.90792881492 
0021000061 (0041000060) : 42131.69177058708 
0047000062 (0021000061) : 43516.90061655027 
0041000063 (0047000062) : 44234.95089929779 
0013000064 (0041000063) : 45880.55056657274 
0046000065 (0013000064) : 46171.710744062504 
0017000066 (0046000065) : 46389.604210873484 
0099000067 (0017000066) : 46480.08152182886 
0071000068 (0099000067) : 46669.852195882115 
0021000069 (0071000068) : 48345.37309994124 
0022000070 (0021000069) : 49075.87654713363 
0025000071 (0022000070) : 49105.87420307687 
0084000072 (0025000071) : 49179.18496383334 
0064000073 (0084000072) : 49724.14659601447 
0050000074 (0064000073) : 50321.54641728599 
0054000075 (0050000074) : 51366.457900765046 
0099000076 (0054000075) : 51582.79863581593 
0021000077 (0099000076) : 51621.63848469486 
0062000078 (0021000077) : 52431.11613730638 
0096000079 (0062000078) : 53022.11945725568 
0005000080 (0096000079) : 54376.43722284434 
0021000081 (0005000080) : 54425.47575508348 
0044000082 (0021000081) : 54549.37608123196 
0084000083 (0044000082) : 55108.20137006793 
0080000084 (0084000083) : 56048.16667163427 
0058000085 (0080000084) : 56357.93173197117 
0087000086 (0058000085) : 56916.58743542908 
0071000087 (0087000086) : 58484.8940647344 
0015000088 (0071000087) : 59376.555637280355 
0038000089 (0015000088) : 60878.80397239754 
0004000090 (0038000089) : 61962.921606893775 
0089000091 (0004000090) : 62375.284225030045 
0051000092 (0089000091) : 63022.520814405274 
0062000093 (0051000092) : 63250.31591481963 
0042000094 (0062000093) : 63619.964635667406 
0072000095 (0042000094) : 63749.37214569646 
0049000096 (0072000095) : 63903.022593641945 
0026000097 (0049000096) : 65072.114453469636 
0092000098 (0026000097) : 66340.04091644485 
0065000099 (0092000098) : 67155.47786609824 
0029000100 (0065000099) : 67215.3244681678 
0063000101 (0029000100) : 67390.61190842823 
0036000102 (0063000101) : 67811.963476129 
0096000103 (0036000102) : 68060.11084284901 
0067000104 (0096000103) : 68902.28698687926 
0022000105 (0067000104) : 69385.9321052204 
0040000106 (0022000105) : 69531.08021735915 
0078000107 (0040000106) : 70276.53883461906 
0021000108 (0078000107) : 70496.4181760403 
0088000109 (0021000108) : 71973.10498922557 
0028000110 (0088000109) : 73751.97008700715 
0045000111 (0028000110) : 75327.56236206884 
0034000112 (0045000111) : 76863.7778544396 
0092000113 (0034000112) : 77324.2534787018 
0088000114 (0092000113) : 77721.35143333887 
0061000115 (0088000114) : 79515.4429557344 
0048000116 (0061000115) : 80439.74425105508 
0020000117 (0048000116) : 80910.2342329494 
0021000118 (0020000117) : 82504.948357409 
0013000119 (0021000118) : 83304.05487931072 
0064000120 (0013000119) : 83967.22012844251 
0018000121 (0064000120) : 84127.43184672705 
0021000122 (0018000121) : 84555.9710030504 
0097000123 (0021000122) : 84675.8935776066 
0041000124 (0097000123) : 85007.8071854414 
0006000125 (0041000124) : 85513.11587827501 
0089000126 (0006000125) : 86993.10577185208 
0053000127 (0089000126) : 87613.56582944005 
0004000128 (0053000127) : 88318.90234971161 
0023000129 (0004000128) : 88800.27455855321 
0051000130 (0023000129) : 89761.27087435921 
0090000131 (0051000130) : 90432.61497038497 
0063000132 (0090000131) : 90437.35439226133 
0000000133 (0063000132) : 91070.73711648592 
0065000134 (0000000133) : 91438.95795881948 
0052000135 (0065000134) : 92129.05628898207 
0088000136 (0052000135) : 94029.310435141 
0023000137 (0088000136) : 94588.80282561241 
0021000138 (0023000137) : 97155.92756689126 
0086000139 (0021000138) : 97592.17229313016 
0082000140 (0086000139) : 98286.43519555804 
0086000141 (0082000140) : 98644.48149341397 
