0000000000 (genesis block) : 0 
0015000001 (0000000000) : 101.00169336244731 
0021000002 (0015000001) : 856.6424558238651 
0082000003 (0021000002) : 923.7940210712667 
0079000004 (0082000003) : 2229.0826783773123 
0075000005 (0079000004) : 2687.2169500750424 
0047000006 (0075000005) : 4119.559062462763 
0070000007 (0047000006) : 4702.067930766633 
0021000008 (0070000007) : 4968.845482096036 
0089000009 (0021000008) : 5004.91650106259 
0021000010 (0089000009) : 5074.3774986205835 
0059000011 (0021000010) : 5508.599530679865 
0056000012 (0059000011) : 5830.150595366965 
0047000013 (0056000012) : 6541.136067458193 
0008000014 (0047000013) : 7043.236801204259 
0053000015 (0008000014) : 7862.757857047918 
0094000016 (0053000015) : 7899.780330377451 
0000000017 (0094000016) : 7985.701947054942 
0055000018 (0000000017) : 8235.679278446796 
0088000019 (0055000018) : 9211.31008352945 
0040000020 (0088000019) : 9731.427880353202 
0017000021 (0040000020) : 9736.846626739312 
0037000022 (0017000021) : 11640.677490230795 
0006000023 (0037000022) : 13139.088747977956 
0092000024 (0006000023) : 13556.376271666215 
0093000025 (0092000024) : 13620.553236016121 
0079000026 (0093000025) : 13754.475098475757 
0069000027 (0079000026) : 13922.09262429997 
0058000028 (0069000027) : 15692.625174227283 
0079000029 (0058000028) : 15987.642821948206 
0092000030 (0079000029) : 17256.029230941454 
0078000031 (0092000030) : 19036.36528035549 
0019000032 (0078000031) : 19780.767006408212 
0069000033 (0019000032) : 20693.23535528807 
0033000034 (0069000033) : 21963.89521749245 
0063000035 (0033000034) : 22040.35952051118 
0037000036 (0063000035) : 22824.47116602959 
0011000037 (0037000036) : 25378.9521261541 
0029000038 (0011000037) : 25960.613985862856 
0055000039 (0029000038) : 26615.50017776015 
0033000040 (0055000039) : 26761.960432904747 
0021000041 (0033000040) : 27546.510170589863 
0085000042 (0021000041) : 28056.439562035066 
0091000043 (0085000042) : 28601.779942422327 
0007000044 (0091000043) : 29084.551902220577 
0090000045 (0007000044) : 29172.79474675065 
0021000046 (0090000045) : 29552.21899887455 
0066000047 (0021000046) : 30376.865369890194 
0089000048 (0066000047) : 30599.816081664812 
0098000049 (0089000048) : 30635.35561133401 
0066000050 (0098000049) : 30768.15638115099 
0097000051 (0066000050) : 31915.733678772514 
0092000052 (0097000051) : 31993.983154312267 
0041000053 (0092000052) : 34912.8041400179 
0058000054 (0041000053) : 34923.69565378856 
0048000055 (0058000054) : 37916.39059298394 
0044000056 (0048000055) : 38527.70230971557 
0005000057 (0044000056) : 38720.68927917652 
0088000058 (0005000057) : 40394.66041045004 
0037000059 (0088000058) : 40508.00085798864 
0041000060 (0037000059) : 41131.71247419315 
0021000061 (0041000060) : 42131.550194755626 
0047000062 (0021000061) : 43516.552186980676 
0041000063 (0047000062) : 44234.75481222662 
0013000064 (0041000063) : 45880.3793794898 
0046000065 (0013000064) : 46171.38861636792 
0017000066 (0046000065) : 46389.352393917936 
0099000067 (0017000066) : 46479.73375146896 
0071000068 (0099000067) : 46669.55560048507 
0021000069 (0071000068) : 48345.22928912028 
0022000070 (0021000069) : 49075.57274260789 
0025000071 (0022000070) : 49105.802259263255 
0084000072 (0025000071) : 49178.904516643335 
0064000073 (0084000072) : 49723.912002835306 
0050000074 (0064000073) : 50321.284112616704 
0054000075 (0050000074) : 51366.21707307986 
0099000076 (0054000075) : 51582.45266441673 
0021000077 (0099000076) : 51621.49404343717 
0062000078 (0021000077) : 52430.706916335315 
0096000079 (0062000078) : 53021.79153667911 
0005000080 (0096000079) : 54376.25398274957 
0021000081 (0005000080) : 54425.332252593835 
0044000082 (0021000081) : 54548.98577341242 
0084000083 (0044000082) : 55107.92669677967 
0080000084 (0084000083) : 56048.02495493149 
0058000085 (0080000084) : 56357.892517767075 
0087000086 (0058000085) : 56916.43803576275 
0071000087 (0087000086) : 58484.594371354375 
0015000088 (0071000087) : 59376.684124999236 
0038000089 (0015000088) : 60878.414357715774 
0004000090 (0038000089) : 61962.92419540563 
0089000091 (0004000090) : 62375.358883220724 
0051000092 (0089000091) : 63022.00205850729 
0062000093 (0051000092) : 63249.90726431683 
0042000094 (0062000093) : 63619.83968319727 
0072000095 (0042000094) : 63749.22779648685 
0049000096 (0072000095) : 63902.8103114022 
0026000097 (0049000096) : 65072.08062217633 
0092000098 (0026000097) : 66339.83965994736 
0065000099 (0092000098) : 67154.94216902286 
0029000100 (0065000099) : 67215.20080323528 
0063000101 (0029000100) : 67390.6276020011 
0036000102 (0063000101) : 67812.02231222416 
0096000103 (0036000102) : 68059.77938536664 
0067000104 (0096000103) : 68902.44109974807 
0022000105 (0067000104) : 69385.6263646903 
0040000106 (0022000105) : 69530.87401077854 
0078000107 (0040000106) : 70276.27425254969 
0021000108 (0078000107) : 70496.27641848437 
0088000109 (0021000108) : 71973.12803783662 
0028000110 (0088000109) : 73752.57108263767 
0045000111 (0028000110) : 75327.3314499505 
0034000112 (0045000111) : 76863.42232493368 
0092000113 (0034000112) : 77324.05018551761 
0088000114 (0092000113) : 77721.37899647621 
0061000115 (0088000114) : 79514.92913075128 
0048000116 (0061000115) : 80439.59766121088 
0020000117 (0048000116) : 80910.14899419092 
0021000118 (0020000117) : 82504.80294948095 
0013000119 (0021000118) : 83303.89353746796 
0064000120 (0013000119) : 83966.98920646911 
0018000121 (0064000120) : 84127.73009685836 
0021000122 (0018000121) : 84555.82993450729 
0097000123 (0021000122) : 84676.00442752813 
0041000124 (0097000123) : 85007.61009569491 
0006000125 (0041000124) : 85513.18305646999 
0089000126 (0006000125) : 86993.17751625043 
0053000127 (0089000126) : 87613.61899014491 
0004000128 (0053000127) : 88318.90408572445 
0023000129 (0004000128) : 88800.188603397 
0051000130 (0023000129) : 89760.75522586454 
0090000131 (0051000130) : 90432.38082390589 
0063000132 (0090000131) : 90437.369699027 
0000000133 (0063000132) : 91070.63500854443 
0065000134 (0000000133) : 91438.42413699681 
0052000135 (0065000134) : 92129.63517041835 
0088000136 (0052000135) : 94029.33048114713 
0023000137 (0088000136) : 94588.71597508939 
0021000138 (0023000137) : 97155.78624976779 
0086000139 (0021000138) : 97592.07810670105 
0082000140 (0086000139) : 98286.29457574255 
0086000141 (0082000140) : 98644.38917044575 
