0000000000 (genesis block) : 0 
0015000001 (0000000000) : 100.86266042632799 
0021000002 (0015000001) : 856.602581877132 
0082000003 (0021000002) : 923.7554743731423 
0079000004 (0082000003) : 2228.8707670007893 
0075000005 (0079000004) : 2687.141505749243 
0047000006 (0075000005) : 4119.45956624413 
0070000007 (0047000006) : 4701.921451687078 
0021000008 (0070000007) : 4968.804541747458 
0089000009 (0021000008) : 5004.819718488648 
0021000010 (0089000009) : 5074.337693362591 
0059000011 (0021000010) : 5508.614042538044 
0056000012 (0059000011) : 5830.058451829463 
0047000013 (0056000012) : 6541.038263811465 
0008000014 (0047000013) : 7043.137372998375 
0053000015 (0008000014) : 7862.616161800352 
0094000016 (0053000015) : 7899.866548956343 
0000000017 (0094000016) : 7985.605029929333 
0055000018 (0000000017) : 8235.596829655999 
0088000019 (0055000018) : 9211.162356204002 
0040000020 (0088000019) : 9731.189381100756 
0017000021 (0040000020) : 9736.661308264918 
0037000022 (0017000021) : 11640.465290080652 
0006000023 (0037000022) : 13138.991821493546 
0092000024 (0006000023) : 13556.137844810468 
0093000025 (0092000024) : 13620.344707145554 
0079000026 (0093000025) : 13754.264538356041 
0069000027 (0079000026) : 13922.010044749397 
0058000028 (0069000027) : 15692.414087876428 
0079000029 (0058000028) : 15987.430139428405 
0092000030 (0079000029) : 17255.79051200654 
0078000031 (0092000030) : 19036.3195999343 
0019000032 (0078000031) : 19780.67300722539 
0069000033 (0019000032) : 20693.153919181295 
0033000034 (0069000033) : 21963.71498883401 
0063000035 (0033000034) : 22040.318967673848 
0037000036 (0063000035) : 22824.260514282654 
0011000037 (0037000036) : 25378.763643574413 
0029000038 (0011000037) : 25960.400290069043 
0055000039 (0029000038) : 26615.4085096024 
0033000040 (0055000039) : 26761.769219804453 
0021000041 (0033000040) : 27546.469675760236 
0085000042 (0021000041) : 28056.232027101923 
0091000043 (0085000042) : 28601.687944188412 
0007000044 (0091000043) : 29084.386159022568 
0090000045 (0007000044) : 29172.710160433333 
0021000046 (0090000045) : 29552.17573185396 
0066000047 (0021000046) : 30376.62365609578 
0089000048 (0066000047) : 30599.721463922164 
0098000049 (0089000048) : 30635.234742524553 
0066000050 (0098000049) : 30767.918007930122 
0097000051 (0066000050) : 31915.506797835696 
0092000052 (0097000051) : 31993.743167436758 
0041000053 (0092000052) : 34912.72849782602 
0058000054 (0041000053) : 34923.48609055288 
0048000055 (0058000054) : 37916.17808936469 
0044000056 (0048000055) : 38527.77322665872 
0005000057 (0044000056) : 38720.71598526153 
0088000058 (0005000057) : 40394.51048340021 
0037000059 (0088000058) : 40507.78965322163 
0041000060 (0037000059) : 41131.63626416511 
0021000061 (0041000060) : 42131.50659809712 
0047000062 (0021000061) : 43516.45330668905 
0041000063 (0047000062) : 44234.68075137952 
0013000064 (0041000063) : 45880.139004828285 
0046000065 (0013000064) : 46171.35676245487 
0017000066 (0046000065) : 46389.165350568874 
0099000067 (0017000066) : 46479.63499829271 
0071000068 (0099000067) : 46669.66831606734 
0021000069 (0071000068) : 48345.188150771624 
0022000070 (0021000069) : 49075.47898303421 
0025000071 (0022000070) : 49105.7029859111 
0084000072 (0025000071) : 49178.99388135364 
0064000073 (0084000072) : 49723.700602789686 
0050000074 (0064000073) : 50321.0999447779 
0054000075 (0050000074) : 51366.123190622435 
0099000076 (0054000075) : 51582.35329880937 
0021000077 (0099000076) : 51621.45459201854 
0062000078 (0021000077) : 52430.66629944629 
0096000079 (0062000078) : 53021.69639202226 
0005000080 (0096000079) : 54376.280256670994 
0021000081 (0005000080) : 54425.29142209441 
0044000082 (0021000081) : 54549.06029894526 
0084000083 (0044000082) : 55108.01267927565 
0080000084 (0084000083) : 56047.984101044596 
0058000085 (0080000084) : 56357.683200274274 
0087000086 (0058000085) : 56916.2282267878 
0071000087 (0087000086) : 58484.7098965507 
0015000088 (0071000087) : 59376.54202716587 
0038000089 (0015000088) : 60878.485707232234 
0004000090 (0038000089) : 61962.68220975533 
0089000091 (0004000090) : 62375.26129893805 
0051000092 (0089000091) : 63022.074172949884 
0062000093 (0051000092) : 63249.869939619406 
0042000094 (0062000093) : 63619.79843978348 
0072000095 (0042000094) : 63749.188770397006 
0049000096 (0072000095) : 63902.688592602855 
0026000097 (0049000096) : 65071.868323037736 
0092000098 (0026000097) : 66339.59204865691 
0065000099 (0092000098) : 67155.03058833956 
0029000100 (0065000099) : 67214.9938117539 
0063000101 (0029000100) : 67390.58543119801 
0036000102 (0063000101) : 67811.78397296004 
0096000103 (0036000102) : 68059.68527720902 
0067000104 (0096000103) : 68902.2010547122 
0022000105 (0067000104) : 69385.53808827694 
0040000106 (0022000105) : 69530.6329670384 
0078000107 (0040000106) : 70276.23189844795 
0021000108 (0078000107) : 70496.2352358054 
0088000109 (0021000108) : 71972.98017416766 
0028000110 (0088000109) : 73752.32483594472 
0045000111 (0028000110) : 75327.11581333914 
0034000112 (0045000111) : 76863.3318431941 
0092000113 (0034000112) : 77323.80779116956 
0088000114 (0092000113) : 77721.22760697432 
0061000115 (0088000114) : 79514.99674392983 
0048000116 (0061000115) : 80439.38324603082 
0020000117 (0048000116) : 80909.99455649823 
0021000118 (0020000117) : 82504.76179658304 
0013000119 (0021000118) : 83303.65156007028 
0064000120 (0013000119) : 83966.77431847932 
0018000121 (0064000120) : 84127.58652148556 
0021000122 (0018000121) : 84555.79038137895 
0097000123 (0021000122) : 84675.77693613186 
0041000124 (0097000123) : 85007.53583699485 
0006000125 (0041000124) : 85513.08906326299 
0089000126 (0006000125) : 86993.08783191485 
0053000127 (0089000126) : 87613.47753842632 
0004000128 (0053000127) : 88318.66379506829 
0023000129 (0004000128) : 88800.09347006673 
0051000130 (0023000129) : 89760.82519874873 
0090000131 (0051000130) : 90432.29959400208 
0063000132 (0090000131) : 90437.33271945054 
0000000133 (0063000132) : 91070.54161110421 
0065000134 (0000000133) : 91438.51158492417 
0052000135 (0065000134) : 92129.3923345966 
0088000136 (0052000135) : 94029.18452062427 
0023000137 (0088000136) : 94588.62001469085 
0021000138 (0023000137) : 97155.74765407809 
0086000139 (0021000138) : 97592.05121397926 
0082000140 (0086000139) : 98286.25237032748 
0086000141 (0082000140) : 98644.3636083118 
