0000000000 (genesis block) : 0 
0015000001 (0000000000) : 100.77346659471986 
0021000002 (0015000001) : 856.5874974844836 
0082000003 (0021000002) : 923.8146693561857 
0079000004 (0082000003) : 2228.851644405899 
0075000005 (0079000004) : 2687.091394885088 
0047000006 (0075000005) : 4119.521810247828 
0070000007 (0047000006) : 4701.827517458243 
0021000008 (0070000007) : 4968.792379560372 
0089000009 (0021000008) : 5004.728402491789 
0021000010 (0089000009) : 5074.327073516911 
0059000011 (0021000010) : 5508.53707716368 
0056000012 (0059000011) : 5830.150823837254 
0047000013 (0056000012) : 6541.09965968025 
0008000014 (0047000013) : 7043.19893374022 
0053000015 (0008000014) : 7862.708351664594 
0094000016 (0053000015) : 7899.86180531044 
0000000017 (0094000016) : 7985.514035275373 
0055000018 (0000000017) : 8235.503865365663 
0088000019 (0055000018) : 9211.254458266561 
0040000020 (0088000019) : 9731.280303454238 
0017000021 (0040000020) : 9736.567394106509 
0037000022 (0017000021) : 11640.373607265688 
0006000023 (0037000022) : 13138.899978436151 
0092000024 (0006000023) : 13556.22862663411 
0093000025 (0092000024) : 13620.261764599638 
0079000026 (0093000025) : 13754.247455176774 
0069000027 (0079000026) : 13922.072062115069 
0058000028 (0069000027) : 15692.324936292436 
0079000029 (0058000028) : 15987.411347105693 
0092000030 (0079000029) : 17255.882931969434 
0078000031 (0092000030) : 19036.412215315933 
0019000032 (0078000031) : 19780.58141550636 
0069000033 (0019000032) : 20693.218261928334 
0033000034 (0069000033) : 21963.62349858076 
0063000035 (0033000034) : 22040.256258140307 
0037000036 (0063000035) : 22824.168259987426 
0011000037 (0037000036) : 25378.67000569124 
0029000038 (0011000037) : 25960.380639424067 
0055000039 (0029000038) : 26615.31739331182 
0033000040 (0055000039) : 26761.677656997188 
0021000041 (0033000040) : 27546.45631912387 
0085000042 (0021000041) : 28056.13918557366 
0091000043 (0085000042) : 28601.67350481818 
0007000044 (0091000043) : 29084.295308173776 
0090000045 (0007000044) : 29172.773012429447 
0021000046 (0090000045) : 29552.159938867848 
0066000047 (0021000046) : 30376.71638899146 
0089000048 (0066000047) : 30599.628151821784 
0098000049 (0089000048) : 30635.142242567515 
0066000050 (0098000049) : 30768.00983318962 
0097000051 (0066000050) : 31915.598527371232 
0092000052 (0097000051) : 31993.834689938598 
0041000053 (0092000052) : 34912.67537873152 
0058000054 (0041000053) : 34923.39652981424 
0048000055 (0058000054) : 37916.08681083193 
0044000056 (0048000055) : 38527.835504442286 
0005000057 (0044000056) : 38720.625285406175 
0088000058 (0005000057) : 40394.6038095917 
0037000059 (0088000058) : 40507.69877476334 
0041000060 (0037000059) : 41131.583520414264 
0021000061 (0041000060) : 42131.490732833925 
0047000062 (0021000061) : 43516.51452803567 
0041000063 (0047000062) : 44234.62737296737 
0013000064 (0041000063) : 45880.23095394629 
0046000065 (0013000064) : 46171.44759655058 
0017000066 (0046000065) : 46389.07338783946 
0099000067 (0017000066) : 46479.696592444154 
0071000068 (0099000067) : 46669.72969308711 
0021000069 (0071000068) : 48345.172838539474 
0022000070 (0021000069) : 49075.387037671666 
0025000071 (0022000070) : 49105.640712111344 
0084000072 (0025000071) : 49179.05427925213 
0064000073 (0084000072) : 49723.60949047143 
0050000074 (0064000073) : 50321.00794852075 
0054000075 (0050000074) : 51366.03042048822 
0099000076 (0054000075) : 51582.414887927356 
0021000077 (0099000076) : 51621.44277910215 
0062000078 (0021000077) : 52430.729033771844 
0096000079 (0062000078) : 53021.60474625039 
0005000080 (0096000079) : 54376.18693397912 
0021000081 (0005000080) : 54425.27800484247 
0044000082 (0021000081) : 54549.121628724446 
0084000083 (0044000082) : 55108.073804154585 
0080000084 (0084000083) : 56048.04811562949 
0058000085 (0080000084) : 56357.59199799443 
0087000086 (0058000085) : 56916.20720177984 
0071000087 (0087000086) : 58484.7733047962 
0015000088 (0071000087) : 59376.45384915286 
0038000089 (0015000088) : 60878.54759427077 
0004000090 (0038000089) : 61962.77541132643 
0089000091 (0004000090) : 62375.16892021372 
0051000092 (0089000091) : 63022.13698076138 
0062000093 (0051000092) : 63249.9308361536 
0042000094 (0062000093) : 63619.78322445576 
0072000095 (0042000094) : 63749.25148437519 
0049000096 (0072000095) : 63902.66893873314 
0026000097 (0049000096) : 65071.777732389906 
0092000098 (0026000097) : 66339.68775416863 
0065000099 (0092000098) : 67155.09320090679 
0029000100 (0065000099) : 67214.96921664386 
0063000101 (0029000100) : 67390.52395269898 
0036000102 (0063000101) : 67811.733217853 
0096000103 (0036000102) : 68059.59252154305 
0067000104 (0096000103) : 68902.29502785121 
0022000105 (0067000104) : 69385.44726366762 
0040000106 (0022000105) : 69530.72569674427 
0078000107 (0040000106) : 70276.32410156935 
0021000108 (0078000107) : 70496.22026413227 
0088000109 (0021000108) : 71973.07156151242 
0028000110 (0088000109) : 73752.41675185089 
0045000111 (0028000110) : 75327.17848405793 
0034000112 (0045000111) : 76863.24015038859 
0092000113 (0034000112) : 77323.90278543596 
0088000114 (0092000113) : 77721.32012993399 
0061000115 (0088000114) : 79514.93714233798 
0048000116 (0061000115) : 80439.2905278275 
0020000117 (0048000116) : 80910.08541743574 
0021000118 (0020000117) : 82504.74760002007 
0013000119 (0021000118) : 83303.74427671063 
0064000120 (0013000119) : 83966.68256512312 
0018000121 (0064000120) : 84127.49314029183 
0021000122 (0018000121) : 84555.7740079078 
0097000123 (0021000122) : 84675.86943123609 
0041000124 (0097000123) : 85007.48081003851 
0006000125 (0041000124) : 85512.99594517557 
0089000126 (0006000125) : 86992.9947048345 
0053000127 (0089000126) : 87613.57131819203 
0004000128 (0053000127) : 88318.75514637942 
0023000129 (0004000128) : 88800.00171243983 
0051000130 (0023000129) : 89760.88649609541 
0090000131 (0051000130) : 90432.36173495297 
0063000132 (0090000131) : 90437.26889008503 
0000000133 (0063000132) : 91070.45009033469 
0065000134 (0000000133) : 91438.57421807008 
0052000135 (0065000134) : 92129.42039572487 
0088000136 (0052000135) : 94029.27558730397 
0023000137 (0088000136) : 94588.52823675347 
0021000138 (0023000137) : 97155.72895187011 
0086000139 (0021000138) : 97592.11608673105 
0082000140 (0086000139) : 98286.31508461379 
0086000141 (0082000140) : 98644.42955722802 
