0000000000 (genesis block) : 0 
0015000001 (0000000000) : 100.87877049704457 
0021000002 (0015000001) : 856.744889854329 
0082000003 (0021000002) : 923.8935590418989 
0079000004 (0082000003) : 2229.0642888398033 
0075000005 (0079000004) : 2687.1701368330655 
0047000006 (0075000005) : 4120.0265280259755 
0070000007 (0047000006) : 4701.9410854862435 
0021000008 (0070000007) : 4968.952663335546 
0089000009 (0021000008) : 5004.787486510885 
0021000010 (0089000009) : 5074.483958473995 
0059000011 (0021000010) : 5508.995948571237 
0056000012 (0059000011) : 5829.79306976377 
0047000013 (0056000012) : 6541.604912489253 
0008000014 (0047000013) : 7043.656637633468 
0053000015 (0008000014) : 7862.040774231242 
0094000016 (0053000015) : 7899.917549970412 
0000000017 (0094000016) : 7985.751751548073 
0055000018 (0000000017) : 8235.892924369897 
0088000019 (0055000018) : 9211.248576705515 
0040000020 (0088000019) : 9731.752452428773 
0017000021 (0040000020) : 9737.220655247793 
0037000022 (0017000021) : 11640.645229003983 
0006000023 (0037000022) : 13138.807883326743 
0092000024 (0006000023) : 13556.653132005056 
0093000025 (0092000024) : 13620.61043411476 
0079000026 (0093000025) : 13754.461117500023 
0069000027 (0079000026) : 13922.017733246254 
0058000028 (0069000027) : 15692.793057490271 
0079000029 (0058000028) : 15987.623085110641 
0092000030 (0079000029) : 17256.3083267126 
0078000031 (0092000030) : 19036.591028094477 
0019000032 (0078000031) : 19781.14803548379 
0069000033 (0019000032) : 20693.160694145412 
0033000034 (0069000033) : 21963.779183695384 
0063000035 (0033000034) : 22040.561525138924 
0037000036 (0063000035) : 22824.440319703805 
0011000037 (0037000036) : 25379.139681319208 
0029000038 (0011000037) : 25960.887048065593 
0055000039 (0029000038) : 26615.712463146327 
0033000040 (0055000039) : 26761.841656730303 
0021000041 (0033000040) : 27546.620486026328 
0085000042 (0021000041) : 28056.61056480509 
0091000043 (0085000042) : 28601.905080939076 
0007000044 (0091000043) : 29084.766471172137 
0090000045 (0007000044) : 29173.030308451078 
0021000046 (0090000045) : 29552.322066032368 
0066000047 (0021000046) : 30376.766940035202 
0089000048 (0066000047) : 30599.690930324326 
0098000049 (0089000048) : 30635.402878565896 
0066000050 (0098000049) : 30768.05539555528 
0097000051 (0066000050) : 31915.506024131468 
0092000052 (0097000051) : 31994.258370477553 
0041000053 (0092000052) : 34913.18355312868 
0058000054 (0041000053) : 34923.86611926994 
0048000055 (0058000054) : 37916.50386055156 
0044000056 (0048000055) : 38527.9316012439 
0005000057 (0044000056) : 38720.73880680613 
0088000058 (0005000057) : 40394.596929092375 
0037000059 (0088000058) : 40507.96842915743 
0041000060 (0037000059) : 41132.09213610973 
0021000061 (0041000060) : 42131.65176509129 
0047000062 (0021000061) : 43517.01785442523 
0041000063 (0047000062) : 44235.13958630113 
0013000064 (0041000063) : 45880.55289700871 
0046000065 (0013000064) : 46171.89777222086 
0017000066 (0046000065) : 46389.72431272994 
0099000067 (0017000066) : 46480.199800885726 
0071000068 (0099000067) : 46669.81427607528 
0021000069 (0071000068) : 48345.3342510584 
0022000070 (0021000069) : 49075.84366967491 
0025000071 (0022000070) : 49105.82368696211 
0084000072 (0025000071) : 49179.33634163585 
0064000073 (0084000072) : 49724.2784826856 
0050000074 (0064000073) : 50321.659457923015 
0054000075 (0050000074) : 51366.49269702333 
0099000076 (0054000075) : 51582.920318660756 
0021000077 (0099000076) : 51621.60141780265 
0062000078 (0021000077) : 52431.17393977004 
0096000079 (0062000078) : 53022.086011026266 
0005000080 (0096000079) : 54376.30262392522 
0021000081 (0005000080) : 54425.43984462961 
0044000082 (0021000081) : 54549.21207367382 
0084000083 (0044000082) : 55108.35331886466 
0080000084 (0084000083) : 56048.12888684035 
0058000085 (0080000084) : 56358.06068415256 
0087000086 (0058000085) : 56916.71809981431 
0071000087 (0087000086) : 58484.85729785555 
0015000088 (0071000087) : 59376.559594355545 
0038000089 (0015000088) : 60878.64095750707 
0004000090 (0038000089) : 61963.1557446047 
0089000091 (0004000090) : 62375.22897424248 
0051000092 (0089000091) : 63022.54949163594 
0062000093 (0051000092) : 63250.372031462175 
0042000094 (0062000093) : 63619.706241466396 
0072000095 (0042000094) : 63749.33288222016 
0049000096 (0072000095) : 63903.07252014452 
0026000097 (0049000096) : 65072.249297919385 
0092000098 (0026000097) : 66340.11127318993 
0065000099 (0092000098) : 67155.5248765195 
0029000100 (0065000099) : 67215.47774079023 
0063000101 (0029000100) : 67390.82567341068 
0036000102 (0063000101) : 67812.14246023337 
0096000103 (0036000102) : 68060.07831539083 
0067000104 (0096000103) : 68902.17108400616 
0022000105 (0067000104) : 69385.9001155967 
0040000106 (0022000105) : 69531.19604550519 
0078000107 (0040000106) : 70276.5018541235 
0021000108 (0078000107) : 70496.38109669756 
0088000109 (0021000108) : 71973.06704525507 
0028000110 (0088000109) : 73752.54085468028 
0045000111 (0028000110) : 75327.65552817097 
0034000112 (0045000111) : 76863.80088096841 
0092000113 (0034000112) : 77324.32258025718 
0088000114 (0092000113) : 77721.31359207325 
0061000115 (0088000114) : 79515.30347884713 
0048000116 (0061000115) : 80439.70585562626 
0020000117 (0048000116) : 80910.4763443088 
0021000118 (0020000117) : 82504.90857700004 
0013000119 (0021000118) : 83304.05779215542 
0064000120 (0013000119) : 83967.34924403614 
0018000121 (0064000120) : 84127.6817073005 
0021000122 (0018000121) : 84555.93304142356 
0097000123 (0021000122) : 84675.77592558086 
0041000124 (0097000123) : 85007.99233077138 
0006000125 (0041000124) : 85512.90117954521 
0089000126 (0006000125) : 86993.05627565009 
0053000127 (0089000126) : 87612.90212267976 
0004000128 (0053000127) : 88319.1391249038 
0023000129 (0004000128) : 88800.27693853535 
0051000130 (0023000129) : 89761.3062395709 
0090000131 (0051000130) : 90432.61816667787 
0063000132 (0090000131) : 90437.5684205182 
0000000133 (0063000132) : 91070.68574394338 
0065000134 (0000000133) : 91439.008418463 
0052000135 (0065000134) : 92129.59740166114 
0088000136 (0052000135) : 94029.27384246382 
0023000137 (0088000136) : 94588.8052277202 
0021000138 (0023000137) : 97155.8910899188 
0086000139 (0021000138) : 97592.04991426949 
0082000140 (0086000139) : 98286.39865952983 
0086000141 (0082000140) : 98644.362660057 
