0000000000 (genesis block) : 0 
0015000001 (0000000000) : 100.73150451702035 
0021000002 (0015000001) : 856.873387512814 
0082000003 (0021000002) : 924.030353466329 
0079000004 (0082000003) : 2228.562651014184 
0075000005 (0079000004) : 2687.301587099932 
0047000006 (0075000005) : 4119.73974571996 
0070000007 (0047000006) : 4701.927502726539 
0021000008 (0070000007) : 4969.081645783042 
0089000009 (0021000008) : 5004.69210444687 
0021000010 (0089000009) : 5074.614833477445 
0059000011 (0021000010) : 5508.506829556059 
0056000012 (0059000011) : 5830.221065317949 
0047000013 (0056000012) : 6541.316504447224 
0008000014 (0047000013) : 7043.296903100812 
0053000015 (0008000014) : 7862.836419867407 
0094000016 (0053000015) : 7899.8183210462985 
0000000017 (0094000016) : 7985.661399855627 
0055000018 (0000000017) : 8235.746707334172 
0088000019 (0055000018) : 9211.409534402106 
0040000020 (0088000019) : 9731.498205435928 
0017000021 (0040000020) : 9736.834926988613 
0037000022 (0017000021) : 11640.34972407767 
0006000023 (0037000022) : 13138.875429975245 
0092000024 (0006000023) : 13556.445419680167 
0093000025 (0092000024) : 13620.213356587248 
0079000026 (0093000025) : 13753.958666181761 
0069000027 (0079000026) : 13921.850067012789 
0058000028 (0069000027) : 15692.280346714515 
0079000029 (0058000028) : 15987.123195172166 
0092000030 (0079000029) : 17256.096143182243 
0078000031 (0092000030) : 19036.435361757995 
0019000032 (0078000031) : 19780.869326473236 
0069000033 (0019000032) : 20692.990803222776 
0033000034 (0069000033) : 21963.59328897315 
0063000035 (0033000034) : 22040.500839388675 
0037000036 (0063000035) : 22824.14562887916 
0011000037 (0037000036) : 25378.718494227753 
0029000038 (0011000037) : 25960.090899134895 
0055000039 (0029000038) : 26615.56063980276 
0033000040 (0055000039) : 26761.660895885638 
0021000041 (0033000040) : 27546.743697523158 
0085000042 (0021000041) : 28056.26622124741 
0091000043 (0085000042) : 28601.9195214966 
0007000044 (0091000043) : 29084.583405740985 
0090000045 (0007000044) : 29172.896734878057 
0021000046 (0090000045) : 29552.4465828603 
0066000047 (0021000046) : 30376.782774215433 
0089000048 (0066000047) : 30599.595168549615 
0098000049 (0089000048) : 30635.422690348147 
0066000050 (0098000049) : 30768.07632568401 
0097000051 (0066000050) : 31915.816702565557 
0092000052 (0097000051) : 31994.050067390213 
0041000053 (0092000052) : 34912.945714495734 
0058000054 (0041000053) : 34923.354741712435 
0048000055 (0058000054) : 37916.21325285079 
0044000056 (0048000055) : 38527.97234272847 
0005000057 (0044000056) : 38720.8632105428 
0088000058 (0005000057) : 40394.75882490201 
0037000059 (0088000058) : 40507.67925615401 
0041000060 (0037000059) : 41131.85281879519 
0021000061 (0041000060) : 42131.778821292064 
0047000062 (0021000061) : 43516.73129289383 
0041000063 (0047000062) : 44234.893981940964 
0013000064 (0041000063) : 45880.25706250481 
0046000065 (0013000064) : 46171.66232527769 
0017000066 (0046000065) : 46389.34207088513 
0099000067 (0017000066) : 46479.911708073494 
0071000068 (0099000067) : 46669.94503141459 
0021000069 (0071000068) : 48345.46140391934 
0022000070 (0021000069) : 49075.624785439344 
0025000071 (0022000070) : 49105.7293615246 
0084000072 (0025000071) : 49179.26052628098 
0064000073 (0084000072) : 49723.89523331748 
0050000074 (0064000073) : 50321.300257626455 
0054000075 (0050000074) : 51366.05217330318 
0099000076 (0054000075) : 51582.62903321335 
0021000077 (0099000076) : 51621.73035423566 
0062000078 (0021000077) : 52430.94344412256 
0096000079 (0062000078) : 53021.86687659537 
0005000080 (0096000079) : 54376.42546459711 
0021000081 (0005000080) : 54425.56903822367 
0044000082 (0021000081) : 54549.25520855887 
0084000083 (0044000082) : 55108.28120021859 
0080000084 (0084000083) : 56048.25917768859 
0058000085 (0080000084) : 56357.55082279617 
0087000086 (0058000085) : 56916.09626597423 
0071000087 (0087000086) : 58484.98726499936 
0015000088 (0071000087) : 59376.409865709225 
0038000089 (0015000088) : 60878.708370572815 
0004000090 (0038000089) : 61962.93642649663 
0089000091 (0004000090) : 62375.134590579124 
0051000092 (0089000091) : 63022.35179606263 
0062000093 (0051000092) : 63250.147471771 
0042000094 (0062000093) : 63620.07112800537 
0072000095 (0042000094) : 63749.467165665716 
0049000096 (0072000095) : 63902.37964226252 
0026000097 (0049000096) : 65071.736930314626 
0092000098 (0026000097) : 66339.9034694112 
0065000099 (0092000098) : 67155.30778433933 
0029000100 (0065000099) : 67214.6832547644 
0063000101 (0029000100) : 67390.77034374706 
0036000102 (0063000101) : 67811.66935667646 
0096000103 (0036000102) : 68059.85754098101 
0067000104 (0096000103) : 68902.5111383519 
0022000105 (0067000104) : 69385.67967151245 
0040000106 (0022000105) : 69530.93931062994 
0078000107 (0040000106) : 70276.34975320716 
0021000108 (0078000107) : 70496.50741990915 
0088000109 (0021000108) : 71973.22552150532 
0028000110 (0088000109) : 73752.52209951385 
0045000111 (0028000110) : 75327.3036897617 
0034000112 (0045000111) : 76863.5286277268 
0092000113 (0034000112) : 77324.11723581678 
0088000114 (0092000113) : 77721.47599731371 
0061000115 (0088000114) : 79515.2265638526 
0048000116 (0061000115) : 80439.41638532405 
0020000117 (0048000116) : 80910.2511824513 
0021000118 (0020000117) : 82505.03907019315 
0013000119 (0021000118) : 83303.76519307993 
0064000120 (0013000119) : 83966.96999568006 
0018000121 (0064000120) : 84127.48639584825 
0021000122 (0018000121) : 84556.0624444762 
0097000123 (0021000122) : 84676.08595243123 
0041000124 (0097000123) : 85007.75212200951 
0006000125 (0041000124) : 85512.97002753254 
0089000126 (0006000125) : 86992.96002019248 
0053000127 (0089000126) : 87613.70038370714 
0004000128 (0053000127) : 88318.91732735916 
0023000129 (0004000128) : 88800.09122133971 
0051000130 (0023000129) : 89761.10178925635 
0090000131 (0051000130) : 90432.48487342526 
0063000132 (0090000131) : 90437.5120663451 
0000000133 (0063000132) : 91070.59204063674 
0065000134 (0000000133) : 91438.7894093635 
0052000135 (0065000134) : 92129.6427425402 
0088000136 (0052000135) : 94029.43357670048 
0023000137 (0088000136) : 94588.617514943 
0021000138 (0023000137) : 97156.01714690149 
0086000139 (0021000138) : 97592.24034462268 
0082000140 (0086000139) : 98286.53164028387 
0086000141 (0082000140) : 98644.55389894551 
