0000000000 (genesis block) : 0 
0015000001 (0000000000) : 100.88492389562845 
0021000002 (0015000001) : 856.6263644363726 
0082000003 (0021000002) : 923.9828874413522 
0079000004 (0082000003) : 2228.9595867613207 
0075000005 (0079000004) : 2686.9078621329177 
0047000006 (0075000005) : 4119.723835956236 
0070000007 (0047000006) : 4702.059686405825 
0021000008 (0070000007) : 4968.8346410716795 
0089000009 (0021000008) : 5004.800201545369 
0021000010 (0089000009) : 5074.361009283089 
0059000011 (0021000010) : 5508.609847575334 
0056000012 (0059000011) : 5830.168686083033 
0047000013 (0056000012) : 6541.305676715557 
0008000014 (0047000013) : 7043.402683386192 
0053000015 (0008000014) : 7862.783673653237 
0094000016 (0053000015) : 7900.0463177925985 
0000000017 (0094000016) : 7985.58591144756 
0055000018 (0000000017) : 8235.743877274232 
0088000019 (0055000018) : 9211.430439186233 
0040000020 (0088000019) : 9731.384085799045 
0017000021 (0040000020) : 9736.58529576291 
0037000022 (0017000021) : 11640.405739554482 
0006000023 (0037000022) : 13138.969112151064 
0092000024 (0006000023) : 13556.332634509277 
0093000025 (0092000024) : 13620.335683822424 
0079000026 (0093000025) : 13754.35779361523 
0069000027 (0079000026) : 13922.230210855263 
0058000028 (0069000027) : 15692.520617612481 
0079000029 (0058000028) : 15987.520946313136 
0092000030 (0079000029) : 17255.98516537644 
0078000031 (0092000030) : 19036.123016078232 
0019000032 (0078000031) : 19780.831535994308 
0069000033 (0019000032) : 20693.37413631335 
0033000034 (0069000033) : 21963.652641594446 
0063000035 (0033000034) : 22040.41139540669 
0037000036 (0063000035) : 22824.203932666056 
0011000037 (0037000036) : 25378.90306064811 
0029000038 (0011000037) : 25960.610933166514 
0055000039 (0029000038) : 26615.562374663336 
0033000040 (0055000039) : 26761.712789796326 
0021000041 (0033000040) : 27546.495819712494 
0085000042 (0021000041) : 28056.17472064699 
0091000043 (0085000042) : 28601.628631666885 
0007000044 (0091000043) : 29084.299322334937 
0090000045 (0007000044) : 29172.975735214062 
0021000046 (0090000045) : 29552.19658236945 
0066000047 (0021000046) : 30376.731744113247 
0089000048 (0066000047) : 30599.698690657053 
0098000049 (0089000048) : 30635.452397844336 
0066000050 (0098000049) : 30768.023357123984 
0097000051 (0066000050) : 31915.77384140188 
0092000052 (0097000051) : 31993.93909992589 
0041000053 (0092000052) : 34912.493312841005 
0058000054 (0041000053) : 34923.5910722507 
0048000055 (0058000054) : 37916.12184989042 
0044000056 (0048000055) : 38527.901532452444 
0005000057 (0044000056) : 38720.91363905399 
0088000058 (0005000057) : 40394.77661660738 
0037000059 (0088000058) : 40507.730044323136 
0041000060 (0037000059) : 41131.40073411416 
0021000061 (0041000060) : 42131.52966551251 
0047000062 (0021000061) : 43516.719170252596 
0041000063 (0047000062) : 44234.44401248263 
0013000064 (0041000063) : 45880.16904988437 
0046000065 (0013000064) : 46171.55413821539 
0017000066 (0046000065) : 46389.09669881883 
0099000067 (0017000066) : 46479.903455081905 
0071000068 (0099000067) : 46669.70883200627 
0021000069 (0071000068) : 48345.21473725167 
0022000070 (0021000069) : 49075.45717632058 
0025000071 (0022000070) : 49105.73401156816 
0084000072 (0025000071) : 49179.258727893444 
0064000073 (0084000072) : 49723.96562890513 
0050000074 (0064000073) : 50321.32280222939 
0054000075 (0050000074) : 51366.100602027764 
0099000076 (0054000075) : 51582.61977001353 
0021000077 (0099000076) : 51621.48234389105 
0062000078 (0021000077) : 52430.93537870889 
0096000079 (0062000078) : 53021.673691520664 
0005000080 (0096000079) : 54376.47539641391 
0021000081 (0005000080) : 54425.3189831367 
0044000082 (0021000081) : 54549.18539706818 
0084000083 (0044000082) : 55108.277744129766 
0080000084 (0084000083) : 56048.21598320712 
0058000085 (0080000084) : 56357.78710398151 
0087000086 (0058000085) : 56916.44231876019 
0071000087 (0087000086) : 58484.749014239074 
0015000088 (0071000087) : 59376.56753037525 
0038000089 (0015000088) : 60878.64340860532 
0004000090 (0038000089) : 61962.41541562983 
0089000091 (0004000090) : 62375.23748155835 
0051000092 (0089000091) : 63022.34029082445 
0062000093 (0051000092) : 63250.13854191769 
0042000094 (0062000093) : 63619.82504729658 
0072000095 (0042000094) : 63749.42047528242 
0049000096 (0072000095) : 63902.900547319485 
0026000097 (0049000096) : 65071.9723026922 
0092000098 (0026000097) : 66339.786174021 
0065000099 (0092000098) : 67155.29650090243 
0029000100 (0065000099) : 67215.20274750976 
0063000101 (0029000100) : 67390.68044073913 
0036000102 (0063000101) : 67811.8130593 
0096000103 (0036000102) : 68059.66268716856 
0067000104 (0096000103) : 68902.46794277827 
0022000105 (0067000104) : 69385.51295579138 
0040000106 (0022000105) : 69530.827987681 
0078000107 (0040000106) : 70276.03224842098 
0021000108 (0078000107) : 70496.26009450707 
0088000109 (0021000108) : 71973.24661256491 
0028000110 (0088000109) : 73752.47878001632 
0045000111 (0028000110) : 75327.11418314792 
0034000112 (0045000111) : 76863.52375029794 
0092000113 (0034000112) : 77324.00248415467 
0088000114 (0092000113) : 77721.49287542446 
0061000115 (0088000114) : 79515.22629035257 
0048000116 (0061000115) : 80439.3248803865 
0020000117 (0048000116) : 80909.72835452968 
0021000118 (0020000117) : 82504.79106345719 
0013000119 (0021000118) : 83303.67857420155 
0064000120 (0013000119) : 83967.04174422777 
0018000121 (0064000120) : 84127.62417337998 
0021000122 (0018000121) : 84555.81379110811 
0097000123 (0021000122) : 84676.0429821681 
0041000124 (0097000123) : 85007.29911008525 
0006000125 (0041000124) : 85513.06409632739 
0089000126 (0006000125) : 86993.06027108137 
0053000127 (0089000126) : 87613.64466452952 
0004000128 (0053000127) : 88318.39689250162 
0023000129 (0004000128) : 88800.14723973538 
0051000130 (0023000129) : 89761.09306315484 
0090000131 (0051000130) : 90432.5691657325 
0063000132 (0090000131) : 90437.42131174101 
0000000133 (0063000132) : 91070.5202333182 
0065000134 (0000000133) : 91438.77791386441 
0052000135 (0065000134) : 92129.1239125356 
0088000136 (0052000135) : 94029.45259544221 
0023000137 (0088000136) : 94588.67400943236 
0021000138 (0023000137) : 97155.771614701 
0086000139 (0021000138) : 97592.17876067467 
0082000140 (0086000139) : 98286.49077466298 
0086000141 (0082000140) : 98644.48991195971 
