0000000000 (genesis block) : 0 
0015000001 (0000000000) : 100.98664243658408 
0021000002 (0015000001) : 856.9091290310787 
0082000003 (0021000002) : 924.2095419310941 
0079000004 (0082000003) : 2228.975822016639 
0075000005 (0079000004) : 2687.4148234261456 
0047000006 (0075000005) : 4119.922841356843 
0070000007 (0047000006) : 4702.017211732075 
0021000008 (0070000007) : 4969.114544828772 
0089000009 (0021000008) : 5004.896271769777 
0021000010 (0089000009) : 5074.64835714115 
0059000011 (0021000010) : 5508.706408200945 
0056000012 (0059000011) : 5830.398066101669 
0047000013 (0056000012) : 6541.503548533372 
0008000014 (0047000013) : 7043.501716164506 
0053000015 (0008000014) : 7863.005383301542 
0094000016 (0053000015) : 7900.136430339575 
0000000017 (0094000016) : 7985.683544839088 
0055000018 (0000000017) : 8235.903425994715 
0088000019 (0055000018) : 9211.608587349336 
0040000020 (0088000019) : 9731.678301119176 
0017000021 (0040000020) : 9736.893966038222 
0037000022 (0017000021) : 11640.59236090446 
0006000023 (0037000022) : 13139.07002978201 
0092000024 (0006000023) : 13556.627842289545 
0093000025 (0092000024) : 13620.62186607115 
0079000026 (0093000025) : 13754.369950278728 
0069000027 (0079000026) : 13922.262606267304 
0058000028 (0069000027) : 15692.725612046936 
0079000029 (0058000028) : 15987.53351271781 
0092000030 (0079000029) : 17256.284665411382 
0078000031 (0092000030) : 19036.579018422282 
0019000032 (0078000031) : 19780.635085516547 
0069000033 (0019000032) : 20693.401546746347 
0033000034 (0069000033) : 21963.764367831576 
0063000035 (0033000034) : 22040.649975067703 
0037000036 (0063000035) : 22824.387399922773 
0011000037 (0037000036) : 25379.068268511925 
0029000038 (0011000037) : 25960.78217556933 
0055000039 (0029000038) : 26615.719287268603 
0033000040 (0055000039) : 26761.828784138266 
0021000041 (0033000040) : 27546.777320290064 
0085000042 (0021000041) : 28056.53949632159 
0091000043 (0085000042) : 28601.995603891985 
0007000044 (0091000043) : 29084.556379992824 
0090000045 (0007000044) : 29173.151568790534 
0021000046 (0090000045) : 29552.481273046316 
0066000047 (0021000046) : 30377.07876790087 
0089000048 (0066000047) : 30599.797373783847 
0098000049 (0089000048) : 30635.466696449002 
0066000050 (0098000049) : 30768.371078778953 
0097000051 (0066000050) : 31915.946716440845 
0092000052 (0097000051) : 31994.2354851669 
0041000053 (0092000052) : 34912.99662831013 
0058000054 (0041000053) : 34923.798492551454 
0048000055 (0058000054) : 37916.486720318346 
0044000056 (0048000055) : 38528.11928481363 
0005000057 (0044000056) : 38720.946688805954 
0088000058 (0005000057) : 40394.95768205574 
0037000059 (0088000058) : 40507.91970631801 
0041000060 (0037000059) : 41131.90540768208 
0021000061 (0041000060) : 42131.81271525381 
0047000062 (0021000061) : 43516.91354516783 
0041000063 (0047000062) : 44234.95120028419 
0013000064 (0041000063) : 45880.39846834334 
0046000065 (0013000064) : 46171.85055525298 
0017000066 (0046000065) : 46389.396159551085 
0099000067 (0017000066) : 46480.098034143404 
0071000068 (0099000067) : 46670.12884248426 
0021000069 (0071000068) : 48345.49709040294 
0022000070 (0021000069) : 49075.551838481595 
0025000071 (0022000070) : 49105.92941624714 
0084000072 (0025000071) : 49179.26171116586 
0064000073 (0084000072) : 49724.01080636791 
0050000074 (0064000073) : 50321.329119741014 
0054000075 (0050000074) : 51366.19810028863 
0099000076 (0054000075) : 51582.81464619527 
0021000077 (0099000076) : 51621.76050651221 
0062000078 (0021000077) : 52431.127575513696 
0096000079 (0062000078) : 53021.79739579588 
0005000080 (0096000079) : 54376.50937054015 
0021000081 (0005000080) : 54425.59861851359 
0044000082 (0021000081) : 54549.403682198936 
0084000083 (0044000082) : 55108.28144632497 
0080000084 (0084000083) : 56048.44922268664 
0058000085 (0080000084) : 56357.99226916218 
0087000086 (0058000085) : 56916.605725753834 
0071000087 (0087000086) : 58485.16726791734 
0015000088 (0071000087) : 59376.6649712793 
0038000089 (0015000088) : 60878.835488644254 
0004000090 (0038000089) : 61963.063086644324 
0089000091 (0004000090) : 62375.3356304639 
0051000092 (0089000091) : 63022.42599075464 
0062000093 (0051000092) : 63250.32540969129 
0042000094 (0062000093) : 63620.10412710777 
0072000095 (0042000094) : 63749.64406412346 
0049000096 (0072000095) : 63903.07256642291 
0026000097 (0049000096) : 65072.18362083875 
0092000098 (0026000097) : 66340.08880391777 
0065000099 (0092000098) : 67155.30008100926 
0029000100 (0065000099) : 67215.36767852944 
0063000101 (0029000100) : 67390.91688169753 
0036000102 (0063000101) : 67811.81192059249 
0096000103 (0036000102) : 68059.78839703288 
0067000104 (0096000103) : 68902.61082904955 
0022000105 (0067000104) : 69385.61013497059 
0040000106 (0022000105) : 69531.12689724864 
0078000107 (0040000106) : 70276.49178187731 
0021000108 (0078000107) : 70496.54047113446 
0088000109 (0021000108) : 71973.42708981385 
0028000110 (0088000109) : 73752.29195486759 
0045000111 (0028000110) : 75327.58374435415 
0034000112 (0045000111) : 76863.47040049688 
0092000113 (0034000112) : 77324.30420431569 
0088000114 (0092000113) : 77721.67360081943 
0061000115 (0088000114) : 79515.16929896432 
0048000116 (0061000115) : 80439.69243825285 
0020000117 (0048000116) : 80910.3792251877 
0021000118 (0020000117) : 82505.06814512632 
0013000119 (0021000118) : 83303.90519076756 
0064000120 (0013000119) : 83967.08414397144 
0018000121 (0064000120) : 84127.75512993053 
0021000122 (0018000121) : 84556.09707726224 
0097000123 (0021000122) : 84676.21602018182 
0041000124 (0097000123) : 85007.80672173035 
0006000125 (0041000124) : 85513.1613085034 
0089000126 (0006000125) : 86993.15936500832 
0053000127 (0089000126) : 87613.8678332592 
0004000128 (0053000127) : 88319.04739717842 
0023000129 (0004000128) : 88800.05435183777 
0051000130 (0023000129) : 89761.17103546024 
0090000131 (0051000130) : 90432.73897573333 
0063000132 (0090000131) : 90437.66065952243 
0000000133 (0063000132) : 91070.61480411375 
0065000134 (0000000133) : 91438.78137777375 
0052000135 (0065000134) : 92129.37853961298 
0088000136 (0052000135) : 94029.63207605394 
0023000137 (0088000136) : 94588.58511655769 
0021000138 (0023000137) : 97156.05449214583 
0086000139 (0021000138) : 97592.49406398382 
0082000140 (0086000139) : 98286.71101377186 
0086000141 (0082000140) : 98644.8033789713 
