0000000000 (genesis block) : 0 
0015000001 (0000000000) : 100.7941615687014 
0021000002 (0015000001) : 856.5283603241768 
0082000003 (0021000002) : 923.8755027333962 
0079000004 (0082000003) : 2228.839004170005 
0075000005 (0079000004) : 2687.0321605596123 
0047000006 (0075000005) : 4119.580329723883 
0070000007 (0047000006) : 4701.887127342999 
0021000008 (0070000007) : 4968.733569230435 
0089000009 (0021000008) : 5004.710463936012 
0021000010 (0089000009) : 5074.263749657132 
0059000011 (0021000010) : 5508.5185576430495 
0056000012 (0059000011) : 5830.1347760188955 
0047000013 (0056000012) : 6541.161143055933 
0008000014 (0047000013) : 7043.257408910984 
0053000015 (0008000014) : 7862.749253330349 
0094000016 (0053000015) : 7899.920639365507 
0000000017 (0094000016) : 7985.49770279016 
0055000018 (0000000017) : 8235.563694627497 
0088000019 (0055000018) : 9211.313813919995 
0040000020 (0088000019) : 9731.338699729105 
0017000021 (0040000020) : 9736.508146119331 
0037000022 (0017000021) : 11640.433171793517 
0006000023 (0037000022) : 13138.881843714447 
0092000024 (0006000023) : 13556.287539847088 
0093000025 (0092000024) : 13620.300366425256 
0079000026 (0093000025) : 13754.233842856693 
0069000027 (0079000026) : 13922.12654993447 
0058000028 (0069000027) : 15692.383440597476 
0079000029 (0058000028) : 15987.399229566006 
0092000030 (0079000029) : 17255.945084895444 
0078000031 (0092000030) : 19036.42181152876 
0019000032 (0078000031) : 19780.562293742132 
0069000033 (0019000032) : 20693.2658960062 
0033000034 (0069000033) : 21963.682345496374 
0063000035 (0033000034) : 22040.31611494144 
0037000036 (0063000035) : 22824.22910328708 
0011000037 (0037000036) : 25378.72849267915 
0029000038 (0011000037) : 25960.43936259641 
0055000039 (0029000038) : 26615.376101825696 
0033000040 (0055000039) : 26761.737173846293 
0021000041 (0033000040) : 27546.397380435912 
0085000042 (0021000041) : 28056.19911923936 
0091000043 (0085000042) : 28601.613577906886 
0007000044 (0091000043) : 29084.353336305747 
0090000045 (0007000044) : 29172.831949050138 
0021000046 (0090000045) : 29552.10174525795 
0066000047 (0021000046) : 30376.696482893094 
0089000048 (0066000047) : 30599.60892999887 
0098000049 (0089000048) : 30635.123431659536 
0066000050 (0098000049) : 30767.987604079193 
0097000051 (0066000050) : 31915.657591431052 
0092000052 (0097000051) : 31993.894741976503 
0041000053 (0092000052) : 34912.61669576545 
0058000054 (0041000053) : 34923.4573901708 
0048000055 (0058000054) : 37916.14810951026 
0044000056 (0048000055) : 38527.868229939595 
0005000057 (0044000056) : 38720.56576153426 
0088000058 (0005000057) : 40394.663521616516 
0037000059 (0088000058) : 40507.758076939295 
0041000060 (0037000059) : 41131.5244937407 
0021000061 (0041000060) : 42131.43207449663 
0047000062 (0021000061) : 43516.573303421304 
0041000063 (0047000062) : 44234.56851031641 
0013000064 (0041000063) : 45880.241454454466 
0046000065 (0013000064) : 46171.50969816528 
0017000066 (0046000065) : 46389.0154487456 
0099000067 (0017000066) : 46479.75543981958 
0071000068 (0099000067) : 46669.78922433997 
0021000069 (0071000068) : 48345.11433248126 
0022000070 (0021000069) : 49075.36815181631 
0025000071 (0022000070) : 49105.655422777076 
0084000072 (0025000071) : 49179.052591846026 
0064000073 (0084000072) : 49723.66912206639 
0050000074 (0064000073) : 50320.950146307376 
0054000075 (0050000074) : 51366.01199524319 
0099000076 (0054000075) : 51582.47444330794 
0021000077 (0099000076) : 51621.38028037771 
0062000078 (0021000077) : 52430.78671535558 
0096000079 (0062000078) : 53021.584812802146 
0005000080 (0096000079) : 54376.12884361077 
0021000081 (0005000080) : 54425.21889530131 
0044000082 (0021000081) : 54549.15353366167 
0084000083 (0044000082) : 55108.07256820049 
0080000084 (0084000083) : 56048.10934965099 
0058000085 (0080000084) : 56357.65258603058 
0087000086 (0058000085) : 56916.26598593374 
0071000087 (0087000086) : 58484.83542319158 
0015000088 (0071000087) : 59376.47807657454 
0038000089 (0015000088) : 60878.58358898832 
0004000090 (0038000089) : 61962.78819781913 
0089000091 (0004000090) : 62375.14912432593 
0051000092 (0089000091) : 63022.16827033467 
0062000093 (0051000092) : 63249.99143528198 
0042000094 (0062000093) : 63619.72205519826 
0072000095 (0042000094) : 63749.318017050886 
0049000096 (0072000095) : 63902.72788650447 
0026000097 (0049000096) : 65071.83944357921 
0092000098 (0026000097) : 66339.74670448738 
0065000099 (0092000098) : 67155.09152910844 
0029000100 (0065000099) : 67215.02778224173 
0063000101 (0029000100) : 67390.58564105975 
0036000102 (0063000101) : 67811.77620582863 
0096000103 (0036000102) : 68059.57334258225 
0067000104 (0096000103) : 68902.35559819214 
0022000105 (0067000104) : 69385.4244748664 
0040000106 (0022000105) : 69530.78627336935 
0078000107 (0040000106) : 70276.33092566128 
0021000108 (0078000107) : 70496.1595353137 
0088000109 (0021000108) : 71973.1302009967 
0028000110 (0088000109) : 73752.47833068622 
0045000111 (0028000110) : 75327.23883167194 
0034000112 (0045000111) : 76863.22029456773 
0092000113 (0034000112) : 77323.96344403311 
0088000114 (0092000113) : 77721.37938651652 
0061000115 (0088000114) : 79514.91752597745 
0048000116 (0061000115) : 80439.34849689082 
0020000117 (0048000116) : 80910.10113652039 
0021000118 (0020000117) : 82504.68879838783 
0013000119 (0021000118) : 83303.74934298744 
0064000120 (0013000119) : 83966.7422320293 
0018000121 (0064000120) : 84127.55425878627 
0021000122 (0018000121) : 84555.714773806 
0097000123 (0021000122) : 84675.92863746815 
0041000124 (0097000123) : 85007.42276248011 
0006000125 (0041000124) : 85512.97596378656 
0089000126 (0006000125) : 86992.97182151764 
0053000127 (0089000126) : 87613.61149109245 
0004000128 (0053000127) : 88318.77284915592 
0023000129 (0004000128) : 88799.98252244953 
0051000130 (0023000129) : 89760.91944535717 
0090000131 (0051000130) : 90432.42111777699 
0063000132 (0090000131) : 90437.32744451452 
0000000133 (0063000132) : 91070.43101924958 
0065000134 (0000000133) : 91438.57209318971 
0052000135 (0065000134) : 92129.4798659404 
0088000136 (0052000135) : 94029.33425447265 
0023000137 (0088000136) : 94588.50935033965 
0021000138 (0023000137) : 97155.67045440382 
0086000139 (0021000138) : 97592.16050923661 
0082000140 (0086000139) : 98286.37466957499 
0086000141 (0082000140) : 98644.47195859645 
