0000000000 (genesis block) : 0 
0015000001 (0000000000) : 100.38187070199203 
0021000002 (0015000001) : 856.7158119120978 
0082000003 (0021000002) : 923.9095023688947 
0079000004 (0082000003) : 2228.881799380164 
0075000005 (0079000004) : 2687.2332699083704 
0047000006 (0075000005) : 4119.910446217223 
0070000007 (0047000006) : 4702.095900530565 
0021000008 (0070000007) : 4968.920924796811 
0089000009 (0021000008) : 5004.3425704530655 
0021000010 (0089000009) : 5074.4523336899765 
0059000011 (0021000010) : 5508.5635536843365 
0056000012 (0059000011) : 5830.033081545568 
0047000013 (0056000012) : 6541.489468172418 
0008000014 (0047000013) : 7043.356569509496 
0053000015 (0008000014) : 7862.5364325309865 
0094000016 (0053000015) : 7899.8864023428 
0000000017 (0094000016) : 7985.310228532873 
0055000018 (0000000017) : 8235.852429768272 
0088000019 (0055000018) : 9211.428672191874 
0040000020 (0088000019) : 9731.656943013912 
0017000021 (0040000020) : 9736.867379860178 
0037000022 (0017000021) : 11640.327868726228 
0006000023 (0037000022) : 13138.526022005763 
0092000024 (0006000023) : 13556.2690076002 
0093000025 (0092000024) : 13620.24351923808 
0079000026 (0093000025) : 13754.280074554326 
0069000027 (0079000026) : 13921.912515761207 
0058000028 (0069000027) : 15692.34690213206 
0079000029 (0058000028) : 15987.442706727232 
0092000030 (0079000029) : 17255.91809901609 
0078000031 (0092000030) : 19036.412511757586 
0019000032 (0078000031) : 19780.78243537037 
0069000033 (0019000032) : 20693.053363708717 
0033000034 (0069000033) : 21963.57422065307 
0063000035 (0033000034) : 22040.57643400011 
0037000036 (0063000035) : 22824.12266791342 
0011000037 (0037000036) : 25378.786414508573 
0029000038 (0011000037) : 25960.44107038858 
0055000039 (0029000038) : 26615.6656985413 
0033000040 (0055000039) : 26761.63573117805 
0021000041 (0033000040) : 27546.58498517571 
0085000042 (0021000041) : 28056.301149832456 
0091000043 (0085000042) : 28601.95334173477 
0007000044 (0091000043) : 29084.686624662314 
0090000045 (0007000044) : 29173.06831555242 
0021000046 (0090000045) : 29552.289027892548 
0066000047 (0021000046) : 30376.84936874912 
0089000048 (0066000047) : 30599.24452732848 
0098000049 (0089000048) : 30635.070440019044 
0066000050 (0098000049) : 30768.1418704113 
0097000051 (0066000050) : 31915.773713775507 
0092000052 (0097000051) : 31993.87187222913 
0041000053 (0092000052) : 34912.81713700999 
0058000054 (0041000053) : 34923.42019516931 
0048000055 (0058000054) : 37916.192463227 
0044000056 (0048000055) : 38528.02006109453 
0005000057 (0044000056) : 38720.86493539258 
0088000058 (0005000057) : 40394.779103991445 
0037000059 (0088000058) : 40507.65266246944 
0041000060 (0037000059) : 41131.7258056858 
0021000061 (0041000060) : 42131.6215648003 
0047000062 (0021000061) : 43516.90295736338 
0041000063 (0047000062) : 44234.77020187565 
0013000064 (0041000063) : 45880.27179886068 
0046000065 (0013000064) : 46171.82622157801 
0017000066 (0046000065) : 46389.37682413022 
0099000067 (0017000066) : 46479.969078386865 
0071000068 (0099000067) : 46669.82775985313 
0021000069 (0071000068) : 48345.307898242645 
0022000070 (0021000069) : 49075.40696254828 
0025000071 (0022000070) : 49105.37950078787 
0084000072 (0025000071) : 49179.31952665764 
0064000073 (0084000072) : 49724.00292379889 
0050000074 (0064000073) : 50321.363206794435 
0054000075 (0050000074) : 51366.05269041251 
0099000076 (0054000075) : 51582.69217178389 
0021000077 (0099000076) : 51621.57019116123 
0062000078 (0021000077) : 52431.119269424766 
0096000079 (0062000078) : 53021.65056044355 
0005000080 (0096000079) : 54376.42953502112 
0021000081 (0005000080) : 54425.40847932522 
0044000082 (0021000081) : 54549.30088303024 
0084000083 (0044000082) : 55108.34041330966 
0080000084 (0084000083) : 56048.14080887139 
0058000085 (0080000084) : 56357.61820453766 
0087000086 (0058000085) : 56916.274055943504 
0071000087 (0087000086) : 58484.86835653228 
0015000088 (0071000087) : 59376.061122742474 
0038000089 (0015000088) : 60878.76269440533 
0004000090 (0038000089) : 61962.92031435803 
0089000091 (0004000090) : 62374.78567389826 
0051000092 (0089000091) : 63022.45877615913 
0062000093 (0051000092) : 63250.319120700595 
0042000094 (0062000093) : 63619.91179586832 
0072000095 (0042000094) : 63749.34609057517 
0049000096 (0072000095) : 63902.728319741094 
0026000097 (0049000096) : 65071.803430007174 
0092000098 (0026000097) : 66339.72126814925 
0065000099 (0092000098) : 67155.47931689495 
0029000100 (0065000099) : 67215.03082629332 
0063000101 (0029000100) : 67390.84386066682 
0036000102 (0063000101) : 67811.75355752087 
0096000103 (0036000102) : 68059.64271604943 
0067000104 (0096000103) : 68902.43891581405 
0022000105 (0067000104) : 69385.46573052836 
0040000106 (0022000105) : 69531.0987398426 
0078000107 (0040000106) : 70276.31684319183 
0021000108 (0078000107) : 70496.34888361265 
0088000109 (0021000108) : 71973.24897705977 
0028000110 (0088000109) : 73752.37231608642 
0045000111 (0028000110) : 75327.47473739843 
0034000112 (0045000111) : 76863.50855051455 
0092000113 (0034000112) : 77323.93705391172 
0088000114 (0092000113) : 77721.49725509562 
0061000115 (0088000114) : 79515.205295456 
0048000116 (0061000115) : 80439.3969468445 
0020000117 (0048000116) : 80910.23242341318 
0021000118 (0020000117) : 82504.87858800041 
0013000119 (0021000118) : 83303.77896777214 
0064000120 (0013000119) : 83967.07624940123 
0018000121 (0064000120) : 84127.81057438582 
0021000122 (0018000121) : 84555.90613733383 
0097000123 (0021000122) : 84676.0443238273 
0041000124 (0097000123) : 85007.62643285902 
0006000125 (0041000124) : 85512.62077419287 
0089000126 (0006000125) : 86992.61094135129 
0053000127 (0089000126) : 87613.39877934885 
0004000128 (0053000127) : 88318.90247711384 
0023000129 (0004000128) : 88800.06888812891 
0051000130 (0023000129) : 89761.20458416165 
0090000131 (0051000130) : 90432.65857042902 
0063000132 (0090000131) : 90437.5834527709 
0000000133 (0063000132) : 91070.2410780419 
0065000134 (0000000133) : 91438.96205740224 
0052000135 (0065000134) : 92129.5506278115 
0088000136 (0052000135) : 94029.45169739415 
0023000137 (0088000136) : 94588.59521935723 
0021000138 (0023000137) : 97155.85912572184 
0086000139 (0021000138) : 97592.28021022542 
0082000140 (0086000139) : 98286.41308637561 
0086000141 (0082000140) : 98644.59604879511 
