0000000000 (genesis block) : 0 
0015000001 (0000000000) : 100.8873092255064 
0021000002 (0015000001) : 856.6030322730161 
0082000003 (0021000002) : 923.9605245988452 
0079000004 (0082000003) : 2228.985580433968 
0075000005 (0079000004) : 2686.884215792812 
0047000006 (0075000005) : 4119.728163320006 
0070000007 (0047000006) : 4702.033631855641 
0021000008 (0070000007) : 4968.809876193316 
0089000009 (0021000008) : 5004.796083290334 
0021000010 (0089000009) : 5074.341021287326 
0059000011 (0021000010) : 5508.66597314352 
0056000012 (0059000011) : 5830.281394917748 
0047000013 (0056000012) : 6541.307986714467 
0008000014 (0047000013) : 7043.403709369093 
0053000015 (0008000014) : 7862.895530295337 
0094000016 (0053000015) : 7900.066893941768 
0000000017 (0094000016) : 7985.644015855975 
0055000018 (0000000017) : 8235.710563493983 
0088000019 (0055000018) : 9211.46016409235 
0040000020 (0088000019) : 9731.487057221804 
0017000021 (0040000020) : 9736.36128042603 
0037000022 (0017000021) : 11640.579691988596 
0006000023 (0037000022) : 13138.98137078679 
0092000024 (0006000023) : 13556.433940751791 
0093000025 (0092000024) : 13620.446726048822 
0079000026 (0093000025) : 13754.380504069299 
0069000027 (0079000026) : 13922.042053784411 
0058000028 (0069000027) : 15692.529661746414 
0079000029 (0058000028) : 15987.54581480109 
0092000030 (0079000029) : 17256.09143337848 
0078000031 (0092000030) : 19036.319735461926 
0019000032 (0078000031) : 19780.7094592292 
0069000033 (0019000032) : 20693.182480945918 
0033000034 (0069000033) : 21963.83013029829 
0063000035 (0033000034) : 22040.462479491536 
0037000036 (0063000035) : 22824.37816239055 
0011000037 (0037000036) : 25378.875536701365 
0029000038 (0011000037) : 25960.567289415096 
0055000039 (0029000038) : 26615.522757860508 
0033000040 (0055000039) : 26761.886429508926 
0021000041 (0033000040) : 27546.475583864365 
0085000042 (0021000041) : 28056.345965180168 
0091000043 (0085000042) : 28601.76188137859 
0007000044 (0091000043) : 29084.499948915287 
0090000045 (0007000044) : 29172.980208107092 
0021000046 (0090000045) : 29552.174872915533 
0066000047 (0021000046) : 30376.843194763096 
0089000048 (0066000047) : 30599.696918790993 
0098000049 (0089000048) : 30635.2719511209 
0066000050 (0098000049) : 30768.134507134488 
0097000051 (0066000050) : 31915.806112396534 
0092000052 (0097000051) : 31994.042292053775 
0041000053 (0092000052) : 34912.469950046994 
0058000054 (0041000053) : 34923.60483188998 
0048000055 (0058000054) : 37916.29542380609 
0044000056 (0048000055) : 38528.0149696037 
0005000057 (0044000056) : 38720.712380840036 
0088000058 (0005000057) : 40394.81012745768 
0037000059 (0088000058) : 40507.90483731612 
0041000060 (0037000059) : 41131.37730165375 
0021000061 (0041000060) : 42131.50760983773 
0047000062 (0021000061) : 43516.72015233354 
0041000063 (0047000062) : 44234.420326552936 
0013000064 (0041000063) : 45880.36449830806 
0046000065 (0013000064) : 46171.65589386651 
0017000066 (0046000065) : 46388.8691018984 
0099000067 (0017000066) : 46479.90225425602 
0071000068 (0099000067) : 46669.85565343639 
0021000069 (0071000068) : 48345.190454228294 
0022000070 (0021000069) : 49075.51450588581 
0025000071 (0022000070) : 49105.50781305704 
0084000072 (0025000071) : 49179.19941862104 
0064000073 (0084000072) : 49723.81585711751 
0050000074 (0064000073) : 50321.0976312323 
0054000075 (0050000074) : 51366.15911222741 
0099000076 (0054000075) : 51582.62152896593 
0021000077 (0099000076) : 51621.45677292434 
0062000078 (0021000077) : 52430.932917622 
0096000079 (0062000078) : 53021.73150057883 
0005000080 (0096000079) : 54376.2775963523 
0021000081 (0005000080) : 54425.29570809365 
0044000082 (0021000081) : 54549.30023278336 
0084000083 (0044000082) : 55108.21939882706 
0080000084 (0084000083) : 56048.19389030655 
0058000085 (0080000084) : 56357.79885660161 
0087000086 (0058000085) : 56916.394307938666 
0071000087 (0087000086) : 58484.894257904016 
0015000088 (0071000087) : 59376.56736750921 
0038000089 (0015000088) : 60878.730024568795 
0004000090 (0038000089) : 61962.64167117297 
0089000091 (0004000090) : 62375.23892882599 
0051000092 (0089000091) : 63022.31459635372 
0062000093 (0051000092) : 63250.138492328995 
0042000094 (0062000093) : 63619.799617423676 
0072000095 (0042000094) : 63749.397019046926 
0049000096 (0072000095) : 63902.85327135372 
0026000097 (0049000096) : 65071.9863465417 
0092000098 (0026000097) : 66339.89353851936 
0065000099 (0092000098) : 67155.23850519142 
0029000100 (0065000099) : 67215.15667129941 
0063000101 (0029000100) : 67390.73198579198 
0036000102 (0063000101) : 67811.92266311121 
0096000103 (0036000102) : 68059.7225889772 
0067000104 (0096000103) : 68902.5020629794 
0022000105 (0067000104) : 69385.57146779592 
0040000106 (0022000105) : 69530.93260891108 
0078000107 (0040000106) : 70276.22930906698 
0021000108 (0078000107) : 70496.23663441263 
0088000109 (0021000108) : 71973.27702370111 
0028000110 (0088000109) : 73752.6248733291 
0045000111 (0028000110) : 75327.33890524799 
0034000112 (0045000111) : 76863.36787601614 
0092000113 (0034000112) : 77324.10987627985 
0088000114 (0092000113) : 77721.52651320327 
0061000115 (0088000114) : 79515.06644891792 
0048000116 (0061000115) : 80439.49610447018 
0020000117 (0048000116) : 80909.95354804937 
0021000118 (0020000117) : 82504.76520608601 
0013000119 (0021000118) : 83303.87388124615 
0064000120 (0013000119) : 83966.89231705591 
0018000121 (0064000120) : 84127.70173954054 
0021000122 (0018000121) : 84555.79113915702 
0097000123 (0021000122) : 84676.0786984206 
0041000124 (0097000123) : 85007.27644628151 
0006000125 (0041000124) : 85513.07218336861 
0089000126 (0006000125) : 86993.06244199489 
0053000127 (0089000126) : 87613.75808688038 
0004000128 (0053000127) : 88318.62435828306 
0023000129 (0004000128) : 88800.13038149061 
0051000130 (0023000129) : 89761.06618957697 
0090000131 (0051000130) : 90432.56736356148 
0063000132 (0090000131) : 90437.47475436899 
0000000133 (0063000132) : 91070.57832993679 
0065000134 (0000000133) : 91438.71930092934 
0052000135 (0065000134) : 92129.35297927256 
0088000136 (0052000135) : 94029.48412515646 
0023000137 (0088000136) : 94588.65633118725 
0021000138 (0023000137) : 97155.74581332956 
0086000139 (0021000138) : 97592.30782176588 
0082000140 (0086000139) : 98286.47010209975 
0086000141 (0082000140) : 98644.61888141194 
