0000000000 (genesis block) : 0 
0015000001 (0000000000) : 100.748409542721 
0021000002 (0015000001) : 856.9033337486995 
0082000003 (0021000002) : 924.0711703484009 
0079000004 (0082000003) : 2228.862174205377 
0075000005 (0079000004) : 2687.356494508037 
0047000006 (0075000005) : 4119.8614209978105 
0070000007 (0047000006) : 4702.169719927498 
0021000008 (0070000007) : 4969.10659856253 
0089000009 (0021000008) : 5004.708025228511 
0021000010 (0089000009) : 5074.637107692198 
0059000011 (0021000010) : 5508.780904733508 
0056000012 (0059000011) : 5830.236386383603 
0047000013 (0056000012) : 6541.438132109252 
0008000014 (0047000013) : 7043.304355583278 
0053000015 (0008000014) : 7862.851468002791 
0094000016 (0053000015) : 7899.518864904698 
0000000017 (0094000016) : 7985.6772909498095 
0055000018 (0000000017) : 8235.802568189243 
0088000019 (0055000018) : 9211.425433511653 
0040000020 (0088000019) : 9731.621344310264 
0017000021 (0040000020) : 9736.911773472642 
0037000022 (0017000021) : 11640.388102708479 
0006000023 (0037000022) : 13138.891633897945 
0092000024 (0006000023) : 13556.527329532682 
0093000025 (0092000024) : 13620.230151154405 
0079000026 (0093000025) : 13754.25695991691 
0069000027 (0079000026) : 13922.148423798793 
0058000028 (0069000027) : 15691.982090091307 
0079000029 (0058000028) : 15987.422642042497 
0092000030 (0079000029) : 17256.180231398648 
0078000031 (0092000030) : 19036.466644871325 
0019000032 (0078000031) : 19780.923937486892 
0069000033 (0019000032) : 20693.288452800014 
0033000034 (0069000033) : 21963.6336150047 
0063000035 (0033000034) : 22040.557100309834 
0037000036 (0063000035) : 22824.18026403312 
0011000037 (0037000036) : 25378.735420482528 
0029000038 (0011000037) : 25960.391605174493 
0055000039 (0029000038) : 26615.617481776284 
0033000040 (0055000039) : 26761.694469399583 
0021000041 (0033000040) : 27546.76909773717 
0085000042 (0021000041) : 28056.320885717698 
0091000043 (0085000042) : 28601.967803787185 
0007000044 (0091000043) : 29084.637675566963 
0090000045 (0007000044) : 29173.01676077934 
0021000046 (0090000045) : 29552.47205678479 
0066000047 (0021000046) : 30376.801035912722 
0089000048 (0066000047) : 30599.610903422352 
0098000049 (0089000048) : 30635.43543504104 
0066000050 (0098000049) : 30768.09486502563 
0097000051 (0066000050) : 31915.8473414141 
0092000052 (0097000051) : 31994.131238299105 
0041000053 (0092000052) : 34913.023088671165 
0058000054 (0041000053) : 34923.055345002336 
0048000055 (0058000054) : 37916.26676052189 
0044000056 (0048000055) : 38528.00940131057 
0005000057 (0044000056) : 38720.96688627799 
0088000058 (0005000057) : 40394.77506771459 
0037000059 (0088000058) : 40507.711838453266 
0041000060 (0037000059) : 41131.92549633812 
0021000061 (0041000060) : 42131.80525145651 
0047000062 (0021000061) : 43516.85339662512 
0041000063 (0047000062) : 44234.96859862931 
0013000064 (0041000063) : 45880.28737641671 
0046000065 (0013000064) : 46171.78564126206 
0017000066 (0046000065) : 46389.4182003852 
0099000067 (0017000066) : 46480.03492266853 
0071000068 (0099000067) : 46669.916053503 
0021000069 (0071000068) : 48345.48724655548 
0022000070 (0021000069) : 49075.72782860956 
0025000071 (0022000070) : 49105.74554021741 
0084000072 (0025000071) : 49179.269097709555 
0064000073 (0084000072) : 49723.95350135002 
0050000074 (0064000073) : 50321.348988746904 
0054000075 (0050000074) : 51366.34593582639 
0099000076 (0054000075) : 51582.7528156659 
0021000077 (0099000076) : 51621.75477146862 
0062000078 (0021000077) : 52431.06797568252 
0096000079 (0062000078) : 53021.94584177327 
0005000080 (0096000079) : 54376.52862367933 
0021000081 (0005000080) : 54425.59345899236 
0044000082 (0021000081) : 54549.295203418704 
0084000083 (0044000082) : 55108.285378411885 
0080000084 (0084000083) : 56048.3073107258 
0058000085 (0080000084) : 56357.25079138962 
0087000086 (0058000085) : 56916.22187563609 
0071000087 (0087000086) : 58484.952363895594 
0015000088 (0071000087) : 59376.4289473212 
0038000089 (0015000088) : 60878.724942771274 
0004000090 (0038000089) : 61962.951046364804 
0089000091 (0004000090) : 62375.15107181392 
0051000092 (0089000091) : 63022.475481801164 
0062000093 (0051000092) : 63250.26828896983 
0042000094 (0062000093) : 63620.0962109659 
0072000095 (0042000094) : 63749.50984218875 
0049000096 (0072000095) : 63902.520407248514 
0026000097 (0049000096) : 65071.75143653626 
0092000098 (0026000097) : 66339.98315141995 
0065000099 (0092000098) : 67155.42900565574 
0029000100 (0065000099) : 67214.98103435924 
0063000101 (0029000100) : 67390.82179822926 
0036000102 (0063000101) : 67811.70336918955 
0096000103 (0036000102) : 68059.9407690935 
0067000104 (0096000103) : 68902.5568972461 
0022000105 (0067000104) : 69385.79333342248 
0040000106 (0022000105) : 69531.06230805509 
0078000107 (0040000106) : 70276.38012792077 
0021000108 (0078000107) : 70496.53151770013 
0088000109 (0021000108) : 71973.24498996105 
0028000110 (0088000109) : 73752.65448879026 
0045000111 (0028000110) : 75327.42452714691 
0034000112 (0045000111) : 76863.58319971104 
0092000113 (0034000112) : 77324.19753854483 
0088000114 (0092000113) : 77721.49109132732 
0061000115 (0088000114) : 79515.28141063153 
0048000116 (0061000115) : 80439.4726752551 
0020000117 (0048000116) : 80910.26651627895 
0021000118 (0020000117) : 82505.06133779103 
0013000119 (0021000118) : 83303.79548385096 
0064000120 (0013000119) : 83967.02651724691 
0018000121 (0064000120) : 84127.78579586117 
0021000122 (0018000121) : 84556.08770040296 
0097000123 (0021000122) : 84676.12085112571 
0041000124 (0097000123) : 85007.82419302099 
0006000125 (0041000124) : 85512.98652403474 
0089000126 (0006000125) : 86992.97616369082 
0053000127 (0089000126) : 87613.71655121833 
0004000128 (0053000127) : 88318.93335562083 
0023000129 (0004000128) : 88800.12852128592 
0051000130 (0023000129) : 89761.22465618355 
0090000131 (0051000130) : 90432.60887669087 
0063000132 (0090000131) : 90437.56752171337 
0000000133 (0063000132) : 91070.60903985644 
0065000134 (0000000133) : 91438.91191624914 
0052000135 (0065000134) : 92129.66013606724 
0088000136 (0052000135) : 94029.45079517944 
0023000137 (0088000136) : 94588.65484078153 
0021000138 (0023000137) : 97156.04342551478 
0086000139 (0021000138) : 97592.11328801926 
0082000140 (0086000139) : 98286.57576553967 
0086000141 (0082000140) : 98644.42512593862 
