0000000000 (genesis block) : 0 
0015000001 (0000000000) : 101.04284865884136 
0021000002 (0015000001) : 856.6281763927144 
0082000003 (0021000002) : 923.7422649699957 
0079000004 (0082000003) : 2229.0225143801194 
0075000005 (0079000004) : 2687.301828962609 
0047000006 (0075000005) : 4119.526289088499 
0070000007 (0047000006) : 4701.945400512857 
0021000008 (0070000007) : 4968.835689963413 
0089000009 (0021000008) : 5004.970747716573 
0021000010 (0089000009) : 5074.366176172096 
0059000011 (0021000010) : 5508.478380681879 
0056000012 (0059000011) : 5830.241663494886 
0047000013 (0056000012) : 6541.104143786204 
0008000014 (0047000013) : 7043.205006699778 
0053000015 (0008000014) : 7862.73935456902 
0094000016 (0053000015) : 7899.659075211687 
0000000017 (0094000016) : 7985.756396737453 
0055000018 (0000000017) : 8235.68266443433 
0088000019 (0055000018) : 9211.298419975199 
0040000020 (0088000019) : 9731.39581470983 
0017000021 (0040000020) : 9736.77561683072 
0037000022 (0017000021) : 11640.644160923963 
0006000023 (0037000022) : 13139.024352976823 
0092000024 (0006000023) : 13556.34430449277 
0093000025 (0092000024) : 13620.52251760328 
0079000026 (0093000025) : 13754.421369205043 
0069000027 (0079000026) : 13921.97237960471 
0058000028 (0069000027) : 15692.591381535574 
0079000029 (0058000028) : 15987.581503183628 
0092000030 (0079000029) : 17255.997631960778 
0078000031 (0092000030) : 19036.484804955104 
0019000032 (0078000031) : 19780.8218950294 
0069000033 (0019000032) : 20693.115540907176 
0033000034 (0069000033) : 21963.892986942716 
0063000035 (0033000034) : 22040.34884793696 
0037000036 (0063000035) : 22824.437740133126 
0011000037 (0037000036) : 25378.94317128872 
0029000038 (0011000037) : 25960.577841065166 
0055000039 (0029000038) : 26615.498728224917 
0033000040 (0055000039) : 26761.94706497154 
0021000041 (0033000040) : 27546.50004315738 
0085000042 (0021000041) : 28056.409990358356 
0091000043 (0085000042) : 28601.65990448396 
0007000044 (0091000043) : 29084.56389489359 
0090000045 (0007000044) : 29172.674579367274 
0021000046 (0090000045) : 29552.2052259822 
0066000047 (0021000046) : 30376.831178271488 
0089000048 (0066000047) : 30599.869625458436 
0098000049 (0089000048) : 30635.343592948997 
0066000050 (0098000049) : 30768.124661943093 
0097000051 (0066000050) : 31915.613791274518 
0092000052 (0097000051) : 31993.95061497899 
0041000053 (0092000052) : 34912.88463902493 
0058000054 (0041000053) : 34923.66427635269 
0048000055 (0058000054) : 37916.357182115884 
0044000056 (0048000055) : 38527.82186085087 
0005000057 (0044000056) : 38720.56880272538 
0088000058 (0005000057) : 40394.64989558831 
0037000059 (0088000058) : 40507.966875817765 
0041000060 (0037000059) : 41131.79229357218 
0021000061 (0041000060) : 42131.53752234542 
0047000062 (0021000061) : 43516.519544702336 
0041000063 (0047000062) : 44234.837948626155 
0013000064 (0041000063) : 45880.34555694182 
0046000065 (0013000064) : 46171.51003269949 
0017000066 (0046000065) : 46389.28332351242 
0099000067 (0017000066) : 46479.70143604118 
0071000068 (0099000067) : 46669.675879031805 
0021000069 (0071000068) : 48345.22228587989 
0022000070 (0021000069) : 49075.62876389392 
0025000071 (0022000070) : 49105.769641828745 
0084000072 (0025000071) : 49178.785117143474 
0064000073 (0084000072) : 49723.8785383626 
0050000074 (0064000073) : 50321.22003691934 
0054000075 (0050000074) : 51366.27259780272 
0099000076 (0054000075) : 51582.41886544589 
0021000077 (0099000076) : 51621.48502984762 
0062000078 (0021000077) : 52430.7326654283 
0096000079 (0062000078) : 53021.846039460084 
0005000080 (0096000079) : 54376.134556040706 
0021000081 (0005000080) : 54425.320581827546 
0044000082 (0021000081) : 54549.10659881699 
0084000083 (0044000082) : 55107.80480429169 
0080000084 (0084000083) : 56048.01026213678 
0058000085 (0080000084) : 56357.85931695358 
0087000086 (0058000085) : 56916.40562046928 
0071000087 (0087000086) : 58484.713863373894 
0015000088 (0071000087) : 59376.71965112722 
0038000089 (0015000088) : 60878.5339975906 
0004000090 (0038000089) : 61962.89081421728 
0089000091 (0004000090) : 62375.408108579744 
0051000092 (0089000091) : 63022.12264253332 
0062000093 (0051000092) : 63249.933407668934 
0042000094 (0062000093) : 63619.826010379315 
0072000095 (0042000094) : 63749.21681326067 
0049000096 (0072000095) : 63902.69040886445 
0026000097 (0049000096) : 65072.04409151604 
0092000098 (0026000097) : 66339.8046252494 
0065000099 (0092000098) : 67154.82246836307 
0029000100 (0065000099) : 67215.16844746469 
0063000101 (0029000100) : 67390.61676799363 
0036000102 (0063000101) : 67811.99016683789 
0096000103 (0036000102) : 68059.83786033012 
0067000104 (0096000103) : 68902.32166103409 
0022000105 (0067000104) : 69385.68195838688 
0040000106 (0022000105) : 69530.84001881318 
0078000107 (0040000106) : 70276.39385462349 
0021000108 (0078000107) : 70496.2652807095 
0088000109 (0021000108) : 71973.11875715198 
0028000110 (0088000109) : 73752.53309759522 
0045000111 (0028000110) : 75327.29636806356 
0034000112 (0045000111) : 76863.47864354143 
0092000113 (0034000112) : 77324.01705676268 
0088000114 (0092000113) : 77721.36704241166 
0061000115 (0088000114) : 79515.04895914155 
0048000116 (0061000115) : 80439.56236163789 
0020000117 (0048000116) : 80910.1741637566 
0021000118 (0020000117) : 82504.79094569912 
0013000119 (0021000118) : 83303.86116858941 
0064000120 (0013000119) : 83966.9542323853 
0018000121 (0064000120) : 84127.60991217029 
0021000122 (0018000121) : 84555.82018156063 
0097000123 (0021000122) : 84675.8849585524 
0041000124 (0097000123) : 85007.69093413478 
0006000125 (0041000124) : 85513.11642300183 
0089000126 (0006000125) : 86993.232820162 
0053000127 (0089000126) : 87613.60550194357 
0004000128 (0053000127) : 88318.87282526241 
0023000129 (0004000128) : 88800.24399383803 
0051000130 (0023000129) : 89760.87502905229 
0090000131 (0051000130) : 90432.26093955035 
0063000132 (0090000131) : 90437.3585160319 
0000000133 (0063000132) : 91070.69262765304 
0065000134 (0000000133) : 91438.30452214387 
0052000135 (0065000134) : 92129.60399240653 
0088000136 (0052000135) : 94029.32090403614 
0023000137 (0088000136) : 94588.77134643265 
0021000138 (0023000137) : 97155.77620655391 
0086000139 (0021000138) : 97592.12833282509 
0082000140 (0086000139) : 98286.24958376416 
0086000141 (0082000140) : 98644.43969062007 
