0000000000 (genesis block) : 0 
0015000001 (0000000000) : 100.90552386406492 
0021000002 (0015000001) : 856.4031383281736 
0082000003 (0021000002) : 923.5520217149189 
0079000004 (0082000003) : 2229.0654789727846 
0075000005 (0079000004) : 2687.174629078121 
0047000006 (0075000005) : 4119.684677423479 
0070000007 (0047000006) : 4701.9827445497685 
0021000008 (0070000007) : 4968.610456981875 
0089000009 (0021000008) : 5004.865390053471 
0021000010 (0089000009) : 5074.142092882056 
0059000011 (0021000010) : 5508.762115541919 
0056000012 (0059000011) : 5830.134559723511 
0047000013 (0056000012) : 6541.261194541574 
0008000014 (0047000013) : 7043.358222976002 
0053000015 (0008000014) : 7862.382547945146 
0094000016 (0053000015) : 7899.7695014550345 
0000000017 (0094000016) : 7985.7914483836275 
0055000018 (0000000017) : 8235.550121020247 
0088000019 (0055000018) : 9210.906738569367 
0040000020 (0088000019) : 9731.44663706265 
0017000021 (0040000020) : 9736.917715289603 
0037000022 (0017000021) : 11640.56903360779 
0006000023 (0037000022) : 13139.04904786176 
0092000024 (0006000023) : 13556.311251708916 
0093000025 (0092000024) : 13620.433339543313 
0079000026 (0093000025) : 13754.460985437481 
0069000027 (0079000026) : 13922.21007033289 
0058000028 (0069000027) : 15692.502593427216 
0079000029 (0058000028) : 15987.625526497442 
0092000030 (0079000029) : 17255.96273073949 
0078000031 (0092000030) : 19036.37235013016 
0019000032 (0078000031) : 19780.928706841612 
0069000033 (0019000032) : 20693.35656379134 
0033000034 (0069000033) : 21963.816336788866 
0063000035 (0033000034) : 22040.219472894783 
0037000036 (0063000035) : 22824.36912547193 
0011000037 (0037000036) : 25378.85722032877 
0029000038 (0011000037) : 25960.595032548 
0055000039 (0029000038) : 26615.36938982769 
0033000040 (0055000039) : 26761.8758670403 
0021000041 (0033000040) : 27546.278976208057 
0085000042 (0021000041) : 28056.33533892605 
0091000043 (0085000042) : 28601.907071604965 
0007000044 (0091000043) : 29084.449392782826 
0090000045 (0007000044) : 29172.965506132987 
0021000046 (0090000045) : 29551.97780123186 
0066000047 (0021000046) : 30376.879571569018 
0089000048 (0066000047) : 30599.767515126514 
0098000049 (0089000048) : 30635.11323049166 
0066000050 (0098000049) : 30768.173387901585 
0097000051 (0066000050) : 31915.762381001517 
0092000052 (0097000051) : 31993.916541788796 
0041000053 (0092000052) : 34912.84096118025 
0058000054 (0041000053) : 34923.575382664654 
0048000055 (0058000054) : 37916.28427596782 
0044000056 (0048000055) : 38527.710065566615 
0005000057 (0044000056) : 38720.77134175808 
0088000058 (0005000057) : 40394.255262758765 
0037000059 (0088000058) : 40507.89987423527 
0041000060 (0037000059) : 41131.75051583951 
0021000061 (0041000060) : 42131.31007070598 
0047000062 (0021000061) : 43516.67578694704 
0041000063 (0047000062) : 44234.79508224405 
0013000064 (0041000063) : 45880.312381305615 
0046000065 (0013000064) : 46171.61345423868 
0017000066 (0046000065) : 46389.420978559254 
0099000067 (0017000066) : 46479.85741009951 
0071000068 (0099000067) : 46669.47267282968 
0021000069 (0071000068) : 48344.9923104564 
0022000070 (0021000069) : 49075.73538554714 
0025000071 (0022000070) : 49105.901387995174 
0084000072 (0025000071) : 49179.115846000546 
0064000073 (0084000072) : 49723.959528708714 
0050000074 (0064000073) : 50321.35557795978 
0054000075 (0050000074) : 51366.37883603049 
0099000076 (0054000075) : 51582.57685790025 
0021000077 (0099000076) : 51621.25893505914 
0062000078 (0021000077) : 52430.832451720744 
0096000079 (0062000078) : 53021.95207501502 
0005000080 (0096000079) : 54376.334862023556 
0021000081 (0005000080) : 54425.09592792058 
0044000082 (0021000081) : 54548.99374486804 
0084000083 (0044000082) : 55108.13347060509 
0080000084 (0084000083) : 56047.78517381771 
0058000085 (0080000084) : 56357.7693034376 
0087000086 (0058000085) : 56916.42615624618 
0071000087 (0087000086) : 58484.51455174979 
0015000088 (0071000087) : 59376.583276377496 
0038000089 (0015000088) : 60878.42439445795 
0004000090 (0038000089) : 61962.938381925684 
0089000091 (0004000090) : 62375.30968588493 
0051000092 (0089000091) : 63022.23649569203 
0062000093 (0051000092) : 63250.030035315285 
0042000094 (0062000093) : 63619.59934500456 
0072000095 (0042000094) : 63748.990628724496 
0049000096 (0072000095) : 63902.73962713794 
0026000097 (0049000096) : 65071.95523432484 
0092000098 (0026000097) : 66339.76940186603 
0065000099 (0092000098) : 67155.2180654768 
0029000100 (0065000099) : 67215.18608418212 
0063000101 (0029000100) : 67390.48409815226 
0036000102 (0063000101) : 67811.87448211649 
0096000103 (0036000102) : 68059.94107198135 
0067000104 (0096000103) : 68902.45676218154 
0022000105 (0067000104) : 69385.79344441793 
0040000106 (0022000105) : 69530.88831142141 
0078000107 (0040000106) : 70276.28132228629 
0021000108 (0078000107) : 70496.03868470363 
0088000109 (0021000108) : 71972.72324978054 
0028000110 (0088000109) : 73752.25939057393 
0045000111 (0028000110) : 75327.31388744466 
0034000112 (0045000111) : 76863.5884576615 
0092000113 (0034000112) : 77323.97943830336 
0088000114 (0092000113) : 77720.97182323156 
0061000115 (0088000114) : 79515.16191267663 
0048000116 (0061000115) : 80439.49025226317 
0020000117 (0048000116) : 80910.2512996213 
0021000118 (0020000117) : 82504.56681063314 
0013000119 (0021000118) : 83303.82174289104 
0064000120 (0013000119) : 83967.03033795455 
0018000121 (0064000120) : 84127.71899424274 
0021000122 (0018000121) : 84555.59133901236 
0097000123 (0021000122) : 84676.03415366211 
0041000124 (0097000123) : 85007.65013742098 
0006000125 (0041000124) : 85513.14716371217 
0089000126 (0006000125) : 86993.13399932295 
0053000127 (0089000126) : 87613.24543240262 
0004000128 (0053000127) : 88318.9211559529 
0023000129 (0004000128) : 88800.31161699291 
0051000130 (0023000129) : 89760.99354516802 
0090000131 (0051000130) : 90432.55512803701 
0063000132 (0090000131) : 90437.22674521619 
0000000133 (0063000132) : 91070.72705313352 
0065000134 (0000000133) : 91438.6986469184 
0052000135 (0065000134) : 92129.43636795308 
0088000136 (0052000135) : 94028.92873974283 
0023000137 (0088000136) : 94588.83648970604 
0021000138 (0023000137) : 97155.54873063977 
0086000139 (0021000138) : 97592.23028304067 
0082000140 (0086000139) : 98286.05523120398 
0086000141 (0082000140) : 98644.54161984104 
