0000000000 (genesis block) : 0 
0015000001 (0000000000) : 100.80229331955468 
0021000002 (0015000001) : 856.6340631015678 
0082000003 (0021000002) : 923.7841849083926 
0079000004 (0082000003) : 2228.80938290734 
0075000005 (0079000004) : 2687.207033946025 
0047000006 (0075000005) : 4119.4912249366125 
0070000007 (0047000006) : 4701.950785040625 
0021000008 (0070000007) : 4968.837165467161 
0089000009 (0021000008) : 5004.761542310014 
0021000010 (0089000009) : 5074.370070789209 
0059000011 (0021000010) : 5508.643849957729 
0056000012 (0059000011) : 5830.121122399016 
0047000013 (0056000012) : 6541.06910267226 
0008000014 (0047000013) : 7043.1682618421 
0053000015 (0008000014) : 7862.677807865593 
0094000016 (0053000015) : 7899.887743858548 
0000000017 (0094000016) : 7985.637117836007 
0055000018 (0000000017) : 8235.628615744843 
0088000019 (0055000018) : 9211.226780840976 
0040000020 (0088000019) : 9731.250559290724 
0017000021 (0040000020) : 9736.69160174689 
0037000022 (0017000021) : 11640.441360136834 
0006000023 (0037000022) : 13138.945139431567 
0092000024 (0006000023) : 13556.198487250904 
0093000025 (0092000024) : 13620.283596414984 
0079000026 (0093000025) : 13754.203600018986 
0069000027 (0079000026) : 13921.949180646736 
0058000028 (0069000027) : 15692.35351225542 
0079000029 (0058000028) : 15987.369709610948 
0092000030 (0079000029) : 17255.8512384447 
0078000031 (0092000030) : 19036.380662809453 
0019000032 (0078000031) : 19780.706348063246 
0069000033 (0019000032) : 20693.092285617113 
0033000034 (0069000033) : 21963.68461826924 
0063000035 (0033000034) : 22040.350369314085 
0037000036 (0063000035) : 22824.234203360083 
0011000037 (0037000036) : 25378.788223342082 
0029000038 (0011000037) : 25960.338744816756 
0055000039 (0029000038) : 26615.44002213447 
0033000040 (0055000039) : 26761.748784084168 
0021000041 (0033000040) : 27546.501481780695 
0085000042 (0021000041) : 28056.261539803803 
0091000043 (0085000042) : 28601.71889976698 
0007000044 (0091000043) : 29084.417722816903 
0090000045 (0007000044) : 29172.648811190295 
0021000046 (0090000045) : 29552.206662967117 
0066000047 (0021000046) : 30376.68559072398 
0089000048 (0066000047) : 30599.664531465765 
0098000049 (0089000048) : 30635.265333044426 
0066000050 (0098000049) : 30767.979826082577 
0097000051 (0066000050) : 31915.5712411637 
0092000052 (0097000051) : 31993.804421300814 
0041000053 (0092000052) : 34912.79039986949 
0058000054 (0041000053) : 34923.42509988735 
0048000055 (0058000054) : 37916.20902822644 
0044000056 (0048000055) : 38527.80453373869 
0005000057 (0044000056) : 38720.67801818617 
0088000058 (0005000057) : 40394.571584028155 
0037000059 (0088000058) : 40507.76882166455 
0041000060 (0037000059) : 41131.69669886315 
0021000061 (0041000060) : 42131.53857870937 
0047000062 (0021000061) : 43516.484592140325 
0041000063 (0047000062) : 44234.74098508688 
0013000064 (0041000063) : 45880.19908482018 
0046000065 (0013000064) : 46171.41694896977 
0017000066 (0046000065) : 46389.19861369871 
0099000067 (0017000066) : 46479.66629500941 
0071000068 (0099000067) : 46669.697924754415 
0021000069 (0071000068) : 48345.218039285384 
0022000070 (0021000069) : 49075.51180482413 
0025000071 (0022000070) : 49105.7396205858 
0084000072 (0025000071) : 49179.02458300504 
0064000073 (0084000072) : 49723.73202337394 
0050000074 (0064000073) : 50321.13149142865 
0054000075 (0050000074) : 51366.15455161722 
0099000076 (0054000075) : 51582.384063490405 
0021000077 (0099000076) : 51621.48575842806 
0062000078 (0021000077) : 52430.69846936292 
0096000079 (0062000078) : 53021.72866848911 
0005000080 (0096000079) : 54376.239798916045 
0021000081 (0005000080) : 54425.32385122747 
0044000082 (0021000081) : 54549.08883165983 
0084000083 (0044000082) : 55108.04776622197 
0080000084 (0084000083) : 56048.01378229498 
0058000085 (0080000084) : 56357.62103477493 
0087000086 (0058000085) : 56916.167194110756 
0071000087 (0087000086) : 58484.74189994836 
0015000088 (0071000087) : 59376.47932560801 
0038000089 (0015000088) : 60878.51824275218 
0004000090 (0038000089) : 61962.747172212 
0089000091 (0004000090) : 62375.208680889344 
0051000092 (0089000091) : 63022.1059239427 
0062000093 (0051000092) : 63249.89997128347 
0042000094 (0062000093) : 63619.82839662261 
0072000095 (0042000094) : 63749.22097150707 
0049000096 (0072000095) : 63902.62557208786 
0026000097 (0049000096) : 65071.804762073276 
0092000098 (0026000097) : 66339.65790256408 
0065000099 (0092000098) : 67155.06145128654 
0029000100 (0065000099) : 67214.92971126849 
0063000101 (0029000100) : 67390.61677044549 
0036000102 (0063000101) : 67811.75796594856 
0096000103 (0036000102) : 68059.71936990226 
0067000104 (0096000103) : 68902.26478809667 
0022000105 (0067000104) : 69385.57044916901 
0040000106 (0022000105) : 69530.69426765286 
0078000107 (0040000106) : 70276.29485180565 
0021000108 (0078000107) : 70496.26539394795 
0088000109 (0021000108) : 71973.04140661594 
0028000110 (0088000109) : 73752.38505298735 
0045000111 (0028000110) : 75327.05549680529 
0034000112 (0045000111) : 76863.364047874 
0092000113 (0034000112) : 77323.87004494405 
0088000114 (0092000113) : 77721.29013684596 
0061000115 (0088000114) : 79515.02816933283 
0048000116 (0061000115) : 80439.41427124086 
0020000117 (0048000116) : 80910.05522159499 
0021000118 (0020000117) : 82504.79467267664 
0013000119 (0021000118) : 83303.71435248389 
0064000120 (0013000119) : 83966.80612786445 
0018000121 (0064000120) : 84127.6171668574 
0021000122 (0018000121) : 84555.81935076205 
0097000123 (0021000122) : 84675.83760252796 
0041000124 (0097000123) : 85007.59692102819 
0006000125 (0041000124) : 85513.039629003 
0089000126 (0006000125) : 86993.02823545196 
0053000127 (0089000126) : 87613.54121296086 
0004000128 (0053000127) : 88318.7242816988 
0023000129 (0004000128) : 88800.12637448336 
0051000130 (0023000129) : 89760.8562685488 
0090000131 (0051000130) : 90432.23941759937 
0063000132 (0090000131) : 90437.36417670552 
0000000133 (0063000132) : 91070.5744155385 
0065000134 (0000000133) : 91438.5426398212 
0052000135 (0065000134) : 92129.45563160017 
0088000136 (0052000135) : 94029.2463242002 
0023000137 (0088000136) : 94588.65392969758 
0021000138 (0023000137) : 97155.77697685025 
0086000139 (0021000138) : 97592.10382334839 
0082000140 (0086000139) : 98286.28404206524 
0086000141 (0082000140) : 98644.41320272698 
