0000000000 (genesis block) : 0 
0015000001 (0000000000) : 100.80536828633255 
0021000002 (0015000001) : 856.6965252274671 
0082000003 (0021000002) : 924.0547963054465 
0079000004 (0082000003) : 2228.880337912797 
0075000005 (0079000004) : 2686.984687952675 
0047000006 (0075000005) : 4119.910924470902 
0070000007 (0047000006) : 4701.879392491627 
0021000008 (0070000007) : 4968.901642187051 
0089000009 (0021000008) : 5004.766622386594 
0021000010 (0089000009) : 5074.433180531915 
0059000011 (0021000010) : 5508.826803698116 
0056000012 (0059000011) : 5829.60882363465 
0047000013 (0056000012) : 6541.488911143541 
0008000014 (0047000013) : 7043.473118630586 
0053000015 (0008000014) : 7862.225370710721 
0094000016 (0053000015) : 7899.854668097349 
0000000017 (0094000016) : 7985.7353419703 
0055000018 (0000000017) : 8235.906279900804 
0088000019 (0055000018) : 9211.432488237368 
0040000020 (0088000019) : 9731.568461845876 
0017000021 (0040000020) : 9737.0368821752 
0037000022 (0017000021) : 11640.460705764242 
0006000023 (0037000022) : 13138.950458321724 
0092000024 (0006000023) : 13556.514526332581 
0093000025 (0092000024) : 13620.426681781091 
0079000026 (0093000025) : 13754.277200928489 
0069000027 (0079000026) : 13921.833384232268 
0058000028 (0069000027) : 15692.60958670111 
0079000029 (0058000028) : 15987.439629099179 
0092000030 (0079000029) : 17256.167899512366 
0078000031 (0092000030) : 19036.547539327465 
0019000032 (0078000031) : 19780.96333827667 
0069000033 (0019000032) : 20692.9761207221 
0033000034 (0069000033) : 21963.59512077562 
0063000035 (0033000034) : 22040.67093027201 
0037000036 (0063000035) : 22824.2549579378 
0011000037 (0037000036) : 25378.956144579603 
0029000038 (0011000037) : 25960.70354100993 
0055000039 (0029000038) : 26615.723589745157 
0033000040 (0055000039) : 26761.65816471655 
0021000041 (0033000040) : 27546.566946899417 
0085000042 (0021000041) : 28056.43310588794 
0091000043 (0085000042) : 28601.84229599645 
0007000044 (0091000043) : 29084.70173489786 
0090000045 (0007000044) : 29172.96764489646 
0021000046 (0090000045) : 29552.270164780104 
0066000047 (0021000046) : 30376.582834659024 
0089000048 (0066000047) : 30599.667859073612 
0098000049 (0089000048) : 30635.34097378886 
0066000050 (0098000049) : 30767.871411430147 
0097000051 (0066000050) : 31915.4456500068 
0092000052 (0097000051) : 31994.121873350876 
0041000053 (0092000052) : 34913.05172647403 
0058000054 (0041000053) : 34923.68223522579 
0048000055 (0058000054) : 37916.324623599365 
0044000056 (0048000055) : 38528.07001713278 
0005000057 (0044000056) : 38720.55471917434 
0088000058 (0005000057) : 40394.78044874359 
0037000059 (0088000058) : 40507.78398786397 
0041000060 (0037000059) : 41131.95842077596 
0021000061 (0041000060) : 42131.60116704136 
0047000062 (0021000061) : 43516.903377309834 
0041000063 (0047000062) : 44235.00509335252 
0013000064 (0041000063) : 45880.36592263181 
0046000065 (0013000064) : 46171.71235649401 
0017000066 (0046000065) : 46389.54048919131 
0099000067 (0017000066) : 46480.04662946798 
0071000068 (0099000067) : 46669.79088320458 
0021000069 (0071000068) : 48345.28405287752 
0022000070 (0021000069) : 49075.76907047753 
0025000071 (0022000070) : 49105.71792259356 
0084000072 (0025000071) : 49179.37429681016 
0064000073 (0084000072) : 49724.15537400956 
0050000074 (0064000073) : 50321.47582525518 
0054000075 (0050000074) : 51366.41233926408 
0099000076 (0054000075) : 51582.76545623826 
0021000077 (0099000076) : 51621.54939426848 
0062000078 (0021000077) : 52431.07742542859 
0096000079 (0062000078) : 53021.987161904675 
0005000080 (0096000079) : 54376.11805132399 
0021000081 (0005000080) : 54425.387128165254 
0044000082 (0021000081) : 54549.35622041756 
0084000083 (0044000082) : 55108.38846465964 
0080000084 (0084000083) : 56048.283888763726 
0058000085 (0080000084) : 56357.87649254231 
0087000086 (0058000085) : 56916.53371997779 
0071000087 (0087000086) : 58484.828995912525 
0015000088 (0071000087) : 59376.4845666681 
0038000089 (0015000088) : 60878.7844379725 
0004000090 (0038000089) : 61962.97199905588 
0089000091 (0004000090) : 62375.209479032485 
0051000092 (0089000091) : 63022.370888388476 
0062000093 (0051000092) : 63250.2780590553 
0042000094 (0062000093) : 63619.52135661692 
0072000095 (0042000094) : 63749.49009663375 
0049000096 (0072000095) : 63902.98890738357 
0026000097 (0049000096) : 65072.06571468086 
0092000098 (0026000097) : 66339.97194279307 
0065000099 (0092000098) : 67155.46520623927 
0029000100 (0065000099) : 67215.29285495916 
0063000101 (0029000100) : 67390.92907075184 
0036000102 (0063000101) : 67811.95695734664 
0096000103 (0036000102) : 68059.97519201263 
0067000104 (0096000103) : 68902.11013786453 
0022000105 (0067000104) : 69385.82381694949 
0040000106 (0022000105) : 69531.012025731 
0078000107 (0040000106) : 70276.45705953699 
0021000108 (0078000107) : 70496.32957783688 
0088000109 (0021000108) : 71973.25149343867 
0028000110 (0088000109) : 73752.47848081775 
0045000111 (0028000110) : 75327.56821504296 
0034000112 (0045000111) : 76863.61699181164 
0092000113 (0034000112) : 77324.18831009383 
0088000114 (0092000113) : 77721.49726526206 
0061000115 (0088000114) : 79515.11850895804 
0048000116 (0061000115) : 80439.53072340816 
0020000117 (0048000116) : 80910.28951664788 
0021000118 (0020000117) : 82504.85752043253 
0013000119 (0021000118) : 83303.87374982794 
0064000120 (0013000119) : 83967.2251654614 
0018000121 (0064000120) : 84127.61888703702 
0021000122 (0018000121) : 84555.88341302896 
0097000123 (0021000122) : 84675.71654548052 
0041000124 (0097000123) : 85007.85774735826 
0006000125 (0041000124) : 85513.04633821646 
0089000126 (0006000125) : 86993.03545603072 
0053000127 (0089000126) : 87613.08639525295 
0004000128 (0053000127) : 88318.95539461299 
0023000129 (0004000128) : 88800.09243511691 
0051000130 (0023000129) : 89761.12288973432 
0090000131 (0051000130) : 90432.55697248467 
0063000132 (0090000131) : 90437.67283365494 
0000000133 (0063000132) : 91070.66561602235 
0065000134 (0000000133) : 91438.94432806653 
0052000135 (0065000134) : 92129.53913585895 
0088000136 (0052000135) : 94029.45791156996 
0023000137 (0088000136) : 94588.61751726229 
0021000138 (0023000137) : 97155.84214657068 
0086000139 (0021000138) : 97591.98977136941 
0082000140 (0086000139) : 98286.55883018133 
0086000141 (0082000140) : 98644.30055566806 
