0000000000 (genesis block) : 0 
0015000001 (0000000000) : 100.93426210871158 
0021000002 (0015000001) : 856.5005537253645 
0082000003 (0021000002) : 923.6529144440896 
0079000004 (0082000003) : 2228.940920437715 
0075000005 (0079000004) : 2687.190322243402 
0047000006 (0075000005) : 4119.418190462751 
0070000007 (0047000006) : 4701.990127390637 
0021000008 (0070000007) : 4968.705612644207 
0089000009 (0021000008) : 5004.888251686961 
0021000010 (0089000009) : 5074.236869239716 
0059000011 (0021000010) : 5508.571627191434 
0056000012 (0059000011) : 5830.124317342717 
0047000013 (0056000012) : 6540.995931832258 
0008000014 (0047000013) : 7043.095447543267 
0053000015 (0008000014) : 7862.645793199233 
0094000016 (0053000015) : 7899.823826975835 
0000000017 (0094000016) : 7985.673977968444 
0055000018 (0000000017) : 8235.551692560455 
0088000019 (0055000018) : 9211.170939729267 
0040000020 (0088000019) : 9731.287953434521 
0017000021 (0040000020) : 9736.730206461105 
0037000022 (0017000021) : 11640.536644477366 
0006000023 (0037000022) : 13139.059018798484 
0092000024 (0006000023) : 13556.236764074529 
0093000025 (0092000024) : 13620.414126255286 
0079000026 (0093000025) : 13754.334408249486 
0069000027 (0079000026) : 13921.990005599899 
0058000028 (0069000027) : 15692.484486799047 
0079000029 (0058000028) : 15987.501702841573 
0092000030 (0079000029) : 17255.889313779193 
0078000031 (0092000030) : 19036.33680050985 
0019000032 (0078000031) : 19780.738267471534 
0069000033 (0019000032) : 20693.129343551474 
0033000034 (0069000033) : 21963.78536239109 
0063000035 (0033000034) : 22040.21984363637 
0037000036 (0063000035) : 22824.331042974554 
0011000037 (0037000036) : 25378.832249174517 
0029000038 (0011000037) : 25960.474725577194 
0055000039 (0029000038) : 26615.37098936345 
0033000040 (0055000039) : 26761.839010570708 
0021000041 (0033000040) : 27546.36989177656 
0085000042 (0021000041) : 28056.3004881206 
0091000043 (0085000042) : 28601.64228964401 
0007000044 (0091000043) : 29084.448770278606 
0090000045 (0007000044) : 29172.78303107882 
0021000046 (0090000045) : 29552.075709056393 
0066000047 (0021000046) : 30376.725313403884 
0089000048 (0066000047) : 30599.786026230948 
0098000049 (0089000048) : 30635.213577717237 
0066000050 (0098000049) : 30768.017117640626 
0097000051 (0066000050) : 31915.60715856568 
0092000052 (0097000051) : 31993.8433167307 
0041000053 (0092000052) : 34912.829223727735 
0058000054 (0041000053) : 34923.55546896594 
0048000055 (0058000054) : 37916.24847391901 
0044000056 (0048000055) : 38527.6732259531 
0005000057 (0044000056) : 38720.73336086983 
0088000058 (0005000057) : 40394.51920519696 
0037000059 (0088000058) : 40507.85892666708 
0041000060 (0037000059) : 41131.73546698833 
0021000061 (0041000060) : 42131.40607992867 
0047000062 (0021000061) : 43516.411214056105 
0041000063 (0047000062) : 44234.78007476984 
0013000064 (0041000063) : 45880.2381275751 
0046000065 (0013000064) : 46171.45698502947 
0017000066 (0046000065) : 46389.23761582797 
0099000067 (0017000066) : 46479.59371214775 
0071000068 (0099000067) : 46669.568266724316 
0021000069 (0071000068) : 48345.08862007713 
0022000070 (0021000069) : 49075.54450670699 
0025000071 (0022000070) : 49105.663216239096 
0084000072 (0025000071) : 49178.95063058101 
0064000073 (0084000072) : 49723.77260084157 
0050000074 (0064000073) : 50321.172824529116 
0054000075 (0050000074) : 51366.19111221334 
0099000076 (0054000075) : 51582.31140596275 
0021000077 (0099000076) : 51621.35409010422 
0062000078 (0021000077) : 52430.567145249006 
0096000079 (0062000078) : 53021.763541670174 
0005000080 (0096000079) : 54376.30210831472 
0021000081 (0005000080) : 54425.19225914926 
0044000082 (0021000081) : 54548.957731355695 
0084000083 (0044000082) : 55107.96969734645 
0080000084 (0084000083) : 56047.882874311 
0058000085 (0080000084) : 56357.752048307084 
0087000086 (0058000085) : 56916.298601883354 
0071000087 (0087000086) : 58484.60872139233 
0015000088 (0071000087) : 59376.61198390976 
0038000089 (0015000088) : 60878.386874035605 
0004000090 (0038000089) : 61962.78278359551 
0089000091 (0004000090) : 62375.33034692375 
0051000092 (0089000091) : 63021.972688188995 
0062000093 (0051000092) : 63249.76776340882 
0042000094 (0062000093) : 63619.69797686778 
0072000095 (0042000094) : 63749.08647325454 
0049000096 (0072000095) : 63902.74073172478 
0026000097 (0049000096) : 65071.93679598333 
0092000098 (0026000097) : 66339.69892267455 
0065000099 (0092000098) : 67154.98823631543 
0029000100 (0065000099) : 67215.06055532837 
0063000101 (0029000100) : 67390.48598085482 
0036000102 (0063000101) : 67811.8831716809 
0096000103 (0036000102) : 68059.75052957851 
0067000104 (0096000103) : 68902.3037968963 
0022000105 (0067000104) : 69385.59861455717 
0040000106 (0022000105) : 69530.73350723705 
0078000107 (0040000106) : 70276.24565727197 
0021000108 (0078000107) : 70496.13674790548 
0088000109 (0021000108) : 71972.98807807348 
0028000110 (0088000109) : 73752.42833749668 
0045000111 (0028000110) : 75327.18926168232 
0034000112 (0045000111) : 76863.39399258977 
0092000113 (0034000112) : 77323.9089888624 
0088000114 (0092000113) : 77721.23962197006 
0061000115 (0088000114) : 79514.89741747861 
0048000116 (0061000115) : 80439.4539200198 
0020000117 (0048000116) : 80910.00763347483 
0021000118 (0020000117) : 82504.6622001297 
0013000119 (0021000118) : 83303.75260816338 
0064000120 (0013000119) : 83966.847515442 
0018000121 (0064000120) : 84127.65768967326 
0021000122 (0018000121) : 84555.68990426321 
0097000123 (0021000122) : 84675.87533562741 
0041000124 (0097000123) : 85007.63814495804 
0006000125 (0041000124) : 85513.15594177807 
0089000126 (0006000125) : 86993.15011772886 
0053000127 (0089000126) : 87613.51154471775 
0004000128 (0053000127) : 88318.76436482638 
0023000129 (0004000128) : 88800.16108606703 
0051000130 (0023000129) : 89760.725460132 
0090000131 (0051000130) : 90432.37046107826 
0063000132 (0090000131) : 90437.22909896167 
0000000133 (0063000132) : 91070.60667696709 
0065000134 (0000000133) : 91438.47110516303 
0052000135 (0065000134) : 92129.49575699658 
0088000136 (0052000135) : 94029.19119194904 
0023000137 (0088000136) : 94588.68747823552 
0021000138 (0023000137) : 97155.64641504281 
0086000139 (0021000138) : 97592.15191457499 
0082000140 (0086000139) : 98286.15318071676 
0086000141 (0082000140) : 98644.46981525002 
