0000000000 (genesis block) : 0 
0015000001 (0000000000) : 100.40845242840126 
0021000002 (0015000001) : 856.6875514024952 
0082000003 (0021000002) : 923.9354705024666 
0079000004 (0082000003) : 2228.909550481651 
0075000005 (0079000004) : 2687.206843792843 
0047000006 (0075000005) : 4119.929072080414 
0070000007 (0047000006) : 4702.122762348995 
0021000008 (0070000007) : 4968.895059589682 
0089000009 (0021000008) : 5004.316003285432 
0021000010 (0089000009) : 5074.425806864939 
0059000011 (0021000010) : 5508.534683586642 
0056000012 (0059000011) : 5830.058963873116 
0047000013 (0056000012) : 6541.510079923477 
0008000014 (0047000013) : 7043.329811586004 
0053000015 (0008000014) : 7862.510402948407 
0094000016 (0053000015) : 7899.912875607481 
0000000017 (0094000016) : 7985.281512150557 
0055000018 (0000000017) : 8235.87902846234 
0088000019 (0055000018) : 9211.455309556031 
0040000020 (0088000019) : 9731.630255153743 
0017000021 (0040000020) : 9736.841537474935 
0037000022 (0017000021) : 11640.355900878676 
0006000023 (0037000022) : 13138.500050323071 
0092000024 (0006000023) : 13556.240929538886 
0093000025 (0092000024) : 13620.217377058996 
0079000026 (0093000025) : 13754.306895997404 
0069000027 (0079000026) : 13921.886610677455 
0058000028 (0069000027) : 15692.373654888119 
0079000029 (0058000028) : 15987.470465844362 
0092000030 (0079000029) : 17255.891712490367 
0078000031 (0092000030) : 19036.385329955418 
0019000032 (0078000031) : 19780.75571025213 
0069000033 (0019000032) : 20693.02734848942 
0033000034 (0069000033) : 21963.600705580626 
0063000035 (0033000034) : 22040.60256566596 
0037000036 (0063000035) : 22824.149576056607 
0011000037 (0037000036) : 25378.8127312608 
0029000038 (0011000037) : 25960.466956538297 
0055000039 (0029000038) : 26615.691539991654 
0033000040 (0055000039) : 26761.662211590923 
0021000041 (0033000040) : 27546.559082420907 
0085000042 (0021000041) : 28056.32764244401 
0091000043 (0085000042) : 28601.979125353955 
0007000044 (0091000043) : 29084.703662852273 
0090000045 (0007000044) : 29173.050371488385 
0021000046 (0090000045) : 29552.262029496622 
0066000047 (0021000046) : 30376.875153655863 
0089000048 (0066000047) : 30599.218690542726 
0098000049 (0089000048) : 30635.10070503809 
0066000050 (0098000049) : 30768.16775841328 
0097000051 (0066000050) : 31915.799702346692 
0092000052 (0097000051) : 31993.846090172985 
0041000053 (0092000052) : 34912.791035239316 
0058000054 (0041000053) : 34923.449007306044 
0048000055 (0058000054) : 37916.22108930079 
0044000056 (0048000055) : 38527.993830426814 
0005000057 (0044000056) : 38720.83852300077 
0088000058 (0005000057) : 40394.80566255596 
0037000059 (0088000058) : 40507.67853286066 
0041000060 (0037000059) : 41131.69975157054 
0021000061 (0041000060) : 42131.594095673456 
0047000062 (0021000061) : 43516.922355330185 
0041000063 (0047000062) : 44234.74202384209 
0013000064 (0041000063) : 45880.24558047827 
0046000065 (0013000064) : 46171.799730917126 
0017000066 (0046000065) : 46389.34938756843 
0099000067 (0017000066) : 46479.94322304049 
0071000068 (0099000067) : 46669.853557942326 
0021000069 (0071000068) : 48345.27993276366 
0022000070 (0021000069) : 49075.38003529732 
0025000071 (0022000070) : 49105.35254613398 
0084000072 (0025000071) : 49179.2927602743 
0064000073 (0084000072) : 49724.02165310384 
0050000074 (0064000073) : 50321.33704352878 
0054000075 (0050000074) : 51366.02653386026 
0099000076 (0054000075) : 51582.662857115414 
0021000077 (0099000076) : 51621.54357059373 
0062000078 (0021000077) : 52431.136730176426 
0096000079 (0062000078) : 53021.62378611872 
0005000080 (0096000079) : 54376.40286415352 
0021000081 (0005000080) : 54425.381217485854 
0044000082 (0021000081) : 54549.27473909136 
0084000083 (0044000082) : 55108.31440654071 
0080000084 (0084000083) : 56048.16841563191 
0058000085 (0080000084) : 56357.644069715025 
0087000086 (0058000085) : 56916.30131867426 
0071000087 (0087000086) : 58484.89427805658 
0015000088 (0071000087) : 59376.08829472582 
0038000089 (0015000088) : 60878.73536258344 
0004000090 (0038000089) : 61962.892575564976 
0089000091 (0004000090) : 62374.75871921049 
0051000092 (0089000091) : 63022.43127941307 
0062000093 (0051000092) : 63250.33793747176 
0042000094 (0062000093) : 63619.88550700351 
0072000095 (0042000094) : 63749.372532749345 
0049000096 (0072000095) : 63902.75486152823 
0026000097 (0049000096) : 65071.82946693383 
0092000098 (0026000097) : 66339.69436453865 
0065000099 (0092000098) : 67155.47434767488 
0029000100 (0065000099) : 67215.05670691177 
0063000101 (0029000100) : 67390.87037689376 
0036000102 (0063000101) : 67811.781482115 
0096000103 (0036000102) : 68059.61583840747 
0067000104 (0096000103) : 68902.46517437178 
0022000105 (0067000104) : 69385.43862182775 
0040000106 (0022000105) : 69531.07185068687 
0078000107 (0040000106) : 70276.29086215241 
0021000108 (0078000107) : 70496.3219470119 
0088000109 (0021000108) : 71973.27546075132 
0028000110 (0088000109) : 73752.40104746936 
0045000111 (0028000110) : 75327.5019365903 
0034000112 (0045000111) : 76863.48037693619 
0092000113 (0034000112) : 77323.91010764037 
0088000114 (0092000113) : 77721.52316352507 
0061000115 (0088000114) : 79515.17924641506 
0048000116 (0061000115) : 80439.42334881825 
0020000117 (0048000116) : 80910.20548688404 
0021000118 (0020000117) : 82504.85101561551 
0013000119 (0021000118) : 83303.75289716534 
0064000120 (0013000119) : 83967.09381158907 
0018000121 (0064000120) : 84127.83664890185 
0021000122 (0018000121) : 84555.88013285198 
0097000123 (0021000122) : 84676.0703084158 
0041000124 (0097000123) : 85007.5971873126 
0006000125 (0041000124) : 85512.59355801714 
0089000126 (0006000125) : 86992.583896533 
0053000127 (0089000126) : 87613.37282825125 
0004000128 (0053000127) : 88318.87645066436 
0023000129 (0004000128) : 88800.0763757538 
0051000130 (0023000129) : 89761.17850528256 
0090000131 (0051000130) : 90432.64076030017 
0063000132 (0090000131) : 90437.6095943299 
0000000133 (0063000132) : 91070.21485079236 
0065000134 (0000000133) : 91438.95745280605 
0052000135 (0065000134) : 92129.58063589163 
0088000136 (0052000135) : 94029.47754614482 
0023000137 (0088000136) : 94588.60528444308 
0021000138 (0023000137) : 97155.83231779393 
0086000139 (0021000138) : 97592.30810207521 
0082000140 (0086000139) : 98286.43913676108 
0086000141 (0082000140) : 98644.62302968037 
