0000000000 (genesis block) : 0 
0015000001 (0000000000) : 100.97301455411814 
0021000002 (0015000001) : 856.4887119954204 
0082000003 (0021000002) : 923.6368476733331 
0079000004 (0082000003) : 2228.849547603176 
0075000005 (0079000004) : 2687.260217672828 
0047000006 (0075000005) : 4119.634375232682 
0070000007 (0047000006) : 4702.126473078664 
0021000008 (0070000007) : 4968.695417300787 
0089000009 (0021000008) : 5004.889418270159 
0021000010 (0089000009) : 5074.225314112625 
0059000011 (0021000010) : 5508.697998814159 
0056000012 (0059000011) : 5830.227858403465 
0047000013 (0056000012) : 6541.213585999737 
0008000014 (0047000013) : 7043.314936615726 
0053000015 (0008000014) : 7862.513407108432 
0094000016 (0053000015) : 7899.85257129364 
0000000017 (0094000016) : 7985.675092835149 
0055000018 (0000000017) : 8235.434461356199 
0088000019 (0055000018) : 9211.158460786715 
0040000020 (0088000019) : 9731.510407987706 
0017000021 (0040000020) : 9736.924352960725 
0037000022 (0017000021) : 11640.468516559393 
0006000023 (0037000022) : 13139.06145851953 
0092000024 (0006000023) : 13556.395223114772 
0093000025 (0092000024) : 13620.469424839963 
0079000026 (0093000025) : 13754.245262131704 
0069000027 (0079000026) : 13922.135682459906 
0058000028 (0069000027) : 15692.535877594237 
0079000029 (0058000028) : 15987.41019162524 
0092000030 (0079000029) : 17256.04791083563 
0078000031 (0092000030) : 19036.12013894278 
0019000032 (0078000031) : 19780.84351364575 
0069000033 (0019000032) : 20693.277411347295 
0033000034 (0069000033) : 21963.70948384161 
0063000035 (0033000034) : 22040.19041643793 
0037000036 (0063000035) : 22824.265517037547 
0011000037 (0037000036) : 25378.877462674533 
0029000038 (0011000037) : 25960.628205410274 
0055000039 (0029000038) : 26615.25281565464 
0033000040 (0055000039) : 26761.775893836402 
0021000041 (0033000040) : 27546.359072747917 
0085000042 (0021000041) : 28056.42123679327 
0091000043 (0085000042) : 28601.860004424474 
0007000044 (0091000043) : 29084.421136912628 
0090000045 (0007000044) : 29172.999168653198 
0021000046 (0090000045) : 29552.06481039469 
0066000047 (0021000046) : 30376.941721706684 
0089000048 (0066000047) : 30599.786112559446 
0098000049 (0089000048) : 30635.1976246487 
0066000050 (0098000049) : 30768.233043634944 
0097000051 (0066000050) : 31915.803836800045 
0092000052 (0097000051) : 31994.000145188398 
0041000053 (0092000052) : 34912.929463592794 
0058000054 (0041000053) : 34923.6091361519 
0048000055 (0058000054) : 37916.36531199764 
0044000056 (0048000055) : 38527.45733743689 
0005000057 (0044000056) : 38720.64091499649 
0088000058 (0005000057) : 40394.507230574076 
0037000059 (0088000058) : 40507.79577281732 
0041000060 (0037000059) : 41131.83480763627 
0021000061 (0041000060) : 42131.395949555575 
0047000062 (0021000061) : 43516.628084875054 
0041000063 (0047000062) : 44234.879037047096 
0013000064 (0041000063) : 45880.16352740889 
0046000065 (0013000064) : 46171.63449853012 
0017000066 (0046000065) : 46389.42836080193 
0099000067 (0017000066) : 46479.81226647234 
0071000068 (0099000067) : 46669.55726331061 
0021000069 (0071000068) : 48345.07744424939 
0022000070 (0021000069) : 49075.543250264775 
0025000071 (0022000070) : 49105.87934679166 
0084000072 (0025000071) : 49178.86399718305 
0064000073 (0084000072) : 49723.989038494125 
0050000074 (0064000073) : 50321.36236633368 
0054000075 (0050000074) : 51366.1549095564 
0099000076 (0054000075) : 51582.53034222488 
0021000077 (0099000076) : 51621.3453646616 
0062000078 (0021000077) : 52430.783008254686 
0096000079 (0062000078) : 53021.7598719315 
0005000080 (0096000079) : 54376.204662386044 
0021000081 (0005000080) : 54425.1831204438 
0044000082 (0021000081) : 54548.74100417975 
0084000083 (0044000082) : 55107.882086364116 
0080000084 (0084000083) : 56047.870746412096 
0058000085 (0080000084) : 56357.80375925778 
0087000086 (0058000085) : 56916.46038339307 
0071000087 (0087000086) : 58484.597127163885 
0015000088 (0071000087) : 59376.654267549304 
0038000089 (0015000088) : 60878.16986499806 
0004000090 (0038000089) : 61962.88925548542 
0089000091 (0004000090) : 62375.32871442489 
0051000092 (0089000091) : 63022.0784220119 
0062000093 (0051000092) : 63249.98485883215 
0042000094 (0062000093) : 63619.68419375564 
0072000095 (0042000094) : 63749.0752661653 
0049000096 (0072000095) : 63902.61247358022 
0026000097 (0049000096) : 65071.98940045198 
0092000098 (0026000097) : 66339.8532787518 
0065000099 (0092000098) : 67155.18730000775 
0029000100 (0065000099) : 67215.22328775433 
0063000101 (0029000100) : 67390.45677560018 
0036000102 (0063000101) : 67811.78753169687 
0096000103 (0036000102) : 68059.75000592278 
0067000104 (0096000103) : 68902.46955262532 
0022000105 (0067000104) : 69385.60463479042 
0040000106 (0022000105) : 69530.95035376558 
0078000107 (0040000106) : 70276.02927994335 
0021000108 (0078000107) : 70496.12256471199 
0088000109 (0021000108) : 71972.9781367175 
0028000110 (0088000109) : 73752.51301980259 
0045000111 (0028000110) : 75327.40039620535 
0034000112 (0045000111) : 76863.49840541746 
0092000113 (0034000112) : 77324.06411534788 
0088000114 (0092000113) : 77721.22950165815 
0061000115 (0088000114) : 79515.00231905772 
0048000116 (0061000115) : 80439.57242962006 
0020000117 (0048000116) : 80910.20208596086 
0021000118 (0020000117) : 82504.65083502096 
0013000119 (0021000118) : 83303.67126930405 
0064000120 (0013000119) : 83967.06520758368 
0018000121 (0064000120) : 84127.77401397072 
0021000122 (0018000121) : 84555.67658878899 
0097000123 (0021000122) : 84676.07306660907 
0041000124 (0097000123) : 85007.73573491797 
0006000125 (0041000124) : 85513.151705737 
0089000126 (0006000125) : 86993.14922947006 
0053000127 (0089000126) : 87613.37347139488 
0004000128 (0053000127) : 88318.87097182809 
0023000129 (0004000128) : 88800.20928878088 
0051000130 (0023000129) : 89760.83258948333 
0090000131 (0051000130) : 90432.58779142179 
0063000132 (0090000131) : 90437.20013928306 
0000000133 (0063000132) : 91070.61012209456 
0065000134 (0000000133) : 91438.67002304044 
0052000135 (0065000134) : 92129.54726715764 
0088000136 (0052000135) : 94029.18161014027 
0023000137 (0088000136) : 94588.74059598366 
0021000138 (0023000137) : 97155.63318127046 
0086000139 (0021000138) : 97592.31607580741 
0082000140 (0086000139) : 98286.14164943396 
0086000141 (0082000140) : 98644.62649771976 
