0000000000 (genesis block) : 0 
0015000001 (0000000000) : 100.87437883444791 
0021000002 (0015000001) : 856.8868647597785 
0082000003 (0021000002) : 924.0278122466367 
0079000004 (0082000003) : 2228.7416378188123 
0075000005 (0079000004) : 2687.16907805472 
0047000006 (0075000005) : 4119.941323198634 
0070000007 (0047000006) : 4701.970837939745 
0021000008 (0070000007) : 4969.0964425136035 
0089000009 (0021000008) : 5004.812361376319 
0021000010 (0089000009) : 5074.625535707173 
0059000011 (0021000010) : 5508.722843450558 
0056000012 (0059000011) : 5830.1156501877895 
0047000013 (0056000012) : 6541.519042466751 
0008000014 (0047000013) : 7043.517090205758 
0053000015 (0008000014) : 7862.735722516094 
0094000016 (0053000015) : 7899.712092036089 
0000000017 (0094000016) : 7985.701037478351 
0055000018 (0000000017) : 8235.509583936526 
0088000019 (0055000018) : 9211.636380689168 
0040000020 (0088000019) : 9731.696352813518 
0017000021 (0040000020) : 9736.90915786425 
0037000022 (0017000021) : 11640.181115111667 
0006000023 (0037000022) : 13138.831521588518 
0092000024 (0006000023) : 13556.500570159558 
0093000025 (0092000024) : 13620.413721140943 
0079000026 (0093000025) : 13754.13254309752 
0069000027 (0079000026) : 13922.025505721898 
0058000028 (0069000027) : 15692.525868829074 
0079000029 (0058000028) : 15987.296271033725 
0092000030 (0079000029) : 17256.153376914528 
0078000031 (0092000030) : 19036.43991310551 
0019000032 (0078000031) : 19780.651106517213 
0069000033 (0019000032) : 20693.16584132975 
0033000034 (0069000033) : 21963.292900425335 
0063000035 (0033000034) : 22040.17697816578 
0037000036 (0063000035) : 22823.97613525338 
0011000037 (0037000036) : 25378.965215917844 
0029000038 (0011000037) : 25960.601818082152 
0055000039 (0029000038) : 26615.32881684185 
0033000040 (0055000039) : 26761.3573294141 
0021000041 (0033000040) : 27546.759036416563 
0085000042 (0021000041) : 28056.18694065496 
0091000043 (0085000042) : 28601.83747285035 
0007000044 (0091000043) : 29084.407915440424 
0090000045 (0007000044) : 29173.188828323015 
0021000046 (0090000045) : 29552.463298707604 
0066000047 (0021000046) : 30377.029093434372 
0089000048 (0066000047) : 30599.713284506448 
0098000049 (0089000048) : 30635.41560969426 
0066000050 (0098000049) : 30768.323199560833 
0097000051 (0066000050) : 31915.857000527627 
0092000052 (0097000051) : 31994.10203799989 
0041000053 (0092000052) : 34913.01394551198 
0058000054 (0041000053) : 34923.601033647166 
0048000055 (0058000054) : 37916.079358694515 
0044000056 (0048000055) : 38528.054886796745 
0005000057 (0044000056) : 38720.96311998396 
0088000058 (0005000057) : 40394.985527081626 
0037000059 (0088000058) : 40507.507773654404 
0041000060 (0037000059) : 41131.92083017841 
0021000061 (0041000060) : 42131.79294069044 
0047000062 (0021000061) : 43516.93047044482 
0041000063 (0047000062) : 44234.969207649934 
0013000064 (0041000063) : 45880.26065440826 
0046000065 (0013000064) : 46171.86651005893 
0017000066 (0046000065) : 46389.4121651522 
0099000067 (0017000066) : 46480.118876853456 
0071000068 (0099000067) : 46670.00910691818 
0021000069 (0071000068) : 48345.47365336663 
0022000070 (0021000069) : 49075.56827790141 
0025000071 (0022000070) : 49105.84757283839 
0084000072 (0025000071) : 49179.445921092796 
0064000073 (0084000072) : 49724.025075434656 
0050000074 (0064000073) : 50321.346723030045 
0054000075 (0050000074) : 51366.17179689257 
0099000076 (0054000075) : 51582.831425377866 
0021000077 (0099000076) : 51621.745571745036 
0062000078 (0021000077) : 52431.14138127729 
0096000079 (0062000078) : 53021.81439242292 
0005000080 (0096000079) : 54376.52616405048 
0021000081 (0005000080) : 54425.57808669255 
0044000082 (0021000081) : 54549.334945352646 
0084000083 (0044000082) : 55108.46232773981 
0080000084 (0084000083) : 56048.31516527187 
0058000085 (0080000084) : 56357.7961303209 
0087000086 (0058000085) : 56916.452907661784 
0071000087 (0087000086) : 58485.04261654971 
0015000088 (0071000087) : 59376.54496150077 
0038000089 (0015000088) : 60878.79683921516 
0004000090 (0038000089) : 61962.981420685996 
0089000091 (0004000090) : 62375.25199707146 
0051000092 (0089000091) : 63022.436820144656 
0062000093 (0051000092) : 63250.34217523979 
0042000094 (0062000093) : 63620.03098710966 
0072000095 (0042000094) : 63749.54947429389 
0049000096 (0072000095) : 63902.890075057694 
0026000097 (0049000096) : 65071.98314502141 
0092000098 (0026000097) : 66339.9516614647 
0065000099 (0092000098) : 67155.48196567952 
0029000100 (0065000099) : 67215.19349980296 
0063000101 (0029000100) : 67390.44378293527 
0036000102 (0063000101) : 67811.67844810785 
0096000103 (0036000102) : 68059.80507123236 
0067000104 (0096000103) : 68902.56849319398 
0022000105 (0067000104) : 69385.62792924372 
0040000106 (0022000105) : 69531.14421114414 
0078000107 (0040000106) : 70276.35498485707 
0021000108 (0078000107) : 70496.52640546016 
0088000109 (0021000108) : 71973.45584284815 
0028000110 (0088000109) : 73752.57061277749 
0045000111 (0028000110) : 75327.60139598192 
0034000112 (0045000111) : 76863.48703191502 
0092000113 (0034000112) : 77324.17353477479 
0088000114 (0092000113) : 77721.70374863652 
0061000115 (0088000114) : 79515.18559515185 
0048000116 (0061000115) : 80439.28723356329 
0020000117 (0048000116) : 80910.29300576115 
0021000118 (0020000117) : 82505.05040633635 
0013000119 (0021000118) : 83303.77102426002 
0064000120 (0013000119) : 83967.10048160363 
0018000121 (0064000120) : 84127.53444187566 
0021000122 (0018000121) : 84556.0777790098 
0097000123 (0021000122) : 84676.13099253707 
0041000124 (0097000123) : 85007.82323976596 
0006000125 (0041000124) : 85512.92579507563 
0089000126 (0006000125) : 86993.07998641153 
0053000127 (0089000126) : 87613.59516653173 
0004000128 (0053000127) : 88318.9656636863 
0023000129 (0004000128) : 88799.58233954717 
0051000130 (0023000129) : 89761.18751802477 
0090000131 (0051000130) : 90432.77588435085 
0063000132 (0090000131) : 90437.18705065403 
0000000133 (0063000132) : 91070.63169984618 
0065000134 (0000000133) : 91438.96509093135 
0052000135 (0065000134) : 92129.53431686925 
0088000136 (0052000135) : 94029.65942751343 
0023000137 (0088000136) : 94588.10945953183 
0021000138 (0023000137) : 97156.03160312647 
0086000139 (0021000138) : 97592.30597024552 
0082000140 (0086000139) : 98286.52788578054 
0086000141 (0082000140) : 98644.61630811331 
