0000000000 (genesis block) : 0 
0015000001 (0000000000) : 100.957342844316 
0021000002 (0015000001) : 856.5040845514961 
0082000003 (0021000002) : 923.6525617383711 
0079000004 (0082000003) : 2228.8334743956943 
0075000005 (0079000004) : 2687.2756507003796 
0047000006 (0075000005) : 4119.650855500323 
0070000007 (0047000006) : 4702.142544127892 
0021000008 (0070000007) : 4968.710977920117 
0089000009 (0021000008) : 5004.871377144665 
0021000010 (0089000009) : 5074.243674399705 
0059000011 (0021000010) : 5508.681735171466 
0056000012 (0059000011) : 5830.24416040637 
0047000013 (0056000012) : 6541.233376297305 
0008000014 (0047000013) : 7043.3320127327415 
0053000015 (0008000014) : 7862.529164312294 
0094000016 (0053000015) : 7899.868745184195 
0000000017 (0094000016) : 7985.65878754047 
0055000018 (0000000017) : 8235.449832970715 
0088000019 (0055000018) : 9211.176037285952 
0040000020 (0088000019) : 9731.526138132664 
0017000021 (0040000020) : 9736.93979578672 
0037000022 (0017000021) : 11640.452292892656 
0006000023 (0037000022) : 13139.043120717435 
0092000024 (0006000023) : 13556.383520438134 
0093000025 (0092000024) : 13620.485886130435 
0079000026 (0093000025) : 13754.229379319058 
0069000027 (0079000026) : 13922.120064655906 
0058000028 (0069000027) : 15692.551454966253 
0079000029 (0058000028) : 15987.39443228823 
0092000030 (0079000029) : 17256.03879696423 
0078000031 (0092000030) : 19036.10394222166 
0019000032 (0078000031) : 19780.85925084376 
0069000033 (0019000032) : 20693.261690334755 
0033000034 (0069000033) : 21963.69422108474 
0063000035 (0033000034) : 22040.20833840511 
0037000036 (0063000035) : 22824.245963868383 
0011000037 (0037000036) : 25378.89284204662 
0029000038 (0011000037) : 25960.620769596168 
0055000039 (0029000038) : 26615.268108523633 
0033000040 (0055000039) : 26761.7604136185 
0021000041 (0033000040) : 27546.374710063996 
0085000042 (0021000041) : 28056.439637403328 
0091000043 (0085000042) : 28601.875748631985 
0007000044 (0091000043) : 29084.441760140253 
0090000045 (0007000044) : 29173.014520029163 
0021000046 (0090000045) : 29552.08089807656 
0066000047 (0021000046) : 30376.95705005064 
0089000048 (0066000047) : 30599.77019433893 
0098000049 (0089000048) : 30635.213432519467 
0066000050 (0098000049) : 30768.24848350523 
0097000051 (0066000050) : 31915.819830483066 
0092000052 (0097000051) : 31993.989602325506 
0041000053 (0092000052) : 34912.92108120677 
0058000054 (0041000053) : 34923.62693337857 
0048000055 (0058000054) : 37916.34996404134 
0044000056 (0048000055) : 38527.441566343994 
0005000057 (0044000056) : 38720.65644875303 
0088000058 (0005000057) : 40394.52363168704 
0037000059 (0088000058) : 40507.779756984666 
0041000060 (0037000059) : 41131.82678140364 
0021000061 (0041000060) : 42131.41121708617 
0047000062 (0021000061) : 43516.64495932237 
0041000063 (0047000062) : 44234.87145179354 
0013000064 (0041000063) : 45880.148191083055 
0046000065 (0013000064) : 46171.649962569325 
0017000066 (0046000065) : 46389.44385439842 
0099000067 (0017000066) : 46479.82765632857 
0071000068 (0099000067) : 46669.57300943292 
0021000069 (0071000068) : 48345.093520021095 
0022000070 (0021000069) : 49075.52756059292 
0025000071 (0022000070) : 49105.89464347372 
0084000072 (0025000071) : 49178.84873794253 
0064000073 (0084000072) : 49724.00486777828 
0050000074 (0064000073) : 50321.37803099603 
0054000075 (0050000074) : 51366.13923836943 
0099000076 (0054000075) : 51582.5462250509 
0021000077 (0099000076) : 51621.36077033768 
0062000078 (0021000077) : 52430.79902378651 
0096000079 (0062000078) : 53021.743464996565 
0005000080 (0096000079) : 54376.21995479995 
0021000081 (0005000080) : 54425.19849796406 
0044000082 (0021000081) : 54548.725016461256 
0084000083 (0044000082) : 55107.86575137097 
0080000084 (0084000083) : 56047.88718094917 
0058000085 (0080000084) : 56357.82032795231 
0087000086 (0058000085) : 56916.476585433564 
0071000087 (0087000086) : 58484.61326598834 
0015000088 (0071000087) : 59376.63872842682 
0038000089 (0015000088) : 60878.1851751841 
0004000090 (0038000089) : 61962.87350708573 
0089000091 (0004000090) : 62375.31331057763 
0051000092 (0089000091) : 63022.09503455389 
0062000093 (0051000092) : 63250.00096335068 
0042000094 (0062000093) : 63619.70027175857 
0072000095 (0042000094) : 63749.09156926446 
0049000096 (0072000095) : 63902.59631655796 
0026000097 (0049000096) : 65072.00712642712 
0092000098 (0026000097) : 66339.83795020569 
0065000099 (0092000098) : 67155.20331062921 
0029000100 (0065000099) : 67215.21407413996 
0063000101 (0029000100) : 67390.4721414589 
0036000102 (0063000101) : 67811.77217162207 
0096000103 (0036000102) : 68059.7335765487 
0067000104 (0096000103) : 68902.48498508972 
0022000105 (0067000104) : 69385.58291853535 
0040000106 (0022000105) : 69530.9665935082 
0078000107 (0040000106) : 70276.01340424005 
0021000108 (0078000107) : 70496.13973093183 
0088000109 (0021000108) : 71972.99391086104 
0028000110 (0088000109) : 73752.52847452273 
0045000111 (0028000110) : 75327.41573608064 
0034000112 (0045000111) : 76863.51468457362 
0092000113 (0034000112) : 77324.0537055034 
0088000114 (0092000113) : 77721.24491450598 
0061000115 (0088000114) : 79515.01781395805 
0048000116 (0061000115) : 80439.55485146819 
0020000117 (0048000116) : 80910.18648308278 
0021000118 (0020000117) : 82504.66734220614 
0013000119 (0021000118) : 83303.65535540858 
0064000120 (0013000119) : 83967.08075190586 
0018000121 (0064000120) : 84127.75861603269 
0021000122 (0018000121) : 84555.69313033723 
0097000123 (0021000122) : 84676.088530896 
0041000124 (0097000123) : 85007.72655745817 
0006000125 (0041000124) : 85513.13485812851 
0089000126 (0006000125) : 86993.13307861704 
0053000127 (0089000126) : 87613.38901378498 
0004000128 (0053000127) : 88318.85399078418 
0023000129 (0004000128) : 88800.19286589039 
0051000130 (0023000129) : 89760.84809816034 
0090000131 (0051000130) : 90432.60387463462 
0063000132 (0090000131) : 90437.21585436071 
0000000133 (0063000132) : 91070.59392865167 
0065000134 (0000000133) : 91438.68717889223 
0052000135 (0065000134) : 92129.56367376457 
0088000136 (0052000135) : 94029.19699507397 
0023000137 (0088000136) : 94588.72144953485 
0021000138 (0023000137) : 97155.64921900665 
0086000139 (0021000138) : 97592.33265373857 
0082000140 (0086000139) : 98286.15747582616 
0086000141 (0082000140) : 98644.64278981669 
