0000000000 (genesis block) : 0 
0015000001 (0000000000) : 100.76638939163477 
0021000002 (0015000001) : 856.7829724570687 
0082000003 (0021000002) : 923.9244961623152 
0079000004 (0082000003) : 2228.633560100901 
0075000005 (0079000004) : 2687.0659127203935 
0047000006 (0075000005) : 4119.949841423946 
0070000007 (0047000006) : 4701.867567373964 
0021000008 (0070000007) : 4968.992206254401 
0089000009 (0021000008) : 5004.727871761552 
0021000010 (0089000009) : 5074.522341828306 
0059000011 (0021000010) : 5508.7989336868095 
0056000012 (0059000011) : 5830.01298199366 
0047000013 (0056000012) : 6541.530501724275 
0008000014 (0047000013) : 7043.593323400652 
0053000015 (0008000014) : 7862.630724197448 
0094000016 (0053000015) : 7899.816012039942 
0000000017 (0094000016) : 7985.694228186946 
0055000018 (0000000017) : 8235.615824828175 
0088000019 (0055000018) : 9211.532760615213 
0040000020 (0088000019) : 9731.70644313733 
0017000021 (0040000020) : 9736.995737607744 
0037000022 (0017000021) : 11640.078386219164 
0006000023 (0037000022) : 13138.865712006294 
0092000024 (0006000023) : 13556.396881089293 
0093000025 (0092000024) : 13620.310779444291 
0079000026 (0093000025) : 13754.029585750235 
0069000027 (0079000026) : 13921.921970097985 
0058000028 (0069000027) : 15692.422984287265 
0079000029 (0058000028) : 15987.191378243873 
0092000030 (0079000029) : 17256.04976282319 
0078000031 (0092000030) : 19036.33700230151 
0019000032 (0078000031) : 19780.754054526355 
0069000033 (0019000032) : 20693.06257011958 
0033000034 (0069000033) : 21963.18929788819 
0063000035 (0033000034) : 22040.280316152213 
0037000036 (0063000035) : 22823.8734102237 
0011000037 (0037000036) : 25378.861451299206 
0029000038 (0011000037) : 25960.498518995595 
0055000039 (0029000038) : 26615.432328558807 
0033000040 (0055000039) : 26761.25297406312 
0021000041 (0033000040) : 27546.655800944915 
0085000042 (0021000041) : 28056.082835664314 
0091000043 (0085000042) : 28601.734813601994 
0007000044 (0091000043) : 29084.51215311832 
0090000045 (0007000044) : 29173.087890353127 
0021000046 (0090000045) : 29552.358227427965 
0066000047 (0021000046) : 30376.926218513174 
0089000048 (0066000047) : 30599.625943592382 
0098000049 (0089000048) : 30635.311021713835 
0066000050 (0098000049) : 30768.219557073055 
0097000051 (0066000050) : 31915.75433216272 
0092000052 (0097000051) : 31993.99868901627 
0041000053 (0092000052) : 34912.95352842939 
0058000054 (0041000053) : 34923.49719733107 
0048000055 (0058000054) : 37915.97568586303 
0044000056 (0048000055) : 38527.95114255402 
0005000057 (0044000056) : 38720.87893562605 
0088000058 (0005000057) : 40394.88260079685 
0037000059 (0088000058) : 40507.40324343663 
0041000060 (0037000059) : 41131.85833001015 
0021000061 (0041000060) : 42131.6882071601 
0047000062 (0021000061) : 43516.94277434544 
0041000063 (0047000062) : 44234.905375736416 
0013000064 (0041000063) : 45880.157097045565 
0046000065 (0013000064) : 46171.81558659718 
0017000066 (0046000065) : 46389.5003907817 
0099000067 (0017000066) : 46480.12182201601 
0071000068 (0099000067) : 46669.9057323961 
0021000069 (0071000068) : 48345.370804591475 
0022000070 (0021000069) : 49075.6437751688 
0025000071 (0022000070) : 49105.76135187663 
0084000072 (0025000071) : 49179.354788781515 
0064000073 (0084000072) : 49724.03304110313 
0050000074 (0064000073) : 50321.43348576341 
0054000075 (0050000074) : 51366.0690316979 
0099000076 (0054000075) : 51582.844636888076 
0021000077 (0099000076) : 51621.63838683184 
0062000078 (0021000077) : 52431.16131518112 
0096000079 (0062000078) : 53021.88356749981 
0005000080 (0096000079) : 54376.445066114626 
0021000081 (0005000080) : 54425.47509902726 
0044000082 (0021000081) : 54549.23219659111 
0084000083 (0044000082) : 55108.37350775747 
0080000084 (0084000083) : 56048.21126151646 
0058000085 (0080000084) : 56357.69346172766 
0087000086 (0058000085) : 56916.349558077054 
0071000087 (0087000086) : 58484.93897269353 
0015000088 (0071000087) : 59376.44208512605 
0038000089 (0015000088) : 60878.693978650765 
0004000090 (0038000089) : 61962.878336592956 
0089000091 (0004000090) : 62375.17014138391 
0051000092 (0089000091) : 63022.539914329354 
0062000093 (0051000092) : 63250.3579768571 
0042000094 (0062000093) : 63619.928166172605 
0072000095 (0042000094) : 63749.445125486876 
0049000096 (0072000095) : 63902.78714715798 
0026000097 (0049000096) : 65071.87881670035 
0092000098 (0026000097) : 66339.84705596021 
0065000099 (0092000098) : 67155.51720641955 
0029000100 (0065000099) : 67215.09004937971 
0063000101 (0029000100) : 67390.54905581447 
0036000102 (0063000101) : 67811.57203286381 
0096000103 (0036000102) : 68059.87779136648 
0067000104 (0096000103) : 68902.46551561807 
0022000105 (0067000104) : 69385.70043304797 
0040000106 (0022000105) : 69531.15219839668 
0078000107 (0040000106) : 70276.25212262922 
0021000108 (0078000107) : 70496.42351044943 
0088000109 (0021000108) : 71973.35056377211 
0028000110 (0088000109) : 73752.46748240886 
0045000111 (0028000110) : 75327.55369578044 
0034000112 (0045000111) : 76863.59087005442 
0092000113 (0034000112) : 77324.07003206034 
0088000114 (0092000113) : 77721.60063949476 
0061000115 (0088000114) : 79515.28948707375 
0048000116 (0061000115) : 80439.18165058071 
0020000117 (0048000116) : 80910.18978502673 
0021000118 (0020000117) : 82504.94758336531 
0013000119 (0021000118) : 83303.6656326474 
0064000120 (0013000119) : 83967.10871639565 
0018000121 (0064000120) : 84127.43168860383 
0021000122 (0018000121) : 84555.97445733889 
0097000123 (0021000122) : 84676.025843518 
0041000124 (0097000123) : 85007.76321072604 
0006000125 (0041000124) : 85512.96113393521 
0089000126 (0006000125) : 86992.99595782622 
0053000127 (0089000126) : 87613.49242698387 
0004000128 (0053000127) : 88318.86253026302 
0023000129 (0004000128) : 88799.6859868661 
0051000130 (0023000129) : 89761.29032483276 
0090000131 (0051000130) : 90432.67263517847 
0063000132 (0090000131) : 90437.2912654293 
0000000133 (0063000132) : 91070.62503199147 
0065000134 (0000000133) : 91439.00052567192 
0052000135 (0065000134) : 92129.59112399996 
0088000136 (0052000135) : 94029.5558756803 
0023000137 (0088000136) : 94588.21286717421 
0021000138 (0023000137) : 97155.92801151477 
0086000139 (0021000138) : 97592.28791779657 
0082000140 (0086000139) : 98286.42472274385 
0086000141 (0082000140) : 98644.59697382341 
