0000000000 (genesis block) : 0 
0015000001 (0000000000) : 101.02052164693046 
0021000002 (0015000001) : 856.762631195064 
0082000003 (0021000002) : 924.0673144132166 
0079000004 (0082000003) : 2228.928602468749 
0075000005 (0079000004) : 2687.0435541669776 
0047000006 (0075000005) : 4119.8319549926255 
0070000007 (0047000006) : 4701.923185866235 
0021000008 (0070000007) : 4968.970101612573 
0089000009 (0021000008) : 5004.9351911738095 
0021000010 (0089000009) : 5074.497984336311 
0059000011 (0021000010) : 5508.745519120383 
0056000012 (0059000011) : 5830.30647554772 
0047000013 (0056000012) : 6541.410233960172 
0008000014 (0047000013) : 7043.510712079166 
0053000015 (0008000014) : 7862.918761969412 
0094000016 (0053000015) : 7900.182238256751 
0000000017 (0094000016) : 7985.721487119889 
0055000018 (0000000017) : 8235.878885628948 
0088000019 (0055000018) : 9211.566771630569 
0040000020 (0088000019) : 9731.519767125366 
0017000021 (0040000020) : 9736.721329697688 
0037000022 (0017000021) : 11640.540768764482 
0006000023 (0037000022) : 13139.104170093195 
0092000024 (0006000023) : 13556.469903934803 
0093000025 (0092000024) : 13620.473883752016 
0079000026 (0093000025) : 13754.325057737758 
0069000027 (0079000026) : 13922.214464105286 
0058000028 (0069000027) : 15692.655838674546 
0079000029 (0058000028) : 15987.48881716807 
0092000030 (0079000029) : 17256.121085822597 
0078000031 (0092000030) : 19036.26135593432 
0019000032 (0078000031) : 19780.967030005686 
0069000033 (0019000032) : 20693.357108340606 
0033000034 (0069000033) : 21963.787731924876 
0063000035 (0033000034) : 22040.54735066884 
0037000036 (0063000035) : 22824.34008909243 
0011000037 (0037000036) : 25379.038765205692 
0029000038 (0011000037) : 25960.746234534097 
0055000039 (0029000038) : 26615.69491358885 
0033000040 (0055000039) : 26761.85247833782 
0021000041 (0033000040) : 27546.630793793465 
0085000042 (0021000041) : 28056.310174337636 
0091000043 (0085000042) : 28601.76381741163 
0007000044 (0091000043) : 29084.434267562126 
0090000045 (0007000044) : 29173.11188237222 
0021000046 (0090000045) : 29552.33180960965 
0066000047 (0021000046) : 30376.866966742917 
0089000048 (0066000047) : 30599.83366363882 
0098000049 (0089000048) : 30635.58726110174 
0066000050 (0098000049) : 30768.158851845987 
0097000051 (0066000050) : 31915.85755287753 
0092000052 (0097000051) : 31994.07517668935 
0041000053 (0092000052) : 34912.62968967449 
0058000054 (0041000053) : 34923.72656076084 
0048000055 (0058000054) : 37916.25872781526 
0044000056 (0048000055) : 38528.036729802305 
0005000057 (0044000056) : 38721.04912385852 
0088000058 (0005000057) : 40394.91277627362 
0037000059 (0088000058) : 40507.86498970647 
0041000060 (0037000059) : 41131.53695172468 
0021000061 (0041000060) : 42131.665434200186 
0047000062 (0021000061) : 43516.82618440597 
0041000063 (0047000062) : 44234.57941875047 
0013000064 (0041000063) : 45880.30431818223 
0046000065 (0013000064) : 46171.689080934106 
0017000066 (0046000065) : 46389.23192261583 
0099000067 (0017000066) : 46480.00779986773 
0071000068 (0099000067) : 46669.84469111563 
0021000069 (0071000068) : 48345.34977846163 
0022000070 (0021000069) : 49075.59255092999 
0025000071 (0022000070) : 49105.8700008126 
0084000072 (0025000071) : 49179.36468673843 
0064000073 (0084000072) : 49724.10084324987 
0050000074 (0064000073) : 50321.45825705251 
0054000075 (0050000074) : 51366.238680653034 
0099000076 (0054000075) : 51582.725439894035 
0021000077 (0099000076) : 51621.61817622004 
0062000078 (0021000077) : 52430.98092638581 
0096000079 (0062000078) : 53021.811531572785 
0005000080 (0096000079) : 54376.610516242275 
0021000081 (0005000080) : 54425.45484450534 
0044000082 (0021000081) : 54549.320731246306 
0084000083 (0044000082) : 55108.383444651656 
0080000084 (0084000083) : 56048.29833691099 
0058000085 (0080000084) : 56357.924262037945 
0087000086 (0058000085) : 56916.5777549043 
0071000087 (0087000086) : 58484.88444379931 
0015000088 (0071000087) : 59376.70251326599 
0038000089 (0015000088) : 60878.780429263905 
0004000090 (0038000089) : 61962.55168700294 
0089000091 (0004000090) : 62375.372553689114 
0051000092 (0089000091) : 63022.38657975495 
0062000093 (0051000092) : 63250.18295081566 
0042000094 (0062000093) : 63619.963257196556 
0072000095 (0042000094) : 63749.500288182026 
0049000096 (0072000095) : 63903.036851540855 
0026000097 (0049000096) : 65072.1076287718 
0092000098 (0026000097) : 66339.92135101007 
0065000099 (0092000098) : 67155.4022716713 
0029000100 (0065000099) : 67215.33990381565 
0063000101 (0029000100) : 67390.81643272872 
0036000102 (0063000101) : 67811.94821809402 
0096000103 (0036000102) : 68059.79814406404 
0067000104 (0096000103) : 68902.5202603131 
0022000105 (0067000104) : 69385.64824940464 
0040000106 (0022000105) : 69530.96467817215 
0078000107 (0040000106) : 70276.16865396686 
0021000108 (0078000107) : 70496.39618926046 
0088000109 (0021000108) : 71973.38265534453 
0028000110 (0088000109) : 73752.52332473987 
0045000111 (0028000110) : 75327.2501169264 
0034000112 (0045000111) : 76863.65924116482 
0092000113 (0034000112) : 77324.13847588249 
0088000114 (0092000113) : 77721.63026838354 
0061000115 (0088000114) : 79515.31320266503 
0048000116 (0061000115) : 80439.46119918088 
0020000117 (0048000116) : 80909.5932997192 
0021000118 (0020000117) : 82504.92714161881 
0013000119 (0021000118) : 83303.81431273482 
0064000120 (0013000119) : 83967.17935551012 
0018000121 (0064000120) : 84127.48770174233 
0021000122 (0018000121) : 84555.94885855666 
0097000123 (0021000122) : 84676.1255160162 
0041000124 (0097000123) : 85007.43630109847 
0006000125 (0041000124) : 85513.19930524421 
0089000126 (0006000125) : 86993.19587043294 
0053000127 (0089000126) : 87613.78053935022 
0004000128 (0053000127) : 88318.53736421149 
0023000129 (0004000128) : 88800.28245401228 
0051000130 (0023000129) : 89761.14257257928 
0090000131 (0051000130) : 90432.70412683547 
0063000132 (0090000131) : 90437.55640782535 
0000000133 (0063000132) : 91070.65705462235 
0065000134 (0000000133) : 91438.88555341578 
0052000135 (0065000134) : 92129.2598218117 
0088000136 (0052000135) : 94029.58824443188 
0023000137 (0088000136) : 94588.80965090553 
0021000138 (0023000137) : 97155.90677754438 
0086000139 (0021000138) : 97592.31493173142 
0082000140 (0086000139) : 98286.56716459464 
0086000141 (0082000140) : 98644.62563753418 
