0000000000 (genesis block) : 0 
0015000001 (0000000000) : 100.7873708762244 
0021000002 (0015000001) : 856.558195249778 
0082000003 (0021000002) : 923.9160003563883 
0079000004 (0082000003) : 2228.5534004321803 
0075000005 (0079000004) : 2687.1611041098736 
0047000006 (0075000005) : 4119.898488254897 
0070000007 (0047000006) : 4701.895961066246 
0021000008 (0070000007) : 4968.765208251733 
0089000009 (0021000008) : 5004.748057191761 
0021000010 (0089000009) : 5074.295295360416 
0059000011 (0021000010) : 5508.7156416627 
0056000012 (0059000011) : 5830.21908656449 
0047000013 (0056000012) : 6541.47952403828 
0008000014 (0047000013) : 7043.510753228286 
0053000015 (0008000014) : 7862.831410395512 
0094000016 (0053000015) : 7899.879169400901 
0000000017 (0094000016) : 7985.6498188168825 
0055000018 (0000000017) : 8235.840570425564 
0088000019 (0055000018) : 9211.438042307986 
0040000020 (0088000019) : 9731.557730888871 
0017000021 (0040000020) : 9736.940746066108 
0037000022 (0017000021) : 11640.172108637342 
0006000023 (0037000022) : 13138.931651567456 
0092000024 (0006000023) : 13556.168377432923 
0093000025 (0092000024) : 13620.225186680904 
0079000026 (0093000025) : 13753.948229711095 
0069000027 (0079000026) : 13921.839934530582 
0058000028 (0069000027) : 15692.337693139541 
0079000029 (0058000028) : 15987.112494430308 
0092000030 (0079000029) : 17255.82236164555 
0078000031 (0092000030) : 19036.111438030563 
0019000032 (0078000031) : 19780.9380160531 
0069000033 (0019000032) : 20692.980764829226 
0033000034 (0069000033) : 21963.41442122833 
0063000035 (0033000034) : 22040.507657076017 
0037000036 (0063000035) : 22823.965427022544 
0011000037 (0037000036) : 25378.77718318139 
0029000038 (0011000037) : 25960.41468346945 
0055000039 (0029000038) : 26615.65729769961 
0033000040 (0055000039) : 26761.480407579722 
0021000041 (0033000040) : 27546.43037689655 
0085000042 (0021000041) : 28056.178114365193 
0091000043 (0085000042) : 28601.83099209653 
0007000044 (0091000043) : 29084.66362867741 
0090000045 (0007000044) : 29173.00689710123 
0021000046 (0090000045) : 29552.13291357114 
0066000047 (0021000046) : 30376.839773478834 
0089000048 (0066000047) : 30599.652221868353 
0098000049 (0089000048) : 30635.399431481826 
0066000050 (0098000049) : 30768.130073680808 
0097000051 (0066000050) : 31915.82688746869 
0092000052 (0097000051) : 31993.773331198026 
0041000053 (0092000052) : 34912.9300463594 
0058000054 (0041000053) : 34923.410389668476 
0048000055 (0058000054) : 37916.0683442694 
0044000056 (0048000055) : 38527.87112218395 
0005000057 (0044000056) : 38720.7993220197 
0088000058 (0005000057) : 40394.78416307439 
0037000059 (0088000058) : 40507.49694490534 
0041000060 (0037000059) : 41131.8363112268 
0021000061 (0041000060) : 42131.463563189405 
0047000062 (0021000061) : 43516.891842777004 
0041000063 (0047000062) : 44234.8803941724 
0013000064 (0041000063) : 45879.93180559063 
0046000065 (0013000064) : 46171.72721882624 
0017000066 (0046000065) : 46389.44563665188 
0099000067 (0017000066) : 46480.07434533756 
0071000068 (0099000067) : 46669.70054801002 
0021000069 (0071000068) : 48345.14523409008 
0022000070 (0021000069) : 49075.56434648925 
0025000071 (0022000070) : 49105.72184878238 
0084000072 (0025000071) : 49179.27574875465 
0064000073 (0084000072) : 49723.99510485003 
0050000074 (0064000073) : 50321.37978778549 
0054000075 (0050000074) : 51365.98958405522 
0099000076 (0054000075) : 51582.79338456366 
0021000077 (0099000076) : 51621.412077243396 
0062000078 (0021000077) : 52431.10822651097 
0096000079 (0062000078) : 53021.80372396137 
0005000080 (0096000079) : 54376.36255946071 
0021000081 (0005000080) : 54425.24946738101 
0044000082 (0021000081) : 54549.15073288968 
0084000083 (0044000082) : 55108.292618236694 
0080000084 (0084000083) : 56048.14897251795 
0058000085 (0080000084) : 56357.607316337846 
0087000086 (0058000085) : 56916.26396512195 
0071000087 (0087000086) : 58484.73991793233 
0015000088 (0071000087) : 59376.46597289379 
0038000089 (0015000088) : 60878.610964498264 
0004000090 (0038000089) : 61962.88287576942 
0089000091 (0004000090) : 62375.19472336795 
0051000092 (0089000091) : 63022.514384399 
0062000093 (0051000092) : 63250.310139442445 
0042000094 (0062000093) : 63619.75390806401 
0072000095 (0042000094) : 63749.35225100007 
0049000096 (0072000095) : 63902.7045724909 
0026000097 (0049000096) : 65071.79324595642 
0092000098 (0026000097) : 66339.62226746362 
0065000099 (0092000098) : 67155.46570140545 
0029000100 (0065000099) : 67215.00718955602 
0063000101 (0029000100) : 67390.7753340671 
0036000102 (0063000101) : 67811.34481680546 
0096000103 (0036000102) : 68059.79545310869 
0067000104 (0096000103) : 68902.48975601867 
0022000105 (0067000104) : 69385.61841486976 
0040000106 (0022000105) : 69531.00250322158 
0078000107 (0040000106) : 70276.02243653566 
0021000108 (0078000107) : 70496.19208690256 
0088000109 (0021000108) : 71973.2540205499 
0028000110 (0088000109) : 73752.4941745064 
0045000111 (0028000110) : 75327.46605992873 
0034000112 (0045000111) : 76863.61292089596 
0092000113 (0034000112) : 77323.83872192173 
0088000114 (0092000113) : 77721.50479427793 
0061000115 (0088000114) : 79515.31180266247 
0048000116 (0061000115) : 80439.27409313616 
0020000117 (0048000116) : 80910.19557477666 
0021000118 (0020000117) : 82504.72037122036 
0013000119 (0021000118) : 83303.43856453842 
0064000120 (0013000119) : 83967.06712998169 
0018000121 (0064000120) : 84127.47865726594 
0021000122 (0018000121) : 84555.74662660559 
0097000123 (0021000122) : 84676.09866244518 
0041000124 (0097000123) : 85007.73642280053 
0006000125 (0041000124) : 85513.02946289 
0089000126 (0006000125) : 86993.01678152496 
0053000127 (0089000126) : 87613.69569796047 
0004000128 (0053000127) : 88318.86397402135 
0023000129 (0004000128) : 88799.91230821023 
0051000130 (0023000129) : 89761.26681811438 
0090000131 (0051000130) : 90432.5948145851 
0063000132 (0090000131) : 90437.51831442297 
0000000133 (0063000132) : 91070.58239303694 
0065000134 (0000000133) : 91438.94802515958 
0052000135 (0065000134) : 92129.59324005876 
0088000136 (0052000135) : 94029.46030115744 
0023000137 (0088000136) : 94588.43997610122 
0021000138 (0023000137) : 97155.70182164876 
0086000139 (0021000138) : 97592.3374299115 
0082000140 (0086000139) : 98286.42190539997 
0086000141 (0082000140) : 98644.64958629558 
