0000000000 (genesis block) : 0 
0015000001 (0000000000) : 100.68431445026806 
0021000002 (0015000001) : 856.733087865702 
0082000003 (0021000002) : 923.8374069373065 
0079000004 (0082000003) : 2228.581976852078 
0075000005 (0079000004) : 2686.983557125057 
0047000006 (0075000005) : 4119.865531065887 
0070000007 (0047000006) : 4701.925372846002 
0021000008 (0070000007) : 4968.941949122922 
0089000009 (0021000008) : 5004.644529693485 
0021000010 (0089000009) : 5074.470288335442 
0059000011 (0021000010) : 5508.748771574682 
0056000012 (0059000011) : 5830.041442988882 
0047000013 (0056000012) : 6541.443115398033 
0008000014 (0047000013) : 7043.54137916027 
0053000015 (0008000014) : 7862.656866141361 
0094000016 (0053000015) : 7899.898494228287 
0000000017 (0094000016) : 7985.610822627505 
0055000018 (0000000017) : 8235.699578449214 
0088000019 (0055000018) : 9211.450338642264 
0040000020 (0088000019) : 9731.623071590286 
0017000021 (0040000020) : 9736.910081850438 
0037000022 (0017000021) : 11640.027774019156 
0006000023 (0037000022) : 13138.815686729056 
0092000024 (0006000023) : 13556.346661464726 
0093000025 (0092000024) : 13620.260225522828 
0079000026 (0093000025) : 13753.98020331511 
0069000027 (0079000026) : 13921.868873458961 
0058000028 (0069000027) : 15692.372764012822 
0079000029 (0058000028) : 15987.141844148888 
0092000030 (0079000029) : 17255.997249681925 
0078000031 (0092000030) : 19036.28727527842 
0019000032 (0078000031) : 19780.83684173522 
0069000033 (0019000032) : 20693.01212922433 
0033000034 (0069000033) : 21963.27354986765 
0063000035 (0033000034) : 22040.364189698983 
0037000036 (0063000035) : 22823.822764765002 
0011000037 (0037000036) : 25378.81218634674 
0029000038 (0011000037) : 25960.44446436979 
0055000039 (0029000038) : 26615.51393530728 
0033000040 (0055000039) : 26761.335321624596 
0021000041 (0033000040) : 27546.607477301746 
0085000042 (0021000041) : 28055.99995115053 
0091000043 (0085000042) : 28601.653216401864 
0007000044 (0091000043) : 29084.595735196614 
0090000045 (0007000044) : 29173.025945926896 
0021000046 (0090000045) : 29552.307950333492 
0066000047 (0021000046) : 30376.87497516918 
0089000048 (0066000047) : 30599.54470604401 
0098000049 (0089000048) : 30635.224424904165 
0066000050 (0098000049) : 30768.166365901438 
0097000051 (0066000050) : 31915.672915636875 
0092000052 (0097000051) : 31993.9480770957 
0041000053 (0092000052) : 34912.87125924032 
0058000054 (0041000053) : 34923.44511167483 
0048000055 (0058000054) : 37915.893059564936 
0044000056 (0048000055) : 38527.90102339622 
0005000057 (0044000056) : 38720.82859397022 
0088000058 (0005000057) : 40394.80009314459 
0037000059 (0088000058) : 40507.352615015705 
0041000060 (0037000059) : 41131.77641704925 
0021000061 (0041000060) : 42131.638652882226 
0047000062 (0021000061) : 43516.859811179784 
0041000063 (0047000062) : 44234.82175446835 
0013000064 (0041000063) : 45880.10759194135 
0046000065 (0013000064) : 46171.792876350955 
0017000066 (0046000065) : 46389.418080126874 
0099000067 (0017000066) : 46480.039958023175 
0071000068 (0099000067) : 46669.81689576333 
0021000069 (0071000068) : 48345.320491226914 
0022000070 (0021000069) : 49075.59411627936 
0025000071 (0022000070) : 49105.67986902532 
0084000072 (0025000071) : 49179.305433478316 
0064000073 (0084000072) : 49723.95078002178 
0050000074 (0064000073) : 50321.35056736898 
0054000075 (0050000074) : 51366.01918272632 
0099000076 (0054000075) : 51582.761707976264 
0021000077 (0099000076) : 51621.58757301914 
0062000078 (0021000077) : 52431.07968340278 
0096000079 (0062000078) : 53021.83323375645 
0005000080 (0096000079) : 54376.39477475002 
0021000081 (0005000080) : 54425.425384755916 
0044000082 (0021000081) : 54549.18278404253 
0084000083 (0044000082) : 55108.32413577892 
0080000084 (0084000083) : 56048.12712696087 
0058000085 (0080000084) : 56357.643134676146 
0087000086 (0058000085) : 56916.29927704199 
0071000087 (0087000086) : 58484.856013041295 
0015000088 (0071000087) : 59376.360395596086 
0038000089 (0015000088) : 60878.640793326915 
0004000090 (0038000089) : 61962.793546677225 
0089000091 (0004000090) : 62375.08562590417 
0051000092 (0089000091) : 63022.4822531933 
0062000093 (0051000092) : 63250.27507628481 
0042000094 (0062000093) : 63619.92997062932 
0072000095 (0042000094) : 63749.36267346675 
0049000096 (0072000095) : 63902.7359750406 
0026000097 (0049000096) : 65071.82647256595 
0092000098 (0026000097) : 66339.79650294442 
0065000099 (0092000098) : 67155.4352117498 
0029000100 (0065000099) : 67215.03618345362 
0063000101 (0029000100) : 67390.63166319818 
0036000102 (0063000101) : 67811.5247163058 
0096000103 (0036000102) : 68059.82933187681 
0067000104 (0096000103) : 68902.3813976125 
0022000105 (0067000104) : 69385.64954558077 
0040000106 (0022000105) : 69531.06774138777 
0078000107 (0040000106) : 70276.20177354866 
0021000108 (0078000107) : 70496.37052536398 
0088000109 (0021000108) : 71973.26810354606 
0028000110 (0088000109) : 73752.5238131184 
0045000111 (0028000110) : 75327.49162069913 
0034000112 (0045000111) : 76863.58611526429 
0092000113 (0034000112) : 77324.02183865155 
0088000114 (0092000113) : 77721.51770305895 
0061000115 (0088000114) : 79515.25112046151 
0048000116 (0061000115) : 80439.09750101728 
0020000117 (0048000116) : 80910.10593608186 
0021000118 (0020000117) : 82504.8969373512 
0013000119 (0021000118) : 83303.61704828455 
0064000120 (0013000119) : 83967.02637174318 
0018000121 (0064000120) : 84127.50892858485 
0021000122 (0018000121) : 84555.92363964944 
0097000123 (0021000122) : 84675.94254800504 
0041000124 (0097000123) : 85007.68040111863 
0006000125 (0041000124) : 85512.90972277988 
0089000126 (0006000125) : 86992.91112063684 
0053000127 (0089000126) : 87613.51967964882 
0004000128 (0053000127) : 88318.77998363065 
0023000129 (0004000128) : 88799.76915636419 
0051000130 (0023000129) : 89761.2287990684 
0090000131 (0051000130) : 90432.61150892473 
0063000132 (0090000131) : 90437.3729104843 
0000000133 (0063000132) : 91070.54093695573 
0065000134 (0000000133) : 91438.91821590603 
0052000135 (0065000134) : 92129.50695714014 
0088000136 (0052000135) : 94029.47365037171 
0023000137 (0088000136) : 94588.29528308628 
0021000138 (0023000137) : 97155.87906978832 
0086000139 (0021000138) : 97592.20433304147 
0082000140 (0086000139) : 98286.34278872026 
0086000141 (0082000140) : 98644.5144072665 
