0000000000 (genesis block) : 0 
0015000001 (0000000000) : 100.9446349046643 
0021000002 (0015000001) : 856.7330300018285 
0082000003 (0021000002) : 923.8294973864486 
0079000004 (0082000003) : 2228.867814220818 
0075000005 (0079000004) : 2687.217014594894 
0047000006 (0075000005) : 4119.7548144580305 
0070000007 (0047000006) : 4701.691939383549 
0021000008 (0070000007) : 4968.934418628198 
0089000009 (0021000008) : 5004.904854867606 
0021000010 (0089000009) : 5074.467268973537 
0059000011 (0021000010) : 5508.832445576435 
0056000012 (0059000011) : 5829.841335325441 
0047000013 (0056000012) : 6541.3332632371175 
0008000014 (0047000013) : 7043.432754417537 
0053000015 (0008000014) : 7862.336490886229 
0094000016 (0053000015) : 7899.622193245093 
0000000017 (0094000016) : 7985.8726198055965 
0055000018 (0000000017) : 8235.7183720488 
0088000019 (0055000018) : 9211.45848898854 
0040000020 (0088000019) : 9731.485872427353 
0017000021 (0040000020) : 9736.956189468323 
0037000022 (0017000021) : 11640.489977315316 
0006000023 (0037000022) : 13139.088114986602 
0092000024 (0006000023) : 13556.432987488422 
0093000025 (0092000024) : 13620.639969218302 
0079000026 (0093000025) : 13754.267581931736 
0069000027 (0079000026) : 13922.035085647743 
0058000028 (0069000027) : 15692.619236800245 
0079000029 (0058000028) : 15987.428339864695 
0092000030 (0079000029) : 17256.086358036755 
0078000031 (0092000030) : 19036.616371743774 
0019000032 (0078000031) : 19780.96863725472 
0069000033 (0019000032) : 20693.17636284198 
0033000034 (0069000033) : 21963.734998185606 
0063000035 (0033000034) : 22040.475438672707 
0037000036 (0063000035) : 22824.289703710005 
0011000037 (0037000036) : 25379.058841393384 
0029000038 (0011000037) : 25960.69783590328 
0055000039 (0029000038) : 26615.53777688939 
0033000040 (0055000039) : 26761.797616078748 
0021000041 (0033000040) : 27546.60040991845 
0085000042 (0021000041) : 28056.314788696072 
0091000043 (0085000042) : 28601.60936917393 
0007000044 (0091000043) : 29084.513472196362 
0090000045 (0007000044) : 29172.734543442173 
0021000046 (0090000045) : 29552.300951266992 
0066000047 (0021000046) : 30376.81775997757 
0089000048 (0066000047) : 30599.807049552546 
0098000049 (0089000048) : 30635.152214216352 
0066000050 (0098000049) : 30768.10418963572 
0097000051 (0066000050) : 31915.211526162544 
0092000052 (0097000051) : 31994.03994497038 
0041000053 (0092000052) : 34913.02434616176 
0058000054 (0041000053) : 34923.690735678596 
0048000055 (0058000054) : 37916.20702849377 
0044000056 (0048000055) : 38528.04758824455 
0005000057 (0044000056) : 38720.504315930186 
0088000058 (0005000057) : 40394.80650944997 
0037000059 (0088000058) : 40507.81559364221 
0041000060 (0037000059) : 41131.931298132484 
0021000061 (0041000060) : 42131.63360502704 
0047000062 (0021000061) : 43516.74901615182 
0041000063 (0047000062) : 44234.97591214511 
0013000064 (0041000063) : 45880.43413026944 
0046000065 (0013000064) : 46171.65170058989 
0017000066 (0046000065) : 46389.460333843024 
0099000067 (0017000066) : 46479.929935700784 
0071000068 (0099000067) : 46669.55825055837 
0021000069 (0071000068) : 48345.316889713766 
0022000070 (0021000069) : 49075.775063299145 
0025000071 (0022000070) : 49105.91785440735 
0084000072 (0025000071) : 49179.18452026151 
0064000073 (0084000072) : 49723.99604293788 
0050000074 (0064000073) : 50321.3962925731 
0054000075 (0050000074) : 51366.41807254694 
0099000076 (0054000075) : 51582.64919135334 
0021000077 (0099000076) : 51621.58229854277 
0062000078 (0021000077) : 52430.96192971105 
0096000079 (0062000078) : 53021.99144165516 
0005000080 (0096000079) : 54376.068316920944 
0021000081 (0005000080) : 54425.4196784924 
0044000082 (0021000081) : 54549.333478008804 
0084000083 (0044000082) : 55108.20072392361 
0080000084 (0084000083) : 56048.22390620998 
0058000085 (0080000084) : 56357.886046545005 
0087000086 (0058000085) : 56916.52330058354 
0071000087 (0087000086) : 58484.59582252837 
0015000088 (0071000087) : 59376.622473025636 
0038000089 (0015000088) : 60878.760951700126 
0004000090 (0038000089) : 61962.978476898155 
0089000091 (0004000090) : 62375.349537366004 
0051000092 (0089000091) : 63022.370134776786 
0062000093 (0051000092) : 63250.16640875749 
0042000094 (0062000093) : 63619.55341163143 
0072000095 (0042000094) : 63749.43197684083 
0049000096 (0072000095) : 63902.77690611942 
0026000097 (0049000096) : 65072.16386092059 
0092000098 (0026000097) : 66339.888248996 
0065000099 (0092000098) : 67155.22855275453 
0029000100 (0065000099) : 67215.2903827745 
0063000101 (0029000100) : 67390.74130962256 
0036000102 (0063000101) : 67811.95989301277 
0096000103 (0036000102) : 68059.98327812074 
0067000104 (0096000103) : 68901.91986856991 
0022000105 (0067000104) : 69385.83323094649 
0040000106 (0022000105) : 69530.92827138698 
0078000107 (0040000106) : 70276.5269251652 
0021000108 (0078000107) : 70496.36393706678 
0088000109 (0021000108) : 71973.27556374104 
0028000110 (0088000109) : 73752.29572051563 
0045000111 (0028000110) : 75327.41105440648 
0034000112 (0045000111) : 76863.62695810202 
0092000113 (0034000112) : 77324.10282861147 
0088000114 (0092000113) : 77721.52608600486 
0061000115 (0088000114) : 79515.29207245381 
0048000116 (0061000115) : 80439.40927410832 
0020000117 (0048000116) : 80910.23583933948 
0021000118 (0020000117) : 82504.89182167021 
0013000119 (0021000118) : 83303.94677001036 
0064000120 (0013000119) : 83967.0712647936 
0018000121 (0064000120) : 84127.4310573103 
0021000122 (0018000121) : 84555.91778076968 
0097000123 (0021000122) : 84675.48162541485 
0041000124 (0097000123) : 85007.83095553608 
0006000125 (0041000124) : 85513.18956425022 
0089000126 (0006000125) : 86993.17248828175 
0053000127 (0089000126) : 87613.1971296136 
0004000128 (0053000127) : 88318.95934405345 
0023000129 (0004000128) : 88800.23196560597 
0051000130 (0023000129) : 89761.12153402985 
0090000131 (0051000130) : 90432.32228914085 
0063000132 (0090000131) : 90437.48524337317 
0000000133 (0063000132) : 91070.8046317068 
0065000134 (0000000133) : 91438.70910130041 
0052000135 (0065000134) : 92129.34743382047 
0088000136 (0052000135) : 94029.47980002905 
0023000137 (0088000136) : 94588.75798969972 
0021000138 (0023000137) : 97155.87202370963 
0086000139 (0021000138) : 97591.7558024023 
0082000140 (0086000139) : 98286.33709580275 
0086000141 (0082000140) : 98644.06781827398 
