0000000000 (genesis block) : 0 
0015000001 (0000000000) : 100.71494494646909 
0021000002 (0015000001) : 856.3835042485367 
0082000003 (0021000002) : 923.7415261269078 
0079000004 (0082000003) : 2229.0646675395597 
0075000005 (0079000004) : 2686.90267878664 
0047000006 (0075000005) : 4119.874589118061 
0070000007 (0047000006) : 4702.227536904476 
0021000008 (0070000007) : 4968.590617781637 
0089000009 (0021000008) : 5004.620503949475 
0021000010 (0089000009) : 5074.120768841185 
0059000011 (0021000010) : 5508.838917122391 
0056000012 (0059000011) : 5830.256314940664 
0047000013 (0056000012) : 6541.451764921712 
0008000014 (0047000013) : 7043.546709712619 
0053000015 (0008000014) : 7862.736508927288 
0094000016 (0053000015) : 7899.9593573608245 
0000000017 (0094000016) : 7985.587120811009 
0055000018 (0000000017) : 8235.7387248895 
0088000019 (0055000018) : 9211.263012829331 
0040000020 (0088000019) : 9731.594484951427 
0017000021 (0040000020) : 9736.580275073571 
0037000022 (0017000021) : 11640.64630539909 
0006000023 (0037000022) : 13138.804035057075 
0092000024 (0006000023) : 13556.499070544889 
0093000025 (0092000024) : 13620.522114555308 
0079000026 (0093000025) : 13754.45667209625 
0069000027 (0079000026) : 13922.190572411759 
0058000028 (0069000027) : 15692.659161155241 
0079000029 (0058000028) : 15987.621157066329 
0092000030 (0079000029) : 17256.149413662384 
0078000031 (0092000030) : 19036.333743871633 
0019000032 (0078000031) : 19780.927247436262 
0069000033 (0019000032) : 20693.331726426288 
0033000034 (0069000033) : 21963.894873590012 
0063000035 (0033000034) : 22040.406953821657 
0037000036 (0063000035) : 22824.445973419555 
0011000037 (0037000036) : 25378.660520942678 
0029000038 (0011000037) : 25960.75456717097 
0055000039 (0029000038) : 26615.557017436666 
0033000040 (0055000039) : 26761.955298862365 
0021000041 (0033000040) : 27546.255139508616 
0085000042 (0021000041) : 28056.419851508002 
0091000043 (0085000042) : 28601.84012527231 
0007000044 (0091000043) : 29084.541265561867 
0090000045 (0007000044) : 29173.187326415908 
0021000046 (0090000045) : 29551.956427242305 
0066000047 (0021000046) : 30376.974487152507 
0089000048 (0066000047) : 30599.522739500564 
0098000049 (0089000048) : 30635.300990110693 
0066000050 (0098000049) : 30768.263540194923 
0097000051 (0066000050) : 31915.890521621142 
0092000052 (0097000051) : 31994.103428790997 
0041000053 (0092000052) : 34912.486846910375 
0058000054 (0041000053) : 34923.736098454945 
0048000055 (0058000054) : 37916.365355908914 
0044000056 (0048000055) : 38527.89973974313 
0005000057 (0044000056) : 38720.93070537986 
0088000058 (0005000057) : 40394.6120196378 
0037000059 (0088000058) : 40507.97062275406 
0041000060 (0037000059) : 41131.394887532595 
0021000061 (0041000060) : 42131.28946642616 
0047000062 (0021000061) : 43516.86425805482 
0041000063 (0047000062) : 44234.43775209252 
0013000064 (0041000063) : 45880.37840295083 
0046000065 (0013000064) : 46171.761398396615 
0017000066 (0046000065) : 46389.09004266243 
0099000067 (0017000066) : 46480.04708109914 
0071000068 (0099000067) : 46669.664676239496 
0021000069 (0071000068) : 48344.97154507127 
0022000070 (0021000069) : 49075.68444774041 
0025000071 (0022000070) : 49105.65677303892 
0084000072 (0025000071) : 49179.30439118438 
0064000073 (0084000072) : 49724.0357297193 
0050000074 (0064000073) : 50321.315935469065 
0054000075 (0050000074) : 51366.330571270744 
0099000076 (0054000075) : 51582.76233030224 
0021000077 (0099000076) : 51621.23890769298 
0062000078 (0021000077) : 52431.01993552757 
0096000079 (0062000078) : 53021.91578591087 
0005000080 (0096000079) : 54376.496961123536 
0021000081 (0005000080) : 54425.075734369755 
0044000082 (0021000081) : 54549.1833592975 
0084000083 (0044000082) : 55108.3213213623 
0080000084 (0084000083) : 56047.974104364235 
0058000085 (0080000084) : 56357.92743332518 
0087000086 (0058000085) : 56916.58886103383 
0071000087 (0087000086) : 58484.70185640856 
0015000088 (0071000087) : 59376.39231884333 
0038000089 (0015000088) : 60878.61077135765 
0004000090 (0038000089) : 61962.658607087484 
0089000091 (0004000090) : 62375.06365023689 
0051000092 (0089000091) : 63022.42458111392 
0062000093 (0051000092) : 63250.22020813778 
0042000094 (0062000093) : 63619.58053696028 
0072000095 (0042000094) : 63749.178120261706 
0049000096 (0072000095) : 63902.928562903 
0026000097 (0049000096) : 65072.11397392367 
0092000098 (0026000097) : 66339.95806298217 
0065000099 (0092000098) : 67155.4061433174 
0029000100 (0065000099) : 67215.34571010554 
0063000101 (0029000100) : 67390.67333756843 
0036000102 (0063000101) : 67811.85467713074 
0096000103 (0036000102) : 68059.9053831954 
0067000104 (0096000103) : 68902.60410409412 
0022000105 (0067000104) : 69385.74277327045 
0040000106 (0022000105) : 69531.03881301727 
0078000107 (0040000106) : 70276.24516490973 
0021000108 (0078000107) : 70496.0177455677 
0088000109 (0021000108) : 71973.08019949298 
0028000110 (0088000109) : 73752.61882858616 
0045000111 (0028000110) : 75327.29449632241 
0034000112 (0045000111) : 76863.58686224764 
0092000113 (0034000112) : 77324.16718385647 
0088000114 (0092000113) : 77721.3308250185 
0061000115 (0088000114) : 79515.28507793859 
0048000116 (0061000115) : 80439.56581308834 
0020000117 (0048000116) : 80909.9696701688 
0021000118 (0020000117) : 82504.54676612599 
0013000119 (0021000118) : 83303.89054689994 
0064000120 (0013000119) : 83967.11096031021 
0018000121 (0064000120) : 84127.86582299571 
0021000122 (0018000121) : 84555.57281403727 
0097000123 (0021000122) : 84676.162083745 
0041000124 (0097000123) : 85007.29294378596 
0006000125 (0041000124) : 85512.89784387477 
0089000126 (0006000125) : 86992.88927005214 
0053000127 (0089000126) : 87613.60206531925 
0004000128 (0053000127) : 88318.63875149512 
0023000129 (0004000128) : 88800.34975203384 
0051000130 (0023000129) : 89761.18133118996 
0090000131 (0051000130) : 90432.7776011377 
0063000132 (0090000131) : 90437.41600173649 
0000000133 (0063000132) : 91070.52022939222 
0065000134 (0000000133) : 91438.88814900433 
0052000135 (0065000134) : 92129.36967937717 
0088000136 (0052000135) : 94029.28598917898 
0023000137 (0088000136) : 94588.87789765513 
0021000138 (0023000137) : 97155.5276475679 
0086000139 (0021000138) : 97592.38953381237 
0082000140 (0086000139) : 98286.24958150052 
0086000141 (0082000140) : 98644.70033684574 
