0000000000 (genesis block) : 0 
0015000001 (0000000000) : 100.69276227589964 
0021000002 (0015000001) : 856.6676711701372 
0082000003 (0021000002) : 923.8967665278631 
0079000004 (0082000003) : 2228.7700533830316 
0075000005 (0079000004) : 2687.09606013201 
0047000006 (0075000005) : 4119.601984103118 
0070000007 (0047000006) : 4701.909152358218 
0021000008 (0070000007) : 4968.872548315578 
0089000009 (0021000008) : 5004.658594865966 
0021000010 (0089000009) : 5074.407314940087 
0059000011 (0021000010) : 5508.617315142531 
0056000012 (0059000011) : 5830.182593764945 
0047000013 (0056000012) : 6541.18079980026 
0008000014 (0047000013) : 7043.280367298526 
0053000015 (0008000014) : 7862.78863536758 
0094000016 (0053000015) : 7899.780724195035 
0000000017 (0094000016) : 7985.594355720089 
0055000018 (0000000017) : 8235.540308191865 
0088000019 (0055000018) : 9211.33609866647 
0040000020 (0088000019) : 9731.361050258265 
0017000021 (0040000020) : 9736.647989533998 
0037000022 (0017000021) : 11640.292454370649 
0006000023 (0037000022) : 13138.83705933902 
0092000024 (0006000023) : 13556.308858576256 
0093000025 (0092000024) : 13620.17748941219 
0079000026 (0093000025) : 13754.164291057969 
0069000027 (0079000026) : 13922.055782581972 
0058000028 (0069000027) : 15692.244406692595 
0079000029 (0058000028) : 15987.329274098078 
0092000030 (0079000029) : 17255.964499841917 
0078000031 (0092000030) : 19036.4164178533 
0019000032 (0078000031) : 19780.662945726235 
0069000033 (0019000032) : 20693.196795680215 
0033000034 (0069000033) : 21963.540246173197 
0063000035 (0033000034) : 22040.295761295114 
0037000036 (0063000035) : 22824.087825014078 
0011000037 (0037000036) : 25378.5855524699 
0029000038 (0011000037) : 25960.300196880118 
0055000039 (0029000038) : 26615.35538104659 
0033000040 (0055000039) : 26761.597049402506 
0021000041 (0033000040) : 27546.537406859446 
0085000042 (0021000041) : 28056.05881134471 
0091000043 (0085000042) : 28601.711765907618 
0007000044 (0091000043) : 29084.37569786608 
0090000045 (0007000044) : 29172.85364224877 
0021000046 (0090000045) : 29552.240750610414 
0066000047 (0021000046) : 30376.745512112222 
0089000048 (0066000047) : 30599.557506842335 
0098000049 (0089000048) : 30635.224685515812 
0066000050 (0098000049) : 30768.03766436965 
0097000051 (0066000050) : 31915.678835555285 
0092000052 (0097000051) : 31993.91591200721 
0041000053 (0092000052) : 34912.757230159106 
0058000054 (0041000053) : 34923.31630164629 
0048000055 (0058000054) : 37916.00618691623 
0044000056 (0048000055) : 38527.8609433578 
0005000057 (0044000056) : 38720.706476767446 
0088000058 (0005000057) : 40394.68473001929 
0037000059 (0088000058) : 40507.61622674159 
0041000060 (0037000059) : 41131.66377174208 
0021000061 (0041000060) : 42131.57180812815 
0047000062 (0021000061) : 43516.595341866414 
0041000063 (0047000062) : 44234.70770001816 
0013000064 (0041000063) : 45880.23295171733 
0046000065 (0013000064) : 46171.530096662544 
0017000066 (0046000065) : 46389.153555213285 
0099000067 (0017000066) : 46479.77721779615 
0071000068 (0099000067) : 46669.81095965399 
0021000069 (0071000068) : 48345.25302234309 
0022000070 (0021000069) : 49075.467315095724 
0025000071 (0022000070) : 49105.560139206 
0084000072 (0025000071) : 49179.134543516135 
0064000073 (0084000072) : 49723.68983446384 
0050000074 (0064000073) : 50321.08926626623 
0054000075 (0050000074) : 51366.11108822562 
0099000076 (0054000075) : 51582.49638180878 
0021000077 (0099000076) : 51621.52498239148 
0062000078 (0021000077) : 52430.81447352896 
0096000079 (0062000078) : 53021.68539255902 
0005000080 (0096000079) : 54376.267114998824 
0021000081 (0005000080) : 54425.3633683645 
0044000082 (0021000081) : 54549.14720130246 
0084000083 (0044000082) : 55108.15428992682 
0080000084 (0084000083) : 56048.12860819647 
0058000085 (0080000084) : 56357.51126852469 
0087000086 (0058000085) : 56916.126655478896 
0071000087 (0087000086) : 58484.854676921386 
0015000088 (0071000087) : 59376.37199457974 
0038000089 (0015000088) : 60878.57372168309 
0004000090 (0038000089) : 61962.85112884221 
0089000091 (0004000090) : 62375.09654495755 
0051000092 (0089000091) : 63022.218131916496 
0062000093 (0051000092) : 63250.012669635806 
0042000094 (0062000093) : 63619.86386180109 
0072000095 (0042000094) : 63749.33268158634 
0049000096 (0072000095) : 63902.58574436563 
0026000097 (0049000096) : 65071.697188362225 
0092000098 (0026000097) : 66339.77054577105 
0065000099 (0092000098) : 67155.17407401033 
0029000100 (0065000099) : 67214.88868012429 
0063000101 (0029000100) : 67390.56177835671 
0036000102 (0063000101) : 67811.65013425186 
0096000103 (0036000102) : 68059.6753936805 
0067000104 (0096000103) : 68902.37716418639 
0022000105 (0067000104) : 69385.52788884581 
0040000106 (0022000105) : 69530.80619494678 
0078000107 (0040000106) : 70276.32598932742 
0021000108 (0078000107) : 70496.30109005391 
0088000109 (0021000108) : 71973.15192743449 
0028000110 (0088000109) : 73752.4971875393 
0045000111 (0028000110) : 75327.24180233307 
0034000112 (0045000111) : 76863.32305124638 
0092000113 (0034000112) : 77323.98417703458 
0088000114 (0092000113) : 77721.40113330192 
0061000115 (0088000114) : 79515.01948232489 
0048000116 (0061000115) : 80439.21001962022 
0020000117 (0048000116) : 80910.16557813605 
0021000118 (0020000117) : 82504.82849603219 
0013000119 (0021000118) : 83303.74181800906 
0064000120 (0013000119) : 83966.76384530943 
0018000121 (0064000120) : 84127.57367856574 
0021000122 (0018000121) : 84555.85443429953 
0097000123 (0021000122) : 84675.94973185752 
0041000124 (0097000123) : 85007.56154121291 
0006000125 (0041000124) : 85512.93464688961 
0089000126 (0006000125) : 86992.92277762493 
0053000127 (0089000126) : 87613.6517364847 
0004000128 (0053000127) : 88318.83237253729 
0023000129 (0004000128) : 88800.03338294072 
0051000130 (0023000129) : 89760.96695084622 
0090000131 (0051000130) : 90432.44302014672 
0063000132 (0090000131) : 90437.3052478544 
0000000133 (0063000132) : 91070.53084167595 
0065000134 (0000000133) : 91438.6545208138 
0052000135 (0065000134) : 92129.5020329359 
0088000136 (0052000135) : 94029.35930107847 
0023000137 (0088000136) : 94588.55833396793 
0021000138 (0023000137) : 97155.81124660502 
0086000139 (0021000138) : 97592.03420528406 
0082000140 (0086000139) : 98286.39727134627 
0086000141 (0082000140) : 98644.34850815774 
