0000000000 (genesis block) : 0 
0015000001 (0000000000) : 100.89776527066434 
0021000002 (0015000001) : 856.6393181483078 
0082000003 (0021000002) : 923.7901760137534 
0079000004 (0082000003) : 2228.8967697281005 
0075000005 (0079000004) : 2687.2704062576236 
0047000006 (0075000005) : 4119.498851836494 
0070000007 (0047000006) : 4702.071889537292 
0021000008 (0070000007) : 4968.843679886572 
0089000009 (0021000008) : 5004.806140092374 
0021000010 (0089000009) : 5074.375956311093 
0059000011 (0021000010) : 5508.434380896019 
0056000012 (0059000011) : 5830.202185619148 
0047000013 (0056000012) : 6541.076469089358 
0008000014 (0047000013) : 7042.9575554832145 
0053000015 (0008000014) : 7862.782975969257 
0094000016 (0053000015) : 7899.905586335326 
0000000017 (0094000016) : 7985.742610215168 
0055000018 (0000000017) : 8235.688812268067 
0088000019 (0055000018) : 9211.3111084884 
0040000020 (0088000019) : 9731.3677307597 
0017000021 (0040000020) : 9736.812487052988 
0037000022 (0017000021) : 11640.614548493153 
0006000023 (0037000022) : 13138.99089039393 
0092000024 (0006000023) : 13556.318662808771 
0093000025 (0092000024) : 13620.49502440746 
0079000026 (0093000025) : 13754.29624442441 
0069000027 (0079000026) : 13921.850678423196 
0058000028 (0069000027) : 15692.563763491724 
0079000029 (0058000028) : 15987.457302209265 
0092000030 (0079000029) : 17255.9693045525 
0078000031 (0092000030) : 19036.476829864612 
0019000032 (0078000031) : 19780.8249610421 
0069000033 (0019000032) : 20692.992230492666 
0033000034 (0069000033) : 21963.865798721898 
0063000035 (0033000034) : 22040.357781491668 
0037000036 (0063000035) : 22824.415704042996 
0011000037 (0037000036) : 25378.913376179495 
0029000038 (0011000037) : 25960.550182363866 
0055000039 (0029000038) : 26615.50836655526 
0033000040 (0055000039) : 26761.91887383737 
0021000041 (0033000040) : 27546.50843928186 
0085000042 (0021000041) : 28056.380480679843 
0091000043 (0085000042) : 28601.724089283685 
0007000044 (0091000043) : 29084.538743671394 
0090000045 (0007000044) : 29172.861778410694 
0021000046 (0090000045) : 29552.21538493697 
0066000047 (0021000046) : 30376.803253252103 
0089000048 (0066000047) : 30599.707712298146 
0098000049 (0089000048) : 30635.351772937916 
0066000050 (0098000049) : 30768.09718135654 
0097000051 (0066000050) : 31915.68850581577 
0092000052 (0097000051) : 31993.923870606453 
0041000053 (0092000052) : 34912.90926997658 
0058000054 (0041000053) : 34923.635480566 
0048000055 (0058000054) : 37916.33005402147 
0044000056 (0048000055) : 38527.81104947245 
0005000057 (0044000056) : 38720.81358377452 
0088000058 (0005000057) : 40394.65840981415 
0037000059 (0088000058) : 40507.938688062284 
0041000060 (0037000059) : 41131.815424911794 
0021000061 (0041000060) : 42131.54502508429 
0047000062 (0021000061) : 43516.490968956205 
0041000063 (0047000062) : 44234.8610089167 
0013000064 (0041000063) : 45880.31798666154 
0046000065 (0013000064) : 46171.53713644646 
0017000066 (0046000065) : 46389.3177749534 
0099000067 (0017000066) : 46479.454099089045 
0071000068 (0099000067) : 46669.70536016587 
0021000069 (0071000068) : 48345.22605656039 
0022000070 (0021000069) : 49075.61144789433 
0025000071 (0022000070) : 49105.52327803438 
0084000072 (0025000071) : 49178.92166204343 
0064000073 (0084000072) : 49723.850198146625 
0050000074 (0064000073) : 50321.25292263447 
0054000075 (0050000074) : 51366.25652541254 
0099000076 (0054000075) : 51582.17273797997 
0021000077 (0099000076) : 51621.49262243279 
0062000078 (0021000077) : 52430.703835174274 
0096000079 (0062000078) : 53021.84749097811 
0005000080 (0096000079) : 54376.382213079945 
0021000081 (0005000080) : 54425.32962506372 
0044000082 (0021000081) : 54549.096737318025 
0084000083 (0044000082) : 55107.94080388288 
0080000084 (0084000083) : 56048.02091447315 
0058000085 (0080000084) : 56357.83117605728 
0087000086 (0058000085) : 56916.37773356811 
0071000087 (0087000086) : 58484.74760003672 
0015000088 (0071000087) : 59376.57829900805 
0038000089 (0015000088) : 60878.527326838666 
0004000090 (0038000089) : 61962.86278645533 
0089000091 (0004000090) : 62375.247734706885 
0051000092 (0089000091) : 63022.11105043559 
0062000093 (0051000092) : 63249.90961389005 
0042000094 (0062000093) : 63619.83610261368 
0072000095 (0042000094) : 63749.22710750674 
0049000096 (0072000095) : 63902.697281614535 
0026000097 (0049000096) : 65072.015688196014 
0092000098 (0026000097) : 66339.77683574228 
0065000099 (0092000098) : 67155.06927431103 
0029000100 (0065000099) : 67215.14019114632 
0063000101 (0029000100) : 67390.62360996744 
0036000102 (0063000101) : 67811.96232752256 
0096000103 (0036000102) : 68059.83697943987 
0067000104 (0096000103) : 68902.38353962761 
0022000105 (0067000104) : 69385.6691248651 
0040000106 (0022000105) : 69530.81343842139 
0078000107 (0040000106) : 70276.382945369 
0021000108 (0078000107) : 70496.27403232995 
0088000109 (0021000108) : 71973.12835910269 
0028000110 (0088000109) : 73752.50551158395 
0045000111 (0028000110) : 75327.26856936785 
0034000112 (0045000111) : 76863.48217891822 
0092000113 (0034000112) : 77323.98956655862 
0088000114 (0092000113) : 77721.37694825688 
0061000115 (0088000114) : 79515.03549059552 
0048000116 (0061000115) : 80439.53300324707 
0020000117 (0048000116) : 80910.14992527886 
0021000118 (0020000117) : 82504.79906163148 
0013000119 (0021000118) : 83303.83256937425 
0064000120 (0013000119) : 83966.92528516425 
0018000121 (0064000120) : 84127.7371824042 
0021000122 (0018000121) : 84555.82687907705 
0097000123 (0021000122) : 84675.95584070223 
0041000124 (0097000123) : 85007.71878896517 
0006000125 (0041000124) : 85513.0831414425 
0089000126 (0006000125) : 86993.07327133599 
0053000127 (0089000126) : 87613.6494036995 
0004000128 (0053000127) : 88318.84348392121 
0023000129 (0004000128) : 88800.24270005464 
0051000130 (0023000129) : 89760.86424806746 
0090000131 (0051000130) : 90432.4494750768 
0063000132 (0090000131) : 90437.37189597338 
0000000133 (0063000132) : 91070.67303327586 
0065000134 (0000000133) : 91438.55042597126 
0052000135 (0065000134) : 92129.57485792733 
0088000136 (0052000135) : 94029.33029390317 
0023000137 (0088000136) : 94588.77128320222 
0021000138 (0023000137) : 97155.78700411564 
0086000139 (0021000138) : 97592.23235254655 
0082000140 (0086000139) : 98286.29130604972 
0086000141 (0082000140) : 98644.54991533638 
