0000000000 (genesis block) : 0 
0015000001 (0000000000) : 101.1405454895791 
0021000002 (0015000001) : 856.6961454441279 
0082000003 (0021000002) : 923.8385324959767 
0079000004 (0082000003) : 2229.012938149029 
0075000005 (0079000004) : 2687.467611366495 
0047000006 (0075000005) : 4119.880670153803 
0070000007 (0047000006) : 4701.906705590202 
0021000008 (0070000007) : 4968.904403545234 
0089000009 (0021000008) : 5005.107860484205 
0021000010 (0089000009) : 5074.432093406729 
0059000011 (0021000010) : 5508.946310384787 
0056000012 (0059000011) : 5830.424318206837 
0047000013 (0056000012) : 6541.457162832822 
0008000014 (0047000013) : 7043.557874824562 
0053000015 (0008000014) : 7862.840672713616 
0094000016 (0053000015) : 7900.061139277055 
0000000017 (0094000016) : 7985.922204051962 
0055000018 (0000000017) : 8235.091567139036 
0088000019 (0055000018) : 9211.368429382399 
0040000020 (0088000019) : 9731.689242165658 
0017000021 (0040000020) : 9736.975148548172 
0037000022 (0017000021) : 11640.598611093288 
0006000023 (0037000022) : 13139.250556161482 
0092000024 (0006000023) : 13556.603948361893 
0093000025 (0092000024) : 13620.626054691436 
0079000026 (0093000025) : 13754.408776284796 
0069000027 (0079000026) : 13922.300817986637 
0058000028 (0069000027) : 15692.692382273674 
0079000029 (0058000028) : 15987.571701470106 
0092000030 (0079000029) : 17256.255046390495 
0078000031 (0092000030) : 19036.462317836565 
0019000032 (0078000031) : 19780.99007522343 
0069000033 (0019000032) : 20693.44208789038 
0033000034 (0069000033) : 21963.711346612756 
0063000035 (0033000034) : 22039.84789601005 
0037000036 (0063000035) : 22824.398570280442 
0011000037 (0037000036) : 25379.033738917133 
0029000038 (0011000037) : 25960.748587787257 
0055000039 (0029000038) : 26614.907751096558 
0033000040 (0055000039) : 26761.777202990343 
0021000041 (0033000040) : 27546.56608365988 
0085000042 (0021000041) : 28056.506886097264 
0091000043 (0085000042) : 28602.083276173966 
0007000044 (0091000043) : 29084.07867387839 
0090000045 (0007000044) : 29173.16456735063 
0021000046 (0090000045) : 29552.27023612694 
0066000047 (0021000046) : 30377.124118751293 
0089000048 (0066000047) : 30600.005514742737 
0098000049 (0089000048) : 30635.41046705459 
0066000050 (0098000049) : 30768.417538773643 
0097000051 (0066000050) : 31915.839663674127 
0092000052 (0097000051) : 31994.207411075087 
0041000053 (0092000052) : 34913.08702349289 
0058000054 (0041000053) : 34923.76565299016 
0048000055 (0058000054) : 37916.4541813013 
0044000056 (0048000055) : 38527.80002163934 
0005000057 (0044000056) : 38720.98438565843 
0088000058 (0005000057) : 40394.71655760971 
0037000059 (0088000058) : 40507.92602154309 
0041000060 (0037000059) : 41131.99091638952 
0021000061 (0041000060) : 42131.60252888661 
0047000062 (0021000061) : 43516.87302382122 
0041000063 (0047000062) : 44235.03723201274 
0013000064 (0041000063) : 45880.50676368729 
0046000065 (0013000064) : 46171.57047030048 
0017000066 (0046000065) : 46389.48289590123 
0099000067 (0017000066) : 46480.05727083173 
0071000068 (0099000067) : 46669.76454016872 
0021000069 (0071000068) : 48345.28457438616 
0022000070 (0021000069) : 49075.795154980224 
0025000071 (0022000070) : 49106.008424291256 
0084000072 (0025000071) : 49179.20798505821 
0064000073 (0084000072) : 49724.01872990111 
0050000074 (0064000073) : 50321.41533045384 
0054000075 (0050000074) : 51366.43899621346 
0099000076 (0054000075) : 51582.773685047454 
0021000077 (0099000076) : 51621.55190098405 
0062000078 (0021000077) : 52431.0284449558 
0096000079 (0062000078) : 53022.01294449849 
0005000080 (0096000079) : 54376.5471096002 
0021000081 (0005000080) : 54425.388299355174 
0044000082 (0021000081) : 54549.08401490343 
0084000083 (0044000082) : 55108.2261904475 
0080000084 (0084000083) : 56048.07669232792 
0058000085 (0080000084) : 56357.95954255865 
0087000086 (0058000085) : 56916.57445439826 
0071000087 (0087000086) : 58484.80394354113 
0015000088 (0071000087) : 59376.81991526421 
0038000089 (0015000088) : 60878.51354096593 
0004000090 (0038000089) : 61963.06705247454 
0089000091 (0004000090) : 62375.54467046196 
0051000092 (0089000091) : 63022.421360228655 
0062000093 (0051000092) : 63250.22821450615 
0042000094 (0062000093) : 63619.890848475814 
0072000095 (0042000094) : 63749.28466282564 
0049000096 (0072000095) : 63902.94039176124 
0026000097 (0049000096) : 65072.14558032681 
0092000098 (0026000097) : 66340.06082506302 
0065000099 (0092000098) : 67155.41527191323 
0029000100 (0065000099) : 67215.33665021301 
0063000101 (0029000100) : 67390.11397195808 
0036000102 (0063000101) : 67812.09778891434 
0096000103 (0036000102) : 68060.00079415411 
0067000104 (0096000103) : 68902.50172694618 
0022000105 (0067000104) : 69385.85558057646 
0040000106 (0022000105) : 69531.1338725184 
0078000107 (0040000106) : 70276.37292037025 
0021000108 (0078000107) : 70496.33219633815 
0088000109 (0021000108) : 71973.18413382574 
0028000110 (0088000109) : 73752.50847849589 
0045000111 (0028000110) : 75327.58813091971 
0034000112 (0045000111) : 76863.65206717949 
0092000113 (0034000112) : 77324.27021388563 
0088000114 (0092000113) : 77721.43433132392 
0061000115 (0088000114) : 79515.34580502044 
0048000116 (0061000115) : 80439.6577699253 
0020000117 (0048000116) : 80910.38272700582 
0021000118 (0020000117) : 82504.8590987949 
0013000119 (0021000118) : 83304.01635079001 
0064000120 (0013000119) : 83967.0905326803 
0018000121 (0064000120) : 84127.57156431663 
0021000122 (0018000121) : 84555.88773619884 
0097000123 (0021000122) : 84676.10843787379 
0041000124 (0097000123) : 85007.88865741527 
0006000125 (0041000124) : 85513.34429562259 
0089000126 (0006000125) : 86993.37040105031 
0053000127 (0089000126) : 87613.70662355985 
0004000128 (0053000127) : 88319.04956914116 
0023000129 (0004000128) : 88800.0017683913 
0051000130 (0023000129) : 89761.17511282777 
0090000131 (0051000130) : 90432.75376355833 
0063000132 (0090000131) : 90436.85753731873 
0000000133 (0063000132) : 91070.85964553013 
0065000134 (0000000133) : 91438.89768615976 
0052000135 (0065000134) : 92129.20438899343 
0088000136 (0052000135) : 94029.38848576421 
0023000137 (0088000136) : 94588.52820328705 
0021000138 (0023000137) : 97155.84268798448 
0086000139 (0021000138) : 97592.38626611413 
0082000140 (0086000139) : 98286.34399779755 
0086000141 (0082000140) : 98644.6981349653 
