0000000000 (genesis block) : 0 
0015000001 (0000000000) : 101.05447445907674 
0021000002 (0015000001) : 856.8748253421736 
0082000003 (0021000002) : 923.8997619570268 
0079000004 (0082000003) : 2228.5776099078917 
0075000005 (0079000004) : 2687.3528359860848 
0047000006 (0075000005) : 4119.880527748867 
0070000007 (0047000006) : 4701.572229670789 
0021000008 (0070000007) : 4969.083346396996 
0089000009 (0021000008) : 5005.014163267417 
0021000010 (0089000009) : 5074.614096453722 
0059000011 (0021000010) : 5508.855955982037 
0056000012 (0059000011) : 5830.089390645404 
0047000013 (0056000012) : 6541.456978206943 
0008000014 (0047000013) : 7043.554196731583 
0053000015 (0008000014) : 7862.586256585343 
0094000016 (0053000015) : 7899.915096445582 
0000000017 (0094000016) : 7985.872965891362 
0055000018 (0000000017) : 8235.529101080823 
0088000019 (0055000018) : 9211.486485816733 
0040000020 (0088000019) : 9731.637904567757 
0017000021 (0040000020) : 9736.924740523269 
0037000022 (0017000021) : 11640.366265611947 
0006000023 (0037000022) : 13139.154448745552 
0092000024 (0006000023) : 13556.515428177257 
0093000025 (0092000024) : 13620.561406285726 
0079000026 (0093000025) : 13753.973614135442 
0069000027 (0079000026) : 13921.86415654746 
0058000028 (0069000027) : 15692.62826770633 
0079000029 (0058000028) : 15987.137529569203 
0092000030 (0079000029) : 17256.1608165572 
0078000031 (0092000030) : 19036.45276311424 
0019000032 (0078000031) : 19780.9379862652 
0069000033 (0019000032) : 20693.00633559512 
0033000034 (0069000033) : 21963.48418606003 
0063000035 (0033000034) : 22040.28318066616 
0037000036 (0063000035) : 22824.159665462637 
0011000037 (0037000036) : 25379.028884478936 
0029000038 (0011000037) : 25960.4397064237 
0055000039 (0029000038) : 26615.344471982826 
0033000040 (0055000039) : 26761.548354560386 
0021000041 (0033000040) : 27546.74658366855 
0085000042 (0021000041) : 28056.370451504594 
0091000043 (0085000042) : 28601.780553434215 
0007000044 (0091000043) : 29084.323973538023 
0090000045 (0007000044) : 29172.83439972772 
0021000046 (0090000045) : 29552.448690515143 
0066000047 (0021000046) : 30376.993987836984 
0089000048 (0066000047) : 30599.911210484704 
0098000049 (0089000048) : 30635.401764019534 
0066000050 (0098000049) : 30768.283832672896 
0097000051 (0066000050) : 31915.506527973277 
0092000052 (0097000051) : 31994.11429490746 
0041000053 (0092000052) : 34912.9814315871 
0058000054 (0041000053) : 34923.704766028066 
0048000055 (0058000054) : 37916.260958365805 
0044000056 (0048000055) : 38528.06612314822 
0005000057 (0044000056) : 38720.725051565685 
0088000058 (0005000057) : 40394.83753459223 
0037000059 (0088000058) : 40507.69380024804 
0041000060 (0037000059) : 41131.88735687946 
0021000061 (0041000060) : 42131.7813666288 
0047000062 (0021000061) : 43516.873220547684 
0041000063 (0047000062) : 44234.93120921526 
0013000064 (0041000063) : 45880.27162995908 
0046000065 (0013000064) : 46171.518872785564 
0017000066 (0046000065) : 46389.43281328107 
0099000067 (0017000066) : 46480.05510792944 
0071000068 (0099000067) : 46669.850466707874 
0021000069 (0071000068) : 48345.46438795261 
0022000070 (0021000069) : 49075.744529932366 
0025000071 (0022000070) : 49105.74589915181 
0084000072 (0025000071) : 49179.06597267964 
0064000073 (0084000072) : 49723.96621626911 
0050000074 (0064000073) : 50321.363642512115 
0054000075 (0050000074) : 51366.18109244073 
0099000076 (0054000075) : 51582.770374465894 
0021000077 (0099000076) : 51621.73149101013 
0062000078 (0021000077) : 52431.08493928091 
0096000079 (0062000078) : 53021.96295826269 
0005000080 (0096000079) : 54376.28794321592 
0021000081 (0005000080) : 54425.56666171494 
0044000082 (0021000081) : 54549.34338314113 
0084000083 (0044000082) : 55108.086885347104 
0080000084 (0084000083) : 56048.226733811964 
0058000085 (0080000084) : 56357.903834109195 
0087000086 (0058000085) : 56916.445354176016 
0071000087 (0087000086) : 58484.89010181297 
0015000088 (0071000087) : 59376.73266158084 
0038000089 (0015000088) : 60878.80644487201 
0004000090 (0038000089) : 61962.90316486216 
0089000091 (0004000090) : 62375.455337827945 
0051000092 (0089000091) : 63022.49441300624 
0062000093 (0051000092) : 63250.2873184209 
0042000094 (0062000093) : 63619.850458388224 
0072000095 (0042000094) : 63749.4621932615 
0049000096 (0072000095) : 63902.72943932042 
0026000097 (0049000096) : 65072.085553644196 
0092000098 (0026000097) : 66339.96462737645 
0065000099 (0092000098) : 67155.29632079026 
0029000100 (0065000099) : 67215.03220983433 
0063000101 (0029000100) : 67390.54933663347 
0036000102 (0063000101) : 67811.68420191537 
0096000103 (0036000102) : 68059.9502556109 
0067000104 (0096000103) : 68902.16980290976 
0022000105 (0067000104) : 69385.80273303554 
0040000106 (0022000105) : 69531.08174547754 
0078000107 (0040000106) : 70276.36442638758 
0021000108 (0078000107) : 70496.51166831091 
0088000109 (0021000108) : 71973.30693290637 
0028000110 (0088000109) : 73752.17268032559 
0045000111 (0028000110) : 75327.5406692836 
0034000112 (0045000111) : 76863.59697375825 
0092000113 (0034000112) : 77324.18113378262 
0088000114 (0092000113) : 77721.55496817584 
0061000115 (0088000114) : 79515.29354514254 
0048000116 (0061000115) : 80439.4690688181 
0020000117 (0048000116) : 80909.94471237012 
0021000118 (0020000117) : 82505.04022687672 
0013000119 (0021000118) : 83303.77859548667 
0064000120 (0013000119) : 83967.03945457694 
0018000121 (0064000120) : 84127.1375011365 
0021000122 (0018000121) : 84556.0667638797 
0097000123 (0021000122) : 84675.7746158411 
0041000124 (0097000123) : 85007.7868320165 
0006000125 (0041000124) : 85513.24676160635 
0089000126 (0006000125) : 86993.28392108144 
0053000127 (0089000126) : 87613.4457157156 
0004000128 (0053000127) : 88318.88901040875 
0023000129 (0004000128) : 88799.9810125596 
0051000130 (0023000129) : 89761.24292897782 
0090000131 (0051000130) : 90432.42042601963 
0063000132 (0090000131) : 90437.29384753571 
0000000133 (0063000132) : 91070.80839359452 
0065000134 (0000000133) : 91438.778645496 
0052000135 (0065000134) : 92129.34973561364 
0088000136 (0052000135) : 94029.51179145838 
0023000137 (0088000136) : 94588.50838819133 
0021000138 (0023000137) : 97156.02469873367 
0086000139 (0021000138) : 97592.05327181921 
0082000140 (0086000139) : 98286.40750745132 
0086000141 (0082000140) : 98644.36379649064 
