0000000000 (genesis block) : 0 
0015000001 (0000000000) : 100.87268072555004 
0021000002 (0015000001) : 856.7148745070788 
0082000003 (0021000002) : 924.0290234000529 
0079000004 (0082000003) : 2228.3958427632215 
0075000005 (0079000004) : 2687.1714860488596 
0047000006 (0075000005) : 4119.907299895035 
0070000007 (0047000006) : 4701.756557478553 
0021000008 (0070000007) : 4968.9236200306395 
0089000009 (0021000008) : 5004.832269539153 
0021000010 (0089000009) : 5074.4520529744195 
0059000011 (0021000010) : 5508.674709865798 
0056000012 (0059000011) : 5830.093001219224 
0047000013 (0056000012) : 6541.483472892503 
0008000014 (0047000013) : 7043.458276373503 
0053000015 (0008000014) : 7862.710984514115 
0094000016 (0053000015) : 7899.985646501208 
0000000017 (0094000016) : 7985.70509578892 
0055000018 (0000000017) : 8235.710809499165 
0088000019 (0055000018) : 9211.576354352499 
0040000020 (0088000019) : 9731.665642029897 
0017000021 (0040000020) : 9736.952099456958 
0037000022 (0017000021) : 11640.181814099165 
0006000023 (0037000022) : 13138.971662954238 
0092000024 (0006000023) : 13556.33079179579 
0093000025 (0092000024) : 13620.380226245361 
0079000026 (0093000025) : 13753.791927864182 
0069000027 (0079000026) : 13921.68300854212 
0058000028 (0069000027) : 15692.447090731679 
0079000029 (0058000028) : 15986.95624888955 
0092000030 (0079000029) : 17255.97937427404 
0078000031 (0092000030) : 19036.268405668197 
0019000032 (0078000031) : 19780.947121892572 
0069000033 (0019000032) : 20692.823893484274 
0033000034 (0069000033) : 21963.424693699082 
0063000035 (0033000034) : 22040.464862575573 
0037000036 (0063000035) : 22823.97764350568 
0011000037 (0037000036) : 25378.886545327277 
0029000038 (0011000037) : 25960.258306374737 
0055000039 (0029000038) : 26615.52606279451 
0033000040 (0055000039) : 26761.493189594643 
0021000041 (0033000040) : 27546.588787707606 
0085000042 (0021000041) : 28056.189303927367 
0091000043 (0085000042) : 28601.8424107578 
0007000044 (0091000043) : 29084.506546277644 
0090000045 (0007000044) : 29172.84873730654 
0021000046 (0090000045) : 29552.289880248947 
0066000047 (0021000046) : 30376.950631199765 
0089000048 (0066000047) : 30599.73007682041 
0098000049 (0089000048) : 30635.411417385818 
0066000050 (0098000049) : 30768.245161806357 
0097000051 (0066000050) : 31915.688189687706 
0092000052 (0097000051) : 31993.932669323432 
0041000053 (0092000052) : 34913.05726113376 
0058000054 (0041000053) : 34923.52240662081 
0048000055 (0058000054) : 37916.07957465773 
0044000056 (0048000055) : 38527.88383760424 
0005000057 (0044000056) : 38720.80995053742 
0088000058 (0005000057) : 40394.925908898666 
0037000059 (0088000058) : 40507.50931658068 
0041000060 (0037000059) : 41131.9628498627 
0021000061 (0041000060) : 42131.61982425856 
0047000062 (0021000061) : 43516.89844785881 
0041000063 (0047000062) : 44235.008277038134 
0013000064 (0041000063) : 45880.08994367228 
0046000065 (0013000064) : 46171.70064673041 
0017000066 (0046000065) : 46389.456926272615 
0099000067 (0017000066) : 46479.954901562654 
0071000068 (0099000067) : 46669.8579030349 
0021000069 (0071000068) : 48345.30289200306 
0022000070 (0021000069) : 49075.57568095678 
0025000071 (0022000070) : 49105.56475134855 
0084000072 (0025000071) : 49179.25070678697 
0064000073 (0084000072) : 49724.06249640757 
0050000074 (0064000073) : 50321.391713887184 
0054000075 (0050000074) : 51365.99939660797 
0099000076 (0054000075) : 51582.67467644583 
0021000077 (0099000076) : 51621.57060112438 
0062000078 (0021000077) : 52431.11027466347 
0096000079 (0062000078) : 53021.8141940947 
0005000080 (0096000079) : 54376.37314883812 
0021000081 (0005000080) : 54425.405813315585 
0044000082 (0021000081) : 54549.16225636797 
0084000083 (0044000082) : 55108.26821937896 
0080000084 (0084000083) : 56048.30711169031 
0058000085 (0080000084) : 56357.72023272558 
0087000086 (0058000085) : 56916.26366464051 
0071000087 (0087000086) : 58484.89782353304 
0015000088 (0071000087) : 59376.54827259919 
0038000089 (0015000088) : 60878.623564036876 
0004000090 (0038000089) : 61962.98161719608 
0089000091 (0004000090) : 62375.27405863195 
0051000092 (0089000091) : 63022.51933713055 
0062000093 (0051000092) : 63250.31591653752 
0042000094 (0062000093) : 63619.911204312026 
0072000095 (0042000094) : 63749.50962330185 
0049000096 (0072000095) : 63902.5475102628 
0026000097 (0049000096) : 65071.90405423943 
0092000098 (0026000097) : 66339.78060290845 
0065000099 (0092000098) : 67155.44922646166 
0029000100 (0065000099) : 67214.85079363549 
0063000101 (0029000100) : 67390.73175049992 
0036000102 (0063000101) : 67811.50255079118 
0096000103 (0036000102) : 68059.80696548877 
0067000104 (0096000103) : 68902.35117003148 
0022000105 (0067000104) : 69385.62915909218 
0040000106 (0022000105) : 69531.10621682765 
0078000107 (0040000106) : 70276.18264832105 
0021000108 (0078000107) : 70496.35208126713 
0088000109 (0021000108) : 71973.3925562476 
0028000110 (0088000109) : 73752.35515214881 
0045000111 (0028000110) : 75327.47126685467 
0034000112 (0045000111) : 76863.62469941861 
0092000113 (0034000112) : 77323.99989864591 
0088000114 (0092000113) : 77721.64286288439 
0061000115 (0088000114) : 79515.32306746635 
0048000116 (0061000115) : 80439.28675660722 
0020000117 (0048000116) : 80910.12712048527 
0021000118 (0020000117) : 82504.87756740171 
0013000119 (0021000118) : 83303.59724592631 
0064000120 (0013000119) : 83967.13863393759 
0018000121 (0064000120) : 84127.31922182218 
0021000122 (0018000121) : 84555.90606347413 
0097000123 (0021000122) : 84675.95658814364 
0041000124 (0097000123) : 85007.86442707421 
0006000125 (0041000124) : 85513.06348699641 
0089000126 (0006000125) : 86993.10263574623 
0053000127 (0089000126) : 87613.57252315544 
0004000128 (0053000127) : 88318.965919639 
0023000129 (0004000128) : 88799.92384927918 
0051000130 (0023000129) : 89761.2693401514 
0090000131 (0051000130) : 90432.43628908123 
0063000132 (0090000131) : 90437.47707596049 
0000000133 (0063000132) : 91070.6355172129 
0065000134 (0000000133) : 91438.92899548821 
0052000135 (0065000134) : 92129.53101584116 
0088000136 (0052000135) : 94029.6007596665 
0023000137 (0088000136) : 94588.45050519354 
0021000138 (0023000137) : 97155.85928705684 
0086000139 (0021000138) : 97592.23609281468 
0082000140 (0086000139) : 98286.52891531905 
0086000141 (0082000140) : 98644.54580931988 
