0000000000 (genesis block) : 0 
0015000001 (0000000000) : 100.84792701336555 
0021000002 (0015000001) : 856.5883977119319 
0082000003 (0021000002) : 923.7375769175449 
0079000004 (0082000003) : 2228.8565609743505 
0075000005 (0079000004) : 2687.159347971309 
0047000006 (0075000005) : 4119.44522658559 
0070000007 (0047000006) : 4701.904681116924 
0021000008 (0070000007) : 4968.790227827521 
0089000009 (0021000008) : 5004.805211042934 
0021000010 (0089000009) : 5074.322909242964 
0059000011 (0021000010) : 5508.598220798751 
0056000012 (0059000011) : 5830.073850963849 
0047000013 (0056000012) : 6541.023073732232 
0008000014 (0047000013) : 7043.122638182278 
0053000015 (0008000014) : 7862.6313968325885 
0094000016 (0053000015) : 7899.850940817704 
0000000017 (0094000016) : 7985.5902560404365 
0055000018 (0000000017) : 8235.581282750618 
0088000019 (0055000018) : 9211.177574738687 
0040000020 (0088000019) : 9731.204070124975 
0017000021 (0040000020) : 9736.645935781731 
0037000022 (0017000021) : 11640.450670643975 
0006000023 (0037000022) : 13138.976402422872 
0092000024 (0006000023) : 13556.152281975355 
0093000025 (0092000024) : 13620.329568319985 
0079000026 (0093000025) : 13754.249661083195 
0069000027 (0079000026) : 13921.995796155434 
0058000028 (0069000027) : 15692.39974959812 
0079000029 (0058000028) : 15987.415621690976 
0092000030 (0079000029) : 17255.80564269293 
0078000031 (0092000030) : 19036.33463035892 
0019000032 (0078000031) : 19780.658513075665 
0069000033 (0019000032) : 20693.139111319906 
0033000034 (0069000033) : 21963.700031747798 
0063000035 (0033000034) : 22040.3038300972 
0037000036 (0063000035) : 22824.245811615 
0011000037 (0037000036) : 25378.7470897853 
0029000038 (0011000037) : 25960.385197134878 
0055000039 (0029000038) : 26615.393618833703 
0033000040 (0055000039) : 26761.75492718481 
0021000041 (0033000040) : 27546.455170755242 
0085000042 (0021000041) : 28056.215728073403 
0091000043 (0085000042) : 28601.67303650169 
0007000044 (0091000043) : 29084.371643546285 
0090000045 (0007000044) : 29172.695908953086 
0021000046 (0090000045) : 29552.161364683732 
0066000047 (0021000046) : 30376.639738610604 
0089000048 (0066000047) : 30599.704722395312 
0098000049 (0089000048) : 30635.218465209786 
0066000050 (0098000049) : 30767.932615915022 
0097000051 (0066000050) : 31915.52209978964 
0092000052 (0097000051) : 31993.75844275663 
0041000053 (0092000052) : 34912.74384732709 
0058000054 (0041000053) : 34923.471143388946 
0048000055 (0058000054) : 37916.16328517949 
0044000056 (0048000055) : 38527.75865493693 
0005000057 (0044000056) : 38720.70177460781 
0088000058 (0005000057) : 40394.525753606555 
0037000059 (0088000058) : 40507.77510440364 
0041000060 (0037000059) : 41131.65082417237 
0021000061 (0041000060) : 42131.49238490284 
0047000062 (0021000061) : 43516.438295193126 
0041000063 (0047000062) : 44234.69522469545 
0013000064 (0041000063) : 45880.15348311797 
0046000065 (0013000064) : 46171.371295036224 
0017000066 (0046000065) : 46389.15081037409 
0099000067 (0017000066) : 46479.62010342967 
0071000068 (0099000067) : 46669.652196201394 
0021000069 (0071000068) : 48345.172425998215 
0022000070 (0021000069) : 49075.46446212712 
0025000071 (0022000070) : 49105.688623328475 
0084000072 (0025000071) : 49178.97770553917 
0064000073 (0084000072) : 49723.685969195496 
0050000074 (0064000073) : 50321.0853670837 
0054000075 (0050000074) : 51366.10739466134 
0099000076 (0054000075) : 51582.33821580987 
0021000077 (0099000076) : 51621.43987743452 
0062000078 (0021000077) : 52430.651830566785 
0096000079 (0062000078) : 53021.681891908396 
0005000080 (0096000079) : 54376.26523612374 
0021000081 (0005000080) : 54425.2768243477 
0044000082 (0021000081) : 54549.04314883803 
0084000083 (0044000082) : 55107.996988206956 
0080000084 (0084000083) : 56047.96694077864 
0058000085 (0080000084) : 56357.66685200089 
0087000086 (0058000085) : 56916.2137019527 
0071000087 (0087000086) : 58484.69570949234 
0015000088 (0071000087) : 59376.526819523504 
0038000089 (0015000088) : 60878.470906594295 
0004000090 (0038000089) : 61962.69897753278 
0089000091 (0004000090) : 62375.24578236158 
0051000092 (0089000091) : 63022.05923233611 
0062000093 (0051000092) : 63249.8540222499 
0042000094 (0062000093) : 63619.783457043304 
0072000095 (0042000094) : 63749.174199983805 
0049000096 (0072000095) : 63902.67380509549 
0026000097 (0049000096) : 65071.85103851283 
0092000098 (0026000097) : 66339.61079418767 
0065000099 (0092000098) : 67155.0157076218 
0029000100 (0065000099) : 67214.97572264144 
0063000101 (0029000100) : 67390.57071000384 
0036000102 (0063000101) : 67811.79837673994 
0096000103 (0036000102) : 68059.67095305255 
0067000104 (0096000103) : 68902.21860031657 
0022000105 (0067000104) : 69385.52378593966 
0040000106 (0022000105) : 69530.64838935166 
0078000107 (0040000106) : 70276.24779676799 
0021000108 (0078000107) : 70496.22063127115 
0088000109 (0021000108) : 71972.99512375008 
0028000110 (0088000109) : 73752.33920824011 
0045000111 (0028000110) : 75327.10133771351 
0034000112 (0045000111) : 76863.31737408241 
0092000113 (0034000112) : 77323.82349221638 
0088000114 (0092000113) : 77721.24232652698 
0061000115 (0088000114) : 79514.9824507956 
0048000116 (0061000115) : 80439.3678007618 
0020000117 (0048000116) : 80910.00907019763 
0021000118 (0020000117) : 82504.74745900079 
0013000119 (0021000118) : 83303.66759779264 
0064000120 (0013000119) : 83966.75982340256 
0018000121 (0064000120) : 84127.57074816625 
0021000122 (0018000121) : 84555.77448614528 
0097000123 (0021000122) : 84675.79148748513 
0041000124 (0097000123) : 85007.55101543329 
0006000125 (0041000124) : 85513.07237815333 
0089000126 (0006000125) : 86993.07160182537 
0053000127 (0089000126) : 87613.49495111195 
0004000128 (0053000127) : 88318.67835097932 
0023000129 (0004000128) : 88800.07893307155 
0051000130 (0023000129) : 89760.80970891581 
0090000131 (0051000130) : 90432.28532196 
0063000132 (0090000131) : 90437.31825229556 
0000000133 (0063000132) : 91070.5270515593 
0065000134 (0000000133) : 91438.49674513596 
0052000135 (0065000134) : 92129.40914414459 
0088000136 (0052000135) : 94029.19885257998 
0023000137 (0088000136) : 94588.60557549573 
0021000138 (0023000137) : 97155.7326189487 
0086000139 (0021000138) : 97592.06562856116 
0082000140 (0086000139) : 98286.23807785481 
0086000141 (0082000140) : 98644.38397006117 
