0000000000 (genesis block) : 0 
0015000001 (0000000000) : 100.6440464817086 
0021000002 (0015000001) : 856.7853773190819 
0082000003 (0021000002) : 923.9426039609151 
0079000004 (0082000003) : 2228.651538735069 
0075000005 (0079000004) : 2687.214071255713 
0047000006 (0075000005) : 4119.650182169427 
0070000007 (0047000006) : 4702.01644880545 
0021000008 (0070000007) : 4968.994005062161 
0089000009 (0021000008) : 5004.603172801352 
0021000010 (0089000009) : 5074.527008262613 
0059000011 (0021000010) : 5508.596235457788 
0056000012 (0059000011) : 5830.132466017202 
0047000013 (0056000012) : 6541.228396404363 
0008000014 (0047000013) : 7043.326905295914 
0053000015 (0008000014) : 7862.74776491185 
0094000016 (0053000015) : 7899.729898563287 
0000000017 (0094000016) : 7985.570138598765 
0055000018 (0000000017) : 8235.657808617269 
0088000019 (0055000018) : 9211.320801169204 
0040000020 (0088000019) : 9731.40886451546 
0017000021 (0040000020) : 9736.747452661477 
0037000022 (0017000021) : 11640.283373814622 
0006000023 (0037000022) : 13138.78719201528 
0092000024 (0006000023) : 13556.356399397035 
0093000025 (0092000024) : 13620.12533823775 
0079000026 (0093000025) : 13754.046387163027 
0069000027 (0079000026) : 13921.937737353412 
0058000028 (0069000027) : 15692.191995399498 
0079000029 (0058000028) : 15987.210876860154 
0092000030 (0079000029) : 17256.00840802676 
0078000031 (0092000030) : 19036.362229927192 
0019000032 (0078000031) : 19780.781301021503 
0069000033 (0019000032) : 20693.07852381058 
0033000034 (0069000033) : 21963.526273129355 
0063000035 (0033000034) : 22040.41328107049 
0037000036 (0063000035) : 22824.076662710344 
0011000037 (0037000036) : 25378.630858877572 
0029000038 (0011000037) : 25960.18140094024 
0055000039 (0029000038) : 26615.472973792093 
0033000040 (0055000039) : 26761.59133251416 
0021000041 (0033000040) : 27546.654918515687 
0085000042 (0021000041) : 28056.178072979255 
0091000043 (0085000042) : 28601.8294138588 
0007000044 (0091000043) : 29084.49457500564 
0090000045 (0007000044) : 29172.806753912027 
0021000046 (0090000045) : 29552.358282254678 
0066000047 (0021000046) : 30376.695249355853 
0089000048 (0066000047) : 30599.506875582305 
0098000049 (0089000048) : 30635.331184271872 
0066000050 (0098000049) : 30767.988632900007 
0097000051 (0066000050) : 31915.72915808168 
0092000052 (0097000051) : 31993.96229926236 
0041000053 (0092000052) : 34912.85546185417 
0058000054 (0041000053) : 34923.26600762053 
0048000055 (0058000054) : 37916.12547969756 
0044000056 (0048000055) : 38527.90538561645 
0005000057 (0044000056) : 38720.825149457094 
0088000058 (0005000057) : 40394.67084444653 
0037000059 (0088000058) : 40507.6081905677 
0041000060 (0037000059) : 41131.76394606901 
0021000061 (0041000060) : 42131.69000830442 
0047000062 (0021000061) : 43516.641859820425 
0041000063 (0047000062) : 44234.80608210804 
0013000064 (0041000063) : 45880.18296970255 
0046000065 (0013000064) : 46171.574801432915 
0017000066 (0046000065) : 46389.25438189979 
0099000067 (0017000066) : 46479.82406944556 
0071000068 (0099000067) : 46669.855081343776 
0021000069 (0071000068) : 48345.37249925587 
0022000070 (0021000069) : 49075.58482753772 
0025000071 (0022000070) : 49105.64191920979 
0084000072 (0025000071) : 49179.18246805188 
0064000073 (0084000072) : 49723.80749285169 
0050000074 (0064000073) : 50321.211852099 
0054000075 (0050000074) : 51366.14330674841 
0099000076 (0054000075) : 51582.541405396485 
0021000077 (0099000076) : 51621.642891166004 
0062000078 (0021000077) : 52430.85577369748 
0096000079 (0062000078) : 53021.80506416937 
0005000080 (0096000079) : 54376.3847894243 
0021000081 (0005000080) : 54425.48107064026 
0044000082 (0021000081) : 54549.18991401234 
0084000083 (0044000082) : 55108.204907457526 
0080000084 (0084000083) : 56048.17126939965 
0058000085 (0080000084) : 56357.46297730584 
0087000086 (0058000085) : 56916.00862924564 
0071000087 (0087000086) : 58484.89915885857 
0015000088 (0071000087) : 59376.32124059963 
0038000089 (0015000088) : 60878.620660922716 
0004000090 (0038000089) : 61962.8484826128 
0089000091 (0004000090) : 62375.04611967728 
0051000092 (0089000091) : 63022.26381025146 
0062000093 (0051000092) : 63250.057900531116 
0042000094 (0062000093) : 63619.9830212074 
0072000095 (0042000094) : 63749.37899439609 
0049000096 (0072000095) : 63902.46803649148 
0026000097 (0049000096) : 65071.64748740155 
0092000098 (0026000097) : 66339.81587290441 
0065000099 (0092000098) : 67155.2190435762 
0029000100 (0065000099) : 67214.77084159706 
0063000101 (0029000100) : 67390.68137721888 
0036000102 (0063000101) : 67811.59936153685 
0096000103 (0036000102) : 68059.79296341875 
0067000104 (0096000103) : 68902.42317925162 
0022000105 (0067000104) : 69385.64577790306 
0040000106 (0022000105) : 69530.85164816308 
0078000107 (0040000106) : 70276.27395170425 
0021000108 (0078000107) : 70496.41963566383 
0088000109 (0021000108) : 71973.13783661666 
0028000110 (0088000109) : 73752.5425718382 
0045000111 (0028000110) : 75327.21458212516 
0034000112 (0045000111) : 76863.44070294773 
0092000113 (0034000112) : 77324.02743472999 
0088000114 (0092000113) : 77721.38669083838 
0061000115 (0088000114) : 79515.13756042214 
0048000116 (0061000115) : 80439.32854991943 
0020000117 (0048000116) : 80910.16175359981 
0021000118 (0020000117) : 82504.9485219608 
0013000119 (0021000118) : 83303.690656192 
0064000120 (0013000119) : 83966.88216267616 
0018000121 (0064000120) : 84127.57485319421 
0021000122 (0018000121) : 84555.97360282303 
0097000123 (0021000122) : 84675.9983509969 
0041000124 (0097000123) : 85007.66230302275 
0006000125 (0041000124) : 85512.88242072695 
0089000126 (0006000125) : 86992.87079748284 
0053000127 (0089000126) : 87613.61200561494 
0004000128 (0053000127) : 88318.82951522927 
0023000129 (0004000128) : 88800.02453527905 
0051000130 (0023000129) : 89761.0141621381 
0090000131 (0051000130) : 90432.39731342188 
0063000132 (0090000131) : 90437.42317703065 
0000000133 (0063000132) : 91070.5041633758 
0065000134 (0000000133) : 91438.70101974746 
0052000135 (0065000134) : 92129.55387563269 
0088000136 (0052000135) : 94029.34562951136 
0023000137 (0088000136) : 94588.54947838349 
0021000138 (0023000137) : 97155.92923286605 
0086000139 (0021000138) : 97592.1523217505 
0082000140 (0086000139) : 98286.44323123242 
0086000141 (0082000140) : 98644.46636600832 
