0000000000 (genesis block) : 0 
0015000001 (0000000000) : 101.0340665281195 
0021000002 (0015000001) : 856.5317756837352 
0082000003 (0021000002) : 923.2552670696507 
0079000004 (0082000003) : 2229.165474260377 
0075000005 (0079000004) : 2687.273110606541 
0047000006 (0075000005) : 4119.8189442376915 
0070000007 (0047000006) : 4702.11699498027 
0021000008 (0070000007) : 4968.739987925149 
0089000009 (0021000008) : 5004.992124135215 
0021000010 (0089000009) : 5074.269617622963 
0059000011 (0021000010) : 5508.8595973142255 
0056000012 (0059000011) : 5830.410907335138 
0047000013 (0056000012) : 6541.389388666302 
0008000014 (0047000013) : 7043.488209875939 
0053000015 (0008000014) : 7862.68011688406 
0094000016 (0053000015) : 7899.86537130814 
0000000017 (0094000016) : 7985.88914885818 
0055000018 (0000000017) : 8235.673528630372 
0088000019 (0055000018) : 9211.205355592674 
0040000020 (0088000019) : 9731.68052431622 
0017000021 (0040000020) : 9737.067225876435 
0037000022 (0017000021) : 11640.61198159314 
0006000023 (0037000022) : 13139.178021469199 
0092000024 (0006000023) : 13556.407131537697 
0093000025 (0092000024) : 13620.72994212784 
0079000026 (0093000025) : 13754.563842632044 
0069000027 (0079000026) : 13922.145503035003 
0058000028 (0069000027) : 15692.798323174065 
0079000029 (0058000028) : 15987.727353185763 
0092000030 (0079000029) : 17256.059561500144 
0078000031 (0092000030) : 19036.500912215168 
0019000032 (0078000031) : 19781.131262377607 
0069000033 (0019000032) : 20693.288380023594 
0033000034 (0069000033) : 21963.858693535545 
0063000035 (0033000034) : 22040.341191459956 
0037000036 (0063000035) : 22824.409888792932 
0011000037 (0037000036) : 25378.983460619427 
0029000038 (0011000037) : 25960.86626379776 
0055000039 (0029000038) : 26615.491604070365 
0033000040 (0055000039) : 26761.920848948626 
0021000041 (0033000040) : 27546.404743563537 
0085000042 (0021000041) : 28056.380104877484 
0091000043 (0085000042) : 28602.012560425006 
0007000044 (0091000043) : 29084.229550737156 
0090000045 (0007000044) : 29172.846860421738 
0021000046 (0090000045) : 29552.106708564468 
0066000047 (0021000046) : 30377.117170739766 
0089000048 (0066000047) : 30599.89595618462 
0098000049 (0089000048) : 30635.241125827564 
0066000050 (0098000049) : 30768.41752443391 
0097000051 (0066000050) : 31915.786266650382 
0092000052 (0097000051) : 31994.012662888574 
0041000053 (0092000052) : 34912.97192421857 
0058000054 (0041000053) : 34923.872878480586 
0048000055 (0058000054) : 37916.3275990993 
0044000056 (0048000055) : 38527.839621282634 
0005000057 (0044000056) : 38720.740366560414 
0088000058 (0005000057) : 40394.55365115456 
0037000059 (0088000058) : 40507.93715612924 
0041000060 (0037000059) : 41131.87886167123 
0021000061 (0041000060) : 42131.43829123571 
0047000062 (0021000061) : 43516.80562165369 
0041000063 (0047000062) : 44234.921583964715 
0013000064 (0041000063) : 45880.409374397845 
0046000065 (0013000064) : 46171.849674903904 
0017000066 (0046000065) : 46389.578945684385 
0099000067 (0017000066) : 46479.98602759583 
0071000068 (0099000067) : 46669.57072122279 
0021000069 (0071000068) : 48345.12157201689 
0022000070 (0021000069) : 49075.92508900493 
0025000071 (0022000070) : 49106.028640148485 
0084000072 (0025000071) : 49179.24394149936 
0064000073 (0084000072) : 49724.16392333111 
0050000074 (0064000073) : 50321.56921392268 
0054000075 (0050000074) : 51366.537477280384 
0099000076 (0054000075) : 51582.70185438133 
0021000077 (0099000076) : 51621.38896179605 
0062000078 (0021000077) : 52430.96092855484 
0096000079 (0062000078) : 53022.140253418154 
0005000080 (0096000079) : 54376.30340711508 
0021000081 (0005000080) : 54425.22342690377 
0044000082 (0021000081) : 54549.12149076642 
0084000083 (0044000082) : 55108.26365740262 
0080000084 (0084000083) : 56047.88403718048 
0058000085 (0080000084) : 56358.064897498494 
0087000086 (0058000085) : 56916.69808248091 
0071000087 (0087000086) : 58484.6106537587 
0015000088 (0071000087) : 59376.71277558635 
0038000089 (0015000088) : 60878.55055037239 
0004000090 (0038000089) : 61963.14680191009 
0089000091 (0004000090) : 62375.4380345452 
0051000092 (0089000091) : 63022.36630292311 
0062000093 (0051000092) : 63250.15809402854 
0042000094 (0062000093) : 63619.729552840254 
0072000095 (0042000094) : 63749.119989373416 
0049000096 (0072000095) : 63902.86266746634 
0026000097 (0049000096) : 65072.25142326145 
0092000098 (0026000097) : 66339.86339533747 
0065000099 (0092000098) : 67155.31270912536 
0029000100 (0065000099) : 67215.45479564273 
0063000101 (0029000100) : 67390.60964700446 
0036000102 (0063000101) : 67812.00386037077 
0096000103 (0036000102) : 68060.13065072626 
0067000104 (0096000103) : 68902.49458215182 
0022000105 (0067000104) : 69385.98802639822 
0040000106 (0022000105) : 69531.12919557633 
0078000107 (0040000106) : 70276.4115622823 
0021000108 (0078000107) : 70496.16739403398 
0088000109 (0021000108) : 71973.02086357027 
0028000110 (0088000109) : 73752.55857253388 
0045000111 (0028000110) : 75327.44552058549 
0034000112 (0045000111) : 76863.78623039614 
0092000113 (0034000112) : 77324.07809331785 
0088000114 (0092000113) : 77721.27613888428 
0061000115 (0088000114) : 79515.2900474976 
0048000116 (0061000115) : 80439.5305286383 
0020000117 (0048000116) : 80910.39918494073 
0021000118 (0020000117) : 82504.69600841576 
0013000119 (0021000118) : 83303.91923709662 
0064000120 (0013000119) : 83967.24014312366 
0018000121 (0064000120) : 84127.78391299391 
0021000122 (0018000121) : 84555.72059515581 
0097000123 (0021000122) : 84676.0564859408 
0041000124 (0097000123) : 85007.7774818043 
0006000125 (0041000124) : 85513.27420577011 
0089000126 (0006000125) : 86993.26280278039 
0053000127 (0089000126) : 87613.54168179673 
0004000128 (0053000127) : 88319.1241964163 
0023000129 (0004000128) : 88800.35291083856 
0051000130 (0023000129) : 89761.1217095658 
0090000131 (0051000130) : 90432.43398879119 
0063000132 (0090000131) : 90437.3506136314 
0000000133 (0063000132) : 91070.81918102536 
0065000134 (0000000133) : 91438.79317708079 
0052000135 (0065000134) : 92129.35638298084 
0088000136 (0052000135) : 94029.22466173921 
0023000137 (0088000136) : 94588.88240983243 
0021000138 (0023000137) : 97155.67960324827 
0086000139 (0021000138) : 97592.30171795712 
0082000140 (0086000139) : 98285.76058719489 
0086000141 (0082000140) : 98644.61389876597 
