0000000000 (genesis block) : 0 
0015000001 (0000000000) : 100.8330307100086 
0021000002 (0015000001) : 856.5017974679195 
0082000003 (0021000002) : 923.8593928454184 
0079000004 (0082000003) : 2229.08760780398 
0075000005 (0079000004) : 2686.7829380872677 
0047000006 (0075000005) : 4119.818489427212 
0070000007 (0047000006) : 4702.134888624932 
0021000008 (0070000007) : 4968.709496357785 
0089000009 (0021000008) : 5004.737730670234 
0021000010 (0089000009) : 5074.238118326861 
0059000011 (0021000010) : 5508.73323376697 
0056000012 (0059000011) : 5830.292469636378 
0047000013 (0056000012) : 6541.398457186552 
0008000014 (0047000013) : 7043.495919033158 
0053000015 (0008000014) : 7862.853821684996 
0094000016 (0053000015) : 7900.078622547681 
0000000017 (0094000016) : 7985.704531198793 
0055000018 (0000000017) : 8235.81148391844 
0088000019 (0055000018) : 9211.381552905012 
0040000020 (0088000019) : 9731.476455804403 
0017000021 (0040000020) : 9736.46169393033 
0037000022 (0017000021) : 11640.528617244248 
0006000023 (0037000022) : 13138.921585953995 
0092000024 (0006000023) : 13556.424824453665 
0093000025 (0092000024) : 13620.460521905374 
0079000026 (0093000025) : 13754.481967043863 
0069000027 (0079000026) : 13922.142343324107 
0058000028 (0069000027) : 15692.631581102922 
0079000029 (0058000028) : 15987.645957385335 
0092000030 (0079000029) : 17256.078877247415 
0078000031 (0092000030) : 19036.216011962453 
0019000032 (0078000031) : 19780.809870930927 
0069000033 (0019000032) : 20693.283235380088 
0033000034 (0069000033) : 21963.77666194651 
0063000035 (0033000034) : 22040.525382047555 
0037000036 (0063000035) : 22824.328374386256 
0011000037 (0037000036) : 25378.77760076044 
0029000038 (0011000037) : 25960.66874200451 
0055000039 (0029000038) : 26615.623951023223 
0033000040 (0055000039) : 26761.835995322253 
0021000041 (0033000040) : 27546.372735911627 
0085000042 (0021000041) : 28056.299772731873 
0091000043 (0085000042) : 28601.72263540338 
0007000044 (0091000043) : 29084.4234551363 
0090000045 (0007000044) : 29173.070185000743 
0021000046 (0090000045) : 29552.073607201615 
0066000047 (0021000046) : 30376.85649929654 
0089000048 (0066000047) : 30599.640445476783 
0098000049 (0089000048) : 30635.373510648922 
0066000050 (0098000049) : 30768.14642760623 
0097000051 (0066000050) : 31915.86652282775 
0092000052 (0097000051) : 31994.029114614572 
0041000053 (0092000052) : 34912.369355923154 
0058000054 (0041000053) : 34923.70521697719 
0048000055 (0058000054) : 37916.24805575469 
0044000056 (0048000055) : 38527.99188183633 
0005000057 (0044000056) : 38720.81331212635 
0088000058 (0005000057) : 40394.73093002384 
0037000059 (0088000058) : 40507.853112586396 
0041000060 (0037000059) : 41131.276789740055 
0021000061 (0041000060) : 42131.40660868494 
0047000062 (0021000061) : 43516.811809527426 
0041000063 (0047000062) : 44234.31965944943 
0013000064 (0041000063) : 45880.26063892268 
0046000065 (0013000064) : 46171.64416374624 
0017000066 (0046000065) : 46388.970887277304 
0099000067 (0017000066) : 46479.99392522474 
0071000068 (0099000067) : 46669.75491624341 
0021000069 (0071000068) : 48345.08897138664 
0022000070 (0021000069) : 49075.58056769948 
0025000071 (0022000070) : 49105.61041852653 
0084000072 (0025000071) : 49179.30115330366 
0064000073 (0084000072) : 49723.91775017151 
0050000074 (0064000073) : 50321.197923235566 
0054000075 (0050000074) : 51366.22350843938 
0099000076 (0054000075) : 51582.71381190676 
0021000077 (0099000076) : 51621.35608405952 
0062000078 (0021000077) : 52431.02561561575 
0096000079 (0062000078) : 53021.79760395789 
0005000080 (0096000079) : 54376.379110495116 
0021000081 (0005000080) : 54425.19295087514 
0044000082 (0021000081) : 54549.28001513259 
0084000083 (0044000082) : 55108.320599337225 
0080000084 (0084000083) : 56048.09280881448 
0058000085 (0080000084) : 56357.90129873176 
0087000086 (0058000085) : 56916.49470179825 
0071000087 (0087000086) : 58484.79283869351 
0015000088 (0071000087) : 59376.50951724273 
0038000089 (0015000088) : 60878.72884463983 
0004000090 (0038000089) : 61962.54117988022 
0089000091 (0004000090) : 62375.18160850212 
0051000092 (0089000091) : 63022.41640472136 
0062000093 (0051000092) : 63250.23088284235 
0042000094 (0062000093) : 63619.698229116504 
0072000095 (0042000094) : 63749.29602988389 
0049000096 (0072000095) : 63902.954434117615 
0026000097 (0049000096) : 65072.08703009014 
0092000098 (0026000097) : 66339.87946516255 
0065000099 (0092000098) : 67155.34064600871 
0029000100 (0065000099) : 67215.25800050728 
0063000101 (0029000100) : 67390.79307662521 
0036000102 (0063000101) : 67811.90512808868 
0096000103 (0036000102) : 68059.7879000717 
0067000104 (0096000103) : 68902.56109643767 
0022000105 (0067000104) : 69385.63905565848 
0040000106 (0022000105) : 69530.92064578533 
0078000107 (0040000106) : 70276.12593274208 
0021000108 (0078000107) : 70496.13508573773 
0088000109 (0021000108) : 71973.198717759 
0028000110 (0088000109) : 73752.6031368383 
0045000111 (0028000110) : 75327.23839149572 
0034000112 (0045000111) : 76863.46942936911 
0092000113 (0034000112) : 77324.09861307687 
0088000114 (0092000113) : 77721.44823776446 
0061000115 (0088000114) : 79515.16696714115 
0048000116 (0061000115) : 80439.44841069836 
0020000117 (0048000116) : 80909.85176808204 
0021000118 (0020000117) : 82504.66398876636 
0013000119 (0021000118) : 83303.77119407349 
0064000120 (0013000119) : 83966.99351029306 
0018000121 (0064000120) : 84127.7481222518 
0021000122 (0018000121) : 84555.69046183159 
0097000123 (0021000122) : 84676.13603978466 
0041000124 (0097000123) : 85007.17566312768 
0006000125 (0041000124) : 85513.01501293843 
0089000126 (0006000125) : 86993.00685368467 
0053000127 (0089000126) : 87613.72097102538 
0004000128 (0053000127) : 88318.5213502172 
0023000129 (0004000128) : 88800.23117417959 
0051000130 (0023000129) : 89761.16669147997 
0090000131 (0051000130) : 90432.6602867437 
0063000132 (0090000131) : 90437.53361700967 
0000000133 (0063000132) : 91070.6388207855 
0065000134 (0000000133) : 91438.81976683573 
0052000135 (0065000134) : 92129.25230858085 
0088000136 (0052000135) : 94029.403273524 
0023000137 (0088000136) : 94588.75933320039 
0021000138 (0023000137) : 97155.6450107536 
0086000139 (0021000138) : 97592.27229762463 
0082000140 (0086000139) : 98286.36779713196 
0086000141 (0082000140) : 98644.58317082861 
