0000000000 (genesis block) : 0 
0015000001 (0000000000) : 101.07005018177489 
0021000002 (0015000001) : 856.7353862365583 
0082000003 (0021000002) : 923.5854791232017 
0079000004 (0082000003) : 2228.8646392765163 
0075000005 (0079000004) : 2687.4603681699605 
0047000006 (0075000005) : 4119.684459607677 
0070000007 (0047000006) : 4701.7867173218565 
0021000008 (0070000007) : 4968.943373875519 
0089000009 (0021000008) : 5004.987423554725 
0021000010 (0089000009) : 5074.4728016438685 
0059000011 (0021000010) : 5508.58795847886 
0056000012 (0059000011) : 5830.085091681004 
0047000013 (0056000012) : 6541.262932898375 
0008000014 (0047000013) : 7043.361733104126 
0053000015 (0008000014) : 7862.580694247506 
0094000016 (0053000015) : 7899.816588797457 
0000000017 (0094000016) : 7985.891963795872 
0055000018 (0000000017) : 8235.742583507781 
0088000019 (0055000018) : 9211.404148483358 
0040000020 (0088000019) : 9731.519859144202 
0017000021 (0040000020) : 9736.933467998106 
0037000022 (0017000021) : 11640.65027455061 
0006000023 (0037000022) : 13139.085529460379 
0092000024 (0006000023) : 13556.465948127936 
0093000025 (0092000024) : 13620.551271591701 
0079000026 (0093000025) : 13754.2613019253 
0069000027 (0079000026) : 13921.814994546392 
0058000028 (0069000027) : 15692.5950715146 
0079000029 (0058000028) : 15987.42398712731 
0092000030 (0079000029) : 17256.119355704628 
0078000031 (0092000030) : 19036.643555398903 
0019000032 (0078000031) : 19780.973388288192 
0069000033 (0019000032) : 20692.958329542453 
0033000034 (0069000033) : 21963.801713775865 
0063000035 (0033000034) : 22040.45499342635 
0037000036 (0063000035) : 22824.444347103843 
0011000037 (0037000036) : 25379.056070868228 
0029000038 (0011000037) : 25960.555855273702 
0055000039 (0029000038) : 26615.55828001923 
0033000040 (0055000039) : 26761.86471903783 
0021000041 (0033000040) : 27546.604443858032 
0085000042 (0021000041) : 28056.440239078347 
0091000043 (0085000042) : 28601.6817520844 
0007000044 (0091000043) : 29084.53783635144 
0090000045 (0007000044) : 29172.516822083922 
0021000046 (0090000045) : 29552.310765978153 
0066000047 (0021000046) : 30376.95567187579 
0089000048 (0066000047) : 30599.88792879121 
0098000049 (0089000048) : 30635.397225532524 
0066000050 (0098000049) : 30768.247963315214 
0097000051 (0066000050) : 31915.455386384994 
0092000052 (0097000051) : 31994.0739933483 
0041000053 (0092000052) : 34913.04460059495 
0058000054 (0041000053) : 34923.668900409684 
0048000055 (0058000054) : 37916.388096116774 
0044000056 (0048000055) : 38527.979991886314 
0005000057 (0044000056) : 38720.409748252256 
0088000058 (0005000057) : 40394.75453517448 
0037000059 (0088000058) : 40507.97669252005 
0041000060 (0037000059) : 41131.95152619766 
0021000061 (0041000060) : 42131.642721067314 
0047000062 (0021000061) : 43516.679829752415 
0041000063 (0047000062) : 44234.99622751261 
0013000064 (0041000063) : 45880.46710996524 
0046000065 (0013000064) : 46171.668137774424 
0017000066 (0046000065) : 46389.44321939574 
0099000067 (0017000066) : 46479.861242471954 
0071000068 (0099000067) : 46669.77088209087 
0021000069 (0071000068) : 48345.324113457944 
0022000070 (0021000069) : 49075.760963774046 
0025000071 (0022000070) : 49105.69807317429 
0084000072 (0025000071) : 49178.941997574344 
0064000073 (0084000072) : 49724.00041982781 
0050000074 (0064000073) : 50321.377883094 
0054000075 (0050000074) : 51366.40443097692 
0099000076 (0054000075) : 51582.5801937717 
0021000077 (0099000076) : 51621.58941101892 
0062000078 (0021000077) : 52430.890316504934 
0096000079 (0062000078) : 53021.99654142059 
0005000080 (0096000079) : 54375.972705208755 
0021000081 (0005000080) : 54425.42585521036 
0044000082 (0021000081) : 54549.264996072336 
0084000083 (0044000082) : 55107.96261769452 
0080000084 (0084000083) : 56048.11699368915 
0058000085 (0080000084) : 56357.86277009212 
0087000086 (0058000085) : 56916.43741627495 
0071000087 (0087000086) : 58484.81079309106 
0015000088 (0071000087) : 59376.7469340484 
0038000089 (0015000088) : 60878.69557338897 
0004000090 (0038000089) : 61963.014893734406 
0089000091 (0004000090) : 62375.42776888522 
0051000092 (0089000091) : 63022.28087227 
0062000093 (0051000092) : 63250.09479660976 
0042000094 (0062000093) : 63619.79938636935 
0072000095 (0042000094) : 63749.32427290547 
0049000096 (0072000095) : 63902.53247339491 
0026000097 (0049000096) : 65072.07886860817 
0092000098 (0026000097) : 66339.92556044357 
0065000099 (0092000098) : 67154.98177125548 
0029000100 (0065000099) : 67215.15083614638 
0063000101 (0029000100) : 67390.72325491685 
0036000102 (0063000101) : 67811.96865444377 
0096000103 (0036000102) : 68059.98699372524 
0067000104 (0096000103) : 68902.16421746789 
0022000105 (0067000104) : 69385.81784900611 
0040000106 (0022000105) : 69530.96348880338 
0078000107 (0040000106) : 70276.55180207972 
0021000108 (0078000107) : 70496.37110557832 
0088000109 (0021000108) : 71973.22354061055 
0028000110 (0088000109) : 73752.38675141979 
0045000111 (0028000110) : 75327.32322878798 
0034000112 (0045000111) : 76863.631860896 
0092000113 (0034000112) : 77324.13957422812 
0088000114 (0092000113) : 77721.47291520868 
0061000115 (0088000114) : 79515.20618596845 
0048000116 (0061000115) : 80439.59184152239 
0020000117 (0048000116) : 80910.25948548915 
0021000118 (0020000117) : 82504.89703175197 
0013000119 (0021000118) : 83303.98254086309 
0064000120 (0013000119) : 83967.0745130933 
0018000121 (0064000120) : 84127.45249029782 
0021000122 (0018000121) : 84555.92557131853 
0097000123 (0021000122) : 84675.72607557011 
0041000124 (0097000123) : 85007.84799828049 
0006000125 (0041000124) : 85513.17856632714 
0089000126 (0006000125) : 86993.25797152791 
0053000127 (0089000126) : 87613.44104928541 
0004000128 (0053000127) : 88318.99480695231 
0023000129 (0004000128) : 88800.29670838472 
0051000130 (0023000129) : 89761.03508672425 
0090000131 (0051000130) : 90432.10388787347 
0063000132 (0090000131) : 90437.4634485719 
0000000133 (0063000132) : 91070.82107084717 
0065000134 (0000000133) : 91438.46235545987 
0052000135 (0065000134) : 92129.56440295451 
0088000136 (0052000135) : 94029.42743507677 
0023000137 (0088000136) : 94588.8235599066 
0021000138 (0023000137) : 97155.88155603936 
0086000139 (0021000138) : 97591.96957749853 
0082000140 (0086000139) : 98286.09238313197 
0086000141 (0082000140) : 98644.28126144921 
