0000000000 (genesis block) : 0 
0015000001 (0000000000) : 100.61182983015048 
0021000002 (0015000001) : 856.732985617506 
0082000003 (0021000002) : 923.9378478706525 
0079000004 (0082000003) : 2228.7270993019542 
0075000005 (0079000004) : 2687.1927256774325 
0047000006 (0075000005) : 4119.7267141378625 
0070000007 (0047000006) : 4702.035418233412 
0021000008 (0070000007) : 4968.940351482192 
0089000009 (0021000008) : 5004.572531324619 
0021000010 (0089000009) : 5074.46996146089 
0059000011 (0021000010) : 5508.6727861033105 
0056000012 (0059000011) : 5830.10141641119 
0047000013 (0056000012) : 6541.303260020789 
0008000014 (0047000013) : 7043.403056923421 
0053000015 (0008000014) : 7862.716594463469 
0094000016 (0053000015) : 7899.700809164139 
0000000017 (0094000016) : 7985.540201995103 
0055000018 (0000000017) : 8235.667750708992 
0088000019 (0055000018) : 9211.292101464693 
0040000020 (0088000019) : 9731.485032838926 
0017000021 (0040000020) : 9736.776845950499 
0037000022 (0017000021) : 11640.207097618217 
0006000023 (0037000022) : 13138.757008850462 
0092000024 (0006000023) : 13556.343977729783 
0093000025 (0092000024) : 13620.049489288736 
0079000026 (0093000025) : 13754.123312430887 
0069000027 (0079000026) : 13922.015420104488 
0058000028 (0069000027) : 15692.162565388116 
0079000029 (0058000028) : 15987.28749026983 
0092000030 (0079000029) : 17255.99814065415 
0078000031 (0092000030) : 19036.28697560501 
0019000032 (0078000031) : 19780.789588103762 
0069000033 (0019000032) : 20693.153581343016 
0033000034 (0069000033) : 21963.450518411395 
0063000035 (0033000034) : 22040.422185709464 
0037000036 (0063000035) : 22824.000356289147 
0011000037 (0037000036) : 25378.60148767252 
0029000038 (0011000037) : 25960.257763619284 
0055000039 (0029000038) : 26615.481948185447 
0033000040 (0055000039) : 26761.513237364856 
0021000041 (0033000040) : 27546.60510925062 
0085000042 (0021000041) : 28056.187827391772 
0091000043 (0085000042) : 28601.84015286891 
0007000044 (0091000043) : 29084.501235392763 
0090000045 (0007000044) : 29172.88242363553 
0021000046 (0090000045) : 29552.30891680684 
0066000047 (0021000046) : 30376.66572924728 
0089000048 (0066000047) : 30599.476545817524 
0098000049 (0089000048) : 30635.30091909244 
0066000050 (0098000049) : 30767.95738606 
0097000051 (0066000050) : 31915.80524683905 
0092000052 (0097000051) : 31993.948640517232 
0041000053 (0092000052) : 34912.88293670427 
0058000054 (0041000053) : 34923.235569540855 
0048000055 (0058000054) : 37916.10386597543 
0044000056 (0048000055) : 38527.87574902571 
0005000057 (0044000056) : 38720.83279302029 
0088000058 (0005000057) : 40394.640894224445 
0037000059 (0088000058) : 40507.5305803497 
0041000060 (0037000059) : 41131.79068394751 
0021000061 (0041000060) : 42131.63947863232 
0047000062 (0021000061) : 43516.71747155176 
0041000063 (0047000062) : 44234.83409921717 
0013000064 (0041000063) : 45880.10724338946 
0046000065 (0013000064) : 46171.65026542835 
0017000066 (0046000065) : 46389.28292630889 
0099000067 (0017000066) : 46479.89888152516 
0071000068 (0099000067) : 46669.85751597035 
0021000069 (0071000068) : 48345.32093468444 
0022000070 (0021000069) : 49075.59337885429 
0025000071 (0022000070) : 49105.610888811374 
0084000072 (0025000071) : 49179.25816134908 
0064000073 (0084000072) : 49723.82026857626 
0050000074 (0064000073) : 50321.21598244991 
0054000075 (0050000074) : 51366.16441502522 
0099000076 (0054000075) : 51582.61816590425 
0021000077 (0099000076) : 51621.58775333698 
0062000078 (0021000077) : 52430.93344540886 
0096000079 (0062000078) : 53021.811781429875 
0005000080 (0096000079) : 54376.393905669735 
0021000081 (0005000080) : 54425.42658797599 
0044000082 (0021000081) : 54549.16047446045 
0084000083 (0044000082) : 55108.279723448766 
0080000084 (0084000083) : 56048.17256174492 
0058000085 (0080000084) : 56357.43244365488 
0087000086 (0058000085) : 56916.089270258424 
0071000087 (0087000086) : 58484.90046889332 
0015000088 (0071000087) : 59376.29133552607 
0038000089 (0015000088) : 60878.59132096182 
0004000090 (0038000089) : 61962.816003912456 
0089000091 (0004000090) : 62375.01865595176 
0051000092 (0089000091) : 63022.34126656029 
0062000093 (0051000092) : 63250.13334612135 
0042000094 (0062000093) : 63619.92879275596 
0072000095 (0042000094) : 63749.377170560394 
0049000096 (0072000095) : 63902.54498440932 
0026000097 (0049000096) : 65071.61610697373 
0092000098 (0026000097) : 66339.79957369261 
0065000099 (0092000098) : 67155.29430186575 
0029000100 (0065000099) : 67214.84667375503 
0063000101 (0029000100) : 67390.68811087082 
0036000102 (0063000101) : 67811.52102228664 
0096000103 (0036000102) : 68059.80575618075 
0067000104 (0096000103) : 68902.49965275789 
0022000105 (0067000104) : 69385.65742883076 
0040000106 (0022000105) : 69530.92664523415 
0078000107 (0040000106) : 70276.19817398739 
0021000108 (0078000107) : 70496.36687027954 
0088000109 (0021000108) : 71973.10796585702 
0028000110 (0088000109) : 73752.46889669729 
0045000111 (0028000110) : 75327.29101914832 
0034000112 (0045000111) : 76863.4486250571 
0092000113 (0034000112) : 77324.01626904708 
0088000114 (0092000113) : 77721.35668933557 
0061000115 (0088000114) : 79515.14799676488 
0048000116 (0061000115) : 80439.30866929071 
0020000117 (0048000116) : 80910.13374178002 
0021000118 (0020000117) : 82504.89529550738 
0013000119 (0021000118) : 83303.61536816915 
0064000120 (0013000119) : 83966.89226928478 
0018000121 (0064000120) : 84127.65073960848 
0021000122 (0018000121) : 84555.92159578753 
0097000123 (0021000122) : 84676.07481291008 
0041000124 (0097000123) : 85007.69047936292 
0006000125 (0041000124) : 85512.85172564612 
0089000126 (0006000125) : 86992.84137241711 
0053000127 (0089000126) : 87613.584102167 
0004000128 (0053000127) : 88318.79880666183 
0023000129 (0004000128) : 88799.9467703178 
0051000130 (0023000129) : 89761.08986728652 
0090000131 (0051000130) : 90432.47329989144 
0063000132 (0090000131) : 90437.43259084845 
0000000133 (0063000132) : 91070.47327060316 
0065000134 (0000000133) : 91438.77657035775 
0052000135 (0065000134) : 92129.52483299522 
0088000136 (0052000135) : 94029.31568732303 
0023000137 (0088000136) : 94588.47364802491 
0021000138 (0023000137) : 97155.87790660329 
0086000139 (0021000138) : 97592.16218290765 
0082000140 (0086000139) : 98286.44175773699 
0086000141 (0082000140) : 98644.47387025485 
