0000000000 (genesis block) : 0 
0015000001 (0000000000) : 100.62223201616405 
0021000002 (0015000001) : 856.5194275142452 
0082000003 (0021000002) : 923.6682342875503 
0079000004 (0082000003) : 2228.9763529012275 
0075000005 (0079000004) : 2687.2286442114028 
0047000006 (0075000005) : 4119.799557519401 
0070000007 (0047000006) : 4701.9686306810145 
0021000008 (0070000007) : 4968.725627208571 
0089000009 (0021000008) : 5004.582184033614 
0021000010 (0089000009) : 5074.257534908374 
0059000011 (0021000010) : 5508.768450990466 
0056000012 (0059000011) : 5830.120551644384 
0047000013 (0056000012) : 6541.378435974888 
0008000014 (0047000013) : 7043.474843257782 
0053000015 (0008000014) : 7862.613469676795 
0094000016 (0053000015) : 7899.8835202138 
0000000017 (0094000016) : 7985.550477123386 
0055000018 (0000000017) : 8235.665709741412 
0088000019 (0055000018) : 9211.189263148406 
0040000020 (0088000019) : 9731.590466288208 
0017000021 (0040000020) : 9736.79857753675 
0037000022 (0017000021) : 11640.421217353707 
0006000023 (0037000022) : 13138.766019973971 
0092000024 (0006000023) : 13556.42597496923 
0093000025 (0092000024) : 13620.48563329578 
0079000026 (0093000025) : 13754.374122496061 
0069000027 (0079000026) : 13922.152003164801 
0058000028 (0069000027) : 15692.586419772513 
0079000029 (0058000028) : 15987.538262626846 
0092000030 (0079000029) : 17256.07761951598 
0078000031 (0092000030) : 19036.488082665834 
0019000032 (0078000031) : 19780.81269464471 
0069000033 (0019000032) : 20693.29425182644 
0033000034 (0069000033) : 21963.66763234563 
0063000035 (0033000034) : 22040.33459364377 
0037000036 (0063000035) : 22824.22222765219 
0011000037 (0037000036) : 25378.970836293614 
0029000038 (0011000037) : 25960.68126676539 
0055000039 (0029000038) : 26615.484318822644 
0033000040 (0055000039) : 26761.732889846724 
0021000041 (0033000040) : 27546.390947268832 
0085000042 (0021000041) : 28056.24663828929 
0091000043 (0085000042) : 28601.893542409813 
0007000044 (0091000043) : 29084.56496907006 
0090000045 (0007000044) : 29173.05811184935 
0021000046 (0090000045) : 29552.093364378696 
0066000047 (0021000046) : 30376.98904420515 
0089000048 (0066000047) : 30599.484848294513 
0098000049 (0089000048) : 30634.830620817535 
0066000050 (0098000049) : 30768.281451397343 
0097000051 (0066000050) : 31915.533491680006 
0092000052 (0097000051) : 31994.03109757271 
0041000053 (0092000052) : 34912.90673743576 
0058000054 (0041000053) : 34923.66013307046 
0048000055 (0058000054) : 37916.139793990274 
0044000056 (0048000055) : 38527.825114670915 
0005000057 (0044000056) : 38720.78265337 
0088000058 (0005000057) : 40394.53866371889 
0037000059 (0088000058) : 40507.747325960976 
0041000060 (0037000059) : 41131.81508090715 
0021000061 (0041000060) : 42131.42539140971 
0047000062 (0021000061) : 43516.79146330904 
0041000063 (0047000062) : 44234.85936965784 
0013000064 (0041000063) : 45880.42734945773 
0046000065 (0013000064) : 46171.76130421361 
0017000066 (0046000065) : 46389.30777698073 
0099000067 (0017000066) : 46479.97290519666 
0071000068 (0099000067) : 46669.58813560812 
0021000069 (0071000068) : 48345.10991171668 
0022000070 (0021000069) : 49075.62035717449 
0025000071 (0022000070) : 49105.6188741689 
0084000072 (0025000071) : 49179.23331872113 
0064000073 (0084000072) : 49723.920087487364 
0050000074 (0064000073) : 50321.24005787579 
0054000075 (0050000074) : 51366.263577242746 
0099000076 (0054000075) : 51582.691544638845 
0021000077 (0099000076) : 51621.37572085499 
0062000078 (0021000077) : 52430.94693771364 
0096000079 (0062000078) : 53021.83554370238 
0005000080 (0096000079) : 54376.34641406969 
0021000081 (0005000080) : 54425.21089617669 
0044000082 (0021000081) : 54549.11121754683 
0084000083 (0044000082) : 55108.249148246134 
0080000084 (0084000083) : 56047.90120782053 
0058000085 (0080000084) : 56357.85898061485 
0087000086 (0058000085) : 56916.51457068735 
0071000087 (0087000086) : 58484.62779483173 
0015000088 (0071000087) : 59376.30108706272 
0038000089 (0015000088) : 60878.538208567596 
0004000090 (0038000089) : 61963.037559173994 
0089000091 (0004000090) : 62375.02616538417 
0051000092 (0089000091) : 63022.35435402263 
0062000093 (0051000092) : 63250.14554068734 
0042000094 (0062000093) : 63619.71545278455 
0072000095 (0042000094) : 63749.106021038046 
0049000096 (0072000095) : 63902.855174227785 
0026000097 (0049000096) : 65072.04418372563 
0092000098 (0026000097) : 66339.883747146 
0065000099 (0092000098) : 67155.33563370323 
0029000100 (0065000099) : 67215.27136044533 
0063000101 (0029000100) : 67390.60266565828 
0036000102 (0063000101) : 67811.91830047105 
0096000103 (0036000102) : 68059.82449979684 
0067000104 (0096000103) : 68902.19868717562 
0022000105 (0067000104) : 69385.67642196915 
0040000106 (0022000105) : 69531.0376004382 
0078000107 (0040000106) : 70276.39624489575 
0021000108 (0078000107) : 70496.15417484306 
0088000109 (0021000108) : 71973.00769967456 
0028000110 (0088000109) : 73752.54257116109 
0045000111 (0028000110) : 75327.42937502405 
0034000112 (0045000111) : 76863.4723348252 
0092000113 (0034000112) : 77324.09520667461 
0088000114 (0092000113) : 77721.25720161339 
0061000115 (0088000114) : 79515.1691258144 
0048000116 (0061000115) : 80439.3438604087 
0020000117 (0048000116) : 80910.3556619152 
0021000118 (0020000117) : 82504.68556972104 
0013000119 (0021000118) : 83303.93861746082 
0064000120 (0013000119) : 83966.99253236012 
0018000121 (0064000120) : 84127.70976947328 
0021000122 (0018000121) : 84555.70767246246 
0097000123 (0021000122) : 84675.80412297133 
0041000124 (0097000123) : 85007.71326756953 
0006000125 (0041000124) : 85512.86308476167 
0089000126 (0006000125) : 86992.85069775055 
0053000127 (0089000126) : 87613.47607734283 
0004000128 (0053000127) : 88319.02813385094 
0023000129 (0004000128) : 88800.16589125035 
0051000130 (0023000129) : 89761.10924604745 
0090000131 (0051000130) : 90432.64518026462 
0063000132 (0090000131) : 90437.34296223182 
0000000133 (0063000132) : 91070.48165419373 
0065000134 (0000000133) : 91438.81349756225 
0052000135 (0065000134) : 92129.62529606001 
0088000136 (0052000135) : 94029.2121748073 
0023000137 (0088000136) : 94588.6914746596 
0021000138 (0023000137) : 97155.66455215077 
0086000139 (0021000138) : 97592.04048984822 
0082000140 (0086000139) : 98286.1722269057 
0086000141 (0082000140) : 98644.35268465716 
