0000000000 (genesis block) : 0 
0015000001 (0000000000) : 100.98922718346203 
0021000002 (0015000001) : 856.7876438988072 
0082000003 (0021000002) : 923.8883208488609 
0079000004 (0082000003) : 2228.663638970801 
0075000005 (0079000004) : 2687.376896310321 
0047000006 (0075000005) : 4119.86904724607 
0070000007 (0047000006) : 4701.486473267558 
0021000008 (0070000007) : 4968.996391842253 
0089000009 (0021000008) : 5004.950990903441 
0021000010 (0089000009) : 5074.526114300944 
0059000011 (0021000010) : 5508.88063705463 
0056000012 (0059000011) : 5830.001645561266 
0047000013 (0056000012) : 6541.445878977159 
0008000014 (0047000013) : 7043.541791636642 
0053000015 (0008000014) : 7862.49956466335 
0094000016 (0053000015) : 7899.8291787863 
0000000017 (0094000016) : 7985.859412212736 
0055000018 (0000000017) : 8235.513179273587 
0088000019 (0055000018) : 9211.400717048904 
0040000020 (0088000019) : 9731.623141323706 
0017000021 (0040000020) : 9736.911061745806 
0037000022 (0017000021) : 11640.434882270827 
0006000023 (0037000022) : 13139.137764079864 
0092000024 (0006000023) : 13556.570771891533 
0093000025 (0092000024) : 13620.607777328134 
0079000026 (0093000025) : 13754.060835269682 
0069000027 (0079000026) : 13921.953503993394 
0058000028 (0069000027) : 15692.670268870095 
0079000029 (0058000028) : 15987.22379584529 
0092000030 (0079000029) : 17256.225239135354 
0078000031 (0092000030) : 19036.520230468563 
0019000032 (0078000031) : 19780.923132945118 
0069000033 (0019000032) : 20693.09377999128 
0033000034 (0069000033) : 21963.573537046086 
0063000035 (0033000034) : 22040.268461702162 
0037000036 (0063000035) : 22824.228414498953 
0011000037 (0037000036) : 25379.01328911959 
0029000038 (0011000037) : 25960.529542958204 
0055000039 (0029000038) : 26615.330284447424 
0033000040 (0055000039) : 26761.636217153882 
0021000041 (0033000040) : 27546.660211369006 
0085000042 (0021000041) : 28056.44336127459 
0091000043 (0085000042) : 28601.765835449158 
0007000044 (0091000043) : 29084.30916177573 
0090000045 (0007000044) : 29172.81727460919 
0021000046 (0090000045) : 29552.362654075514 
0066000047 (0021000046) : 30376.97777098838 
0089000048 (0066000047) : 30599.85196173808 
0098000049 (0089000048) : 30635.314399640934 
0066000050 (0098000049) : 30768.26628494767 
0097000051 (0066000050) : 31915.416259828726 
0092000052 (0097000051) : 31994.17981767537 
0041000053 (0092000052) : 34913.01947481573 
0058000054 (0041000053) : 34923.73977366162 
0048000055 (0058000054) : 37916.331925133876 
0044000056 (0048000055) : 38528.094073037726 
0005000057 (0044000056) : 38720.666387519865 
0088000058 (0005000057) : 40394.750136990995 
0037000059 (0088000058) : 40507.76250254806 
0041000060 (0037000059) : 41131.92543735788 
0021000061 (0041000060) : 42131.695168908016 
0047000062 (0021000061) : 43516.85879464573 
0041000063 (0047000062) : 44234.97187677749 
0013000064 (0041000063) : 45880.341212507396 
0046000065 (0013000064) : 46171.50307877495 
0017000066 (0046000065) : 46389.41958073299 
0099000067 (0017000066) : 46480.0420659696 
0071000068 (0099000067) : 46669.762635778956 
0021000069 (0071000068) : 48345.37812107123 
0022000070 (0021000069) : 49075.72983638936 
0025000071 (0022000070) : 49105.83605118079 
0084000072 (0025000071) : 49178.97820631697 
0064000073 (0084000072) : 49723.95203962094 
0050000074 (0064000073) : 50321.35029510296 
0054000075 (0050000074) : 51366.251490026894 
0099000076 (0054000075) : 51582.75691980823 
0021000077 (0099000076) : 51621.642891250325 
0062000078 (0021000077) : 52431.07129348082 
0096000079 (0062000078) : 53021.94861319697 
0005000080 (0096000079) : 54376.23050466323 
0021000081 (0005000080) : 54425.479848218565 
0044000082 (0021000081) : 54549.37827252267 
0084000083 (0044000082) : 55107.99513782484 
0080000084 (0084000083) : 56048.139843792625 
0058000085 (0080000084) : 56357.938602737944 
0087000086 (0058000085) : 56916.53411368675 
0071000087 (0087000086) : 58484.803004544294 
0015000088 (0071000087) : 59376.6703971851 
0038000089 (0015000088) : 60878.808818040394 
0004000090 (0038000089) : 61962.992049050634 
0089000091 (0004000090) : 62375.397229217386 
0051000092 (0089000091) : 63022.48202809303 
0062000093 (0051000092) : 63250.27404235644 
0042000094 (0062000093) : 63619.758328538395 
0072000095 (0042000094) : 63749.375787614066 
0049000096 (0072000095) : 63902.816359609475 
0026000097 (0049000096) : 65072.121180517 
0092000098 (0026000097) : 66340.03041263997 
0065000099 (0092000098) : 67155.281961854 
0029000100 (0065000099) : 67215.11831293095 
0063000101 (0029000100) : 67390.53535041896 
0036000102 (0063000101) : 67811.75528589866 
0096000103 (0036000102) : 68059.93549728078 
0067000104 (0096000103) : 68902.08042414598 
0022000105 (0067000104) : 69385.78910265843 
0040000106 (0022000105) : 69531.07008284488 
0078000107 (0040000106) : 70276.43408927463 
0021000108 (0078000107) : 70496.42368679881 
0088000109 (0021000108) : 71973.21727286039 
0028000110 (0088000109) : 73752.08553898206 
0045000111 (0028000110) : 75327.52425723226 
0034000112 (0045000111) : 76863.58252233773 
0092000113 (0034000112) : 77324.24711133802 
0088000114 (0092000113) : 77721.46779276167 
0061000115 (0088000114) : 79515.27921051577 
0048000116 (0061000115) : 80439.53791758521 
0020000117 (0048000116) : 80910.03177951407 
0021000118 (0020000117) : 82504.95381711119 
0013000119 (0021000118) : 83303.84917947055 
0064000120 (0013000119) : 83967.0255152093 
0018000121 (0064000120) : 84127.22502167689 
0021000122 (0018000121) : 84555.97861085855 
0097000123 (0021000122) : 84675.68719213891 
0041000124 (0097000123) : 85007.82443491402 
0006000125 (0041000124) : 85513.23060898065 
0089000126 (0006000125) : 86993.22394959048 
0053000127 (0089000126) : 87613.35882240749 
0004000128 (0053000127) : 88318.97551502452 
0023000129 (0004000128) : 88800.06836477056 
0051000130 (0023000129) : 89761.22849410513 
0090000131 (0051000130) : 90432.40811195591 
0063000132 (0090000131) : 90437.28006303859 
0000000133 (0063000132) : 91070.79422562203 
0065000134 (0000000133) : 91438.76427105084 
0052000135 (0065000134) : 92129.26300466024 
0088000136 (0052000135) : 94029.4232207294 
0023000137 (0088000136) : 94588.59661861203 
0021000138 (0023000137) : 97155.9344843444 
0086000139 (0021000138) : 97591.96584083175 
0082000140 (0086000139) : 98286.39294995398 
0086000141 (0082000140) : 98644.27405169577 
