0000000000 (genesis block) : 0 
0015000001 (0000000000) : 100.88502224413214 
0021000002 (0015000001) : 856.6384011834252 
0082000003 (0021000002) : 923.7909250527301 
0079000004 (0082000003) : 2228.90657050675 
0075000005 (0079000004) : 2687.1059912634346 
0047000006 (0075000005) : 4119.494967740477 
0070000007 (0047000006) : 4701.957658600983 
0021000008 (0070000007) : 4968.840342551201 
0089000009 (0021000008) : 5004.793319032963 
0021000010 (0089000009) : 5074.372921292242 
0059000011 (0021000010) : 5508.650519278578 
0056000012 (0059000011) : 5830.02322703424 
0047000013 (0056000012) : 6541.075544711033 
0008000014 (0047000013) : 7043.173073934012 
0053000015 (0008000014) : 7862.642564280857 
0094000016 (0053000015) : 7899.902527381832 
0000000017 (0094000016) : 7985.583857781834 
0055000018 (0000000017) : 8235.632559308535 
0088000019 (0055000018) : 9211.198112321284 
0040000020 (0088000019) : 9731.153882196482 
0017000021 (0040000020) : 9736.696677639387 
0037000022 (0017000021) : 11640.501093002815 
0006000023 (0037000022) : 13138.979463693498 
0092000024 (0006000023) : 13556.100769315026 
0093000025 (0092000024) : 13620.381459016286 
0079000026 (0093000025) : 13754.300176849021 
0069000027 (0079000026) : 13922.001141867047 
0058000028 (0069000027) : 15692.449930092753 
0079000029 (0058000028) : 15987.467541596196 
0092000030 (0079000029) : 17255.754292350706 
0078000031 (0092000030) : 19036.28361279426 
0019000032 (0078000031) : 19780.708418158134 
0069000033 (0019000032) : 20693.143221744394 
0033000034 (0069000033) : 21963.750547971536 
0063000035 (0033000034) : 22040.35464939793 
0037000036 (0063000035) : 22824.29648117209 
0011000037 (0037000036) : 25378.798806739123 
0029000038 (0011000037) : 25960.436282048384 
0055000039 (0029000038) : 26615.445972387366 
0033000040 (0055000039) : 26761.805044850084 
0021000041 (0033000040) : 27546.505535117372 
0085000042 (0021000041) : 28056.267376113992 
0091000043 (0085000042) : 28601.72494298852 
0007000044 (0091000043) : 29084.421463892642 
0090000045 (0007000044) : 29172.746395828635 
0021000046 (0090000045) : 29552.21122015235 
0066000047 (0021000046) : 30376.58836184925 
0089000048 (0066000047) : 30599.694316814293 
0098000049 (0089000048) : 30635.270170889882 
0066000050 (0098000049) : 30767.879513372976 
0097000051 (0066000050) : 31915.54234628819 
0092000052 (0097000051) : 31993.70650808064 
0041000053 (0092000052) : 34912.69303672294 
0058000054 (0041000053) : 34923.52201503072 
0048000055 (0058000054) : 37916.213674087834 
0044000056 (0048000055) : 38527.80875843182 
0005000057 (0044000056) : 38720.75146296648 
0088000058 (0005000057) : 40394.54589369609 
0037000059 (0088000058) : 40507.825353428554 
0041000060 (0037000059) : 41131.59953554847 
0021000061 (0041000060) : 42131.54514812306 
0047000062 (0021000061) : 43516.48900772618 
0041000063 (0047000062) : 44234.64443020343 
0013000064 (0041000063) : 45880.10380940576 
0046000065 (0013000064) : 46171.32133944739 
0017000066 (0046000065) : 46389.20187096548 
0099000067 (0017000066) : 46479.67070344946 
0071000068 (0099000067) : 46669.703533917556 
0021000069 (0071000068) : 48345.22491259933 
0022000070 (0021000069) : 49075.51455791783 
0025000071 (0022000070) : 49105.73952804854 
0084000072 (0025000071) : 49179.02908940196 
0064000073 (0084000072) : 49723.736268399836 
0050000074 (0064000073) : 50321.13537375473 
0054000075 (0050000074) : 51366.159018974424 
0099000076 (0054000075) : 51582.390220567424 
0021000077 (0099000076) : 51621.49224759883 
0062000078 (0021000077) : 52430.70198161581 
0096000079 (0062000078) : 53021.73284690114 
0005000080 (0096000079) : 54376.31554235881 
0021000081 (0005000080) : 54425.32693385178 
0044000082 (0021000081) : 54549.097721625614 
0084000083 (0044000082) : 55108.04832555995 
0080000084 (0084000083) : 56048.02006501695 
0058000085 (0080000084) : 56357.71857454557 
0087000086 (0058000085) : 56916.263745318356 
0071000087 (0087000086) : 58484.7458758569 
0015000088 (0071000087) : 59376.56539577652 
0038000089 (0015000088) : 60878.52143622663 
0004000090 (0038000089) : 61962.64613883003 
0089000091 (0004000090) : 62375.23477162685 
0051000092 (0089000091) : 63022.11100917999 
0062000093 (0051000092) : 63249.9064027513 
0042000094 (0062000093) : 63619.83417412577 
0072000095 (0042000094) : 63749.226719518294 
0049000096 (0072000095) : 63902.72494767338 
0026000097 (0049000096) : 65071.905152091924 
0092000098 (0026000097) : 66339.55665646093 
0065000099 (0092000098) : 67155.06715385513 
0029000100 (0065000099) : 67215.02968998521 
0063000101 (0029000100) : 67390.62093262875 
0036000102 (0063000101) : 67811.74789641098 
0096000103 (0036000102) : 68059.72062403981 
0067000104 (0096000103) : 68902.23661962502 
0022000105 (0067000104) : 69385.57588552115 
0040000106 (0022000105) : 69530.59724185728 
0078000107 (0040000106) : 70276.19656468037 
0021000108 (0078000107) : 70496.27066073936 
0088000109 (0021000108) : 71973.01743686711 
0028000110 (0088000109) : 73752.36126395763 
0045000111 (0028000110) : 75327.1517846064 
0034000112 (0045000111) : 76863.36748316686 
0092000113 (0034000112) : 77323.77216318954 
0088000114 (0092000113) : 77721.26318146384 
0061000115 (0088000114) : 79515.03535826756 
0048000116 (0061000115) : 80439.4199164966 
0020000117 (0048000116) : 80909.95837337045 
0021000118 (0020000117) : 82504.79727549142 
0013000119 (0021000118) : 83303.61382545202 
0064000120 (0013000119) : 83966.8110409967 
0018000121 (0064000120) : 84127.62705063993 
0021000122 (0018000121) : 84555.82662576078 
0097000123 (0021000122) : 84675.81276207628 
0041000124 (0097000123) : 85007.49982906927 
0006000125 (0041000124) : 85513.07083451412 
0089000126 (0006000125) : 86993.05922405848 
0053000127 (0089000126) : 87613.50098592 
0004000128 (0053000127) : 88318.62778977629 
0023000129 (0004000128) : 88800.12875780396 
0051000130 (0023000129) : 89760.86260283942 
0090000131 (0051000130) : 90432.33524243932 
0063000132 (0090000131) : 90437.36953866176 
0000000133 (0063000132) : 91070.51394310857 
0065000134 (0000000133) : 91438.5477454688 
0052000135 (0065000134) : 92129.35659699353 
0088000136 (0052000135) : 94029.22136301105 
0023000137 (0088000136) : 94588.6575379712 
0021000138 (0023000137) : 97155.78339661662 
0086000139 (0021000138) : 97592.08668600644 
0082000140 (0086000139) : 98286.28791520924 
0086000141 (0082000140) : 98644.40016175498 
