0000000000 (genesis block) : 0 
0015000001 (0000000000) : 101.00228290892225 
0021000002 (0015000001) : 856.8025098524246 
0082000003 (0021000002) : 923.6536457033006 
0079000004 (0082000003) : 2228.797266450396 
0075000005 (0079000004) : 2687.4015248210676 
0047000006 (0075000005) : 4119.690947166438 
0070000007 (0047000006) : 4701.853935160312 
0021000008 (0070000007) : 4969.0109311225 
0089000009 (0021000008) : 5004.920218840529 
0021000010 (0089000009) : 5074.540269963884 
0059000011 (0021000010) : 5508.655166592881 
0056000012 (0059000011) : 5830.127030677781 
0047000013 (0056000012) : 6541.270087514054 
0008000014 (0047000013) : 7043.368432016444 
0053000015 (0008000014) : 7862.624793008814 
0094000016 (0053000015) : 7899.770234933735 
0000000017 (0094000016) : 7985.836854960379 
0055000018 (0000000017) : 8235.809911883991 
0088000019 (0055000018) : 9211.426605986966 
0040000020 (0088000019) : 9731.452786648362 
0017000021 (0040000020) : 9736.893271835605 
0037000022 (0017000021) : 11640.582711285499 
0006000023 (0037000022) : 13139.017546796165 
0092000024 (0006000023) : 13556.398550492528 
0093000025 (0092000024) : 13620.483758364735 
0079000026 (0093000025) : 13754.194014042874 
0069000027 (0079000026) : 13921.747876322497 
0058000028 (0069000027) : 15692.554366561657 
0079000029 (0058000028) : 15987.355793621868 
0092000030 (0079000029) : 17256.0520657416 
0078000031 (0092000030) : 19036.58077385219 
0019000032 (0078000031) : 19780.90622424033 
0069000033 (0019000032) : 20692.89056624821 
0033000034 (0069000033) : 21963.82265937667 
0063000035 (0033000034) : 22040.523718337812 
0037000036 (0063000035) : 22824.37671760866 
0011000037 (0037000036) : 25378.988454879756 
0029000038 (0011000037) : 25960.538915986457 
0055000039 (0029000038) : 26615.62554593639 
0033000040 (0055000039) : 26761.891588894836 
0021000041 (0033000040) : 27546.67170436175 
0085000042 (0021000041) : 28056.372867583228 
0091000043 (0085000042) : 28601.614689157417 
0007000044 (0091000043) : 29084.605183293876 
0090000045 (0007000044) : 29172.448683800467 
0021000046 (0090000045) : 29552.378274922125 
0066000047 (0021000046) : 30376.887441266248 
0089000048 (0066000047) : 30599.819577066064 
0098000049 (0089000048) : 30635.437886958607 
0066000050 (0098000049) : 30768.1798873049 
0097000051 (0066000050) : 31915.49755031155 
0092000052 (0097000051) : 31994.006717374767 
0041000053 (0092000052) : 34912.991712277486 
0058000054 (0041000053) : 34923.62605971493 
0048000055 (0058000054) : 37916.32097942103 
0044000056 (0048000055) : 38528.004340356376 
0005000057 (0044000056) : 38720.47814784464 
0088000058 (0005000057) : 40394.77217718197 
0037000059 (0088000058) : 40507.90904897868 
0041000060 (0037000059) : 41131.89651862115 
0021000061 (0041000060) : 42131.70987967283 
0047000062 (0021000061) : 43516.68441733809 
0041000063 (0047000062) : 44234.94137549816 
0013000064 (0041000063) : 45880.39973029792 
0046000065 (0013000064) : 46171.61676714866 
0017000066 (0046000065) : 46389.398376990204 
0099000067 (0017000066) : 46479.86609189588 
0071000068 (0099000067) : 46669.70353661058 
0021000069 (0071000068) : 48345.39242315393 
0022000070 (0021000069) : 49075.7142578232 
0025000071 (0022000070) : 49105.63094488 
0084000072 (0025000071) : 49179.00957175016 
0064000073 (0084000072) : 49723.932667651454 
0050000074 (0064000073) : 50321.33147770073 
0054000075 (0050000074) : 51366.356825305775 
0099000076 (0054000075) : 51582.58494425029 
0021000077 (0099000076) : 51621.657335415795 
0062000078 (0021000077) : 52430.89823455141 
0096000079 (0062000078) : 53021.928626126966 
0005000080 (0096000079) : 54376.03978080414 
0021000081 (0005000080) : 54425.493546021054 
0044000082 (0021000081) : 54549.288705310304 
0084000083 (0044000082) : 55108.03236374491 
0080000084 (0084000083) : 56048.18418948528 
0058000085 (0080000084) : 56357.82173744935 
0087000086 (0058000085) : 56916.367742457274 
0071000087 (0087000086) : 58484.74199784068 
0015000088 (0071000087) : 59376.679717779734 
0038000089 (0015000088) : 60878.71837671368 
0004000090 (0038000089) : 61962.9476364901 
0089000091 (0004000090) : 62375.36048535533 
0051000092 (0089000091) : 63022.30739126895 
0062000093 (0051000092) : 63250.09989835727 
0042000094 (0062000093) : 63619.84091480483 
0072000095 (0042000094) : 63749.39220715815 
0049000096 (0072000095) : 63902.6001323465 
0026000097 (0049000096) : 65072.00475155617 
0092000098 (0026000097) : 66339.85811640871 
0065000099 (0092000098) : 67155.05067510808 
0029000100 (0065000099) : 67215.12961829668 
0063000101 (0029000100) : 67390.79165290367 
0036000102 (0063000101) : 67811.9010060313 
0096000103 (0036000102) : 68059.91948783128 
0067000104 (0096000103) : 68902.20730294166 
0022000105 (0067000104) : 69385.77129123328 
0040000106 (0022000105) : 69530.89461420926 
0078000107 (0040000106) : 70276.49501728584 
0021000108 (0078000107) : 70496.43860401715 
0088000109 (0021000108) : 71973.24204607579 
0028000110 (0088000109) : 73752.45629764503 
0045000111 (0028000110) : 75327.25551780967 
0034000112 (0045000111) : 76863.56442924248 
0092000113 (0034000112) : 77324.07046155537 
0088000114 (0092000113) : 77721.49080385426 
0061000115 (0088000114) : 79515.22839105458 
0048000116 (0061000115) : 80439.52313916241 
0020000117 (0048000116) : 80910.25676240148 
0021000118 (0020000117) : 82504.96508938055 
0013000119 (0021000118) : 83303.91484024265 
0064000120 (0013000119) : 83967.0059383045 
0018000121 (0064000120) : 84127.51972808791 
0021000122 (0018000121) : 84555.9929404515 
0097000123 (0021000122) : 84675.76737120097 
0041000124 (0097000123) : 85007.79770989367 
0006000125 (0041000124) : 85513.1109729665 
0089000126 (0006000125) : 86993.1902501121 
0053000127 (0089000126) : 87613.4853406066 
0004000128 (0053000127) : 88318.92697247944 
0023000129 (0004000128) : 88800.32321337156 
0051000130 (0023000129) : 89761.05680261114 
0090000131 (0051000130) : 90432.03610942814 
0063000132 (0090000131) : 90437.53303768332 
0000000133 (0063000132) : 91070.77473068523 
0065000134 (0000000133) : 91438.52958673378 
0052000135 (0065000134) : 92129.6329392258 
0088000136 (0052000135) : 94029.44638284606 
0023000137 (0088000136) : 94588.84949344235 
0021000138 (0023000137) : 97155.9497392834 
0086000139 (0021000138) : 97591.90136302673 
0082000140 (0086000139) : 98286.16028274532 
0086000141 (0082000140) : 98644.21319176076 
