0000000000 (genesis block) : 0 
0015000001 (0000000000) : 100.78873796602346 
0021000002 (0015000001) : 856.630631753351 
0082000003 (0021000002) : 923.9425422109152 
0079000004 (0082000003) : 2228.479485915748 
0075000005 (0079000004) : 2687.0860367569803 
0047000006 (0075000005) : 4119.899832407485 
0070000007 (0047000006) : 4701.82362413956 
0021000008 (0070000007) : 4968.839725594092 
0089000009 (0021000008) : 5004.747561187872 
0021000010 (0089000009) : 5074.367745805742 
0059000011 (0021000010) : 5508.642764605408 
0056000012 (0059000011) : 5830.144630313782 
0047000013 (0056000012) : 6541.481595465255 
0008000014 (0047000013) : 7043.438544820675 
0053000015 (0008000014) : 7862.759247287433 
0094000016 (0053000015) : 7899.952926615689 
0000000017 (0094000016) : 7985.6206205228855 
0055000018 (0000000017) : 8235.768321331569 
0088000019 (0055000018) : 9211.512182510325 
0040000020 (0088000019) : 9731.630803288144 
0017000021 (0040000020) : 9736.866898427978 
0037000022 (0017000021) : 11640.098432587516 
0006000023 (0037000022) : 13138.886052838052 
0092000024 (0006000023) : 13556.244149254662 
0093000025 (0092000024) : 13620.298254444351 
0079000026 (0093000025) : 13753.876006656597 
0069000027 (0079000026) : 13921.767016394086 
0058000028 (0069000027) : 15692.409932332173 
0079000029 (0058000028) : 15987.039671225355 
0092000030 (0079000029) : 17255.89567440905 
0078000031 (0092000030) : 19036.184226502235 
0019000032 (0078000031) : 19780.86349397133 
0069000033 (0019000032) : 20692.907389614204 
0033000034 (0069000033) : 21963.340759365496 
0063000035 (0033000034) : 22040.434475347665 
0037000036 (0063000035) : 22823.892768556565 
0011000037 (0037000036) : 25378.852970844477 
0029000038 (0011000037) : 25960.34256443642 
0055000039 (0029000038) : 26615.586462121744 
0033000040 (0055000039) : 26761.406429726467 
0021000041 (0033000040) : 27546.503817753768 
0085000042 (0021000041) : 28056.105620511113 
0091000043 (0085000042) : 28601.758807288883 
0007000044 (0091000043) : 29084.590396504977 
0090000045 (0007000044) : 29172.933467908726 
0021000046 (0090000045) : 29552.205985351815 
0066000047 (0021000046) : 30376.913502843086 
0089000048 (0066000047) : 30599.646366584726 
0098000049 (0089000048) : 30635.327380653784 
0066000050 (0098000049) : 30768.202349674757 
0097000051 (0066000050) : 31915.752373875155 
0092000052 (0097000051) : 31993.8458837597 
0041000053 (0092000052) : 34912.9736000204 
0058000054 (0041000053) : 34923.48248320144 
0048000055 (0058000054) : 37915.9961107886 
0044000056 (0048000055) : 38527.798852513755 
0005000057 (0044000056) : 38720.72598040114 
0088000058 (0005000057) : 40394.856372173206 
0037000059 (0088000058) : 40507.42461613951 
0041000060 (0037000059) : 41131.87905571163 
0021000061 (0041000060) : 42131.53572915119 
0047000062 (0021000061) : 43516.89322261303 
0041000063 (0047000062) : 44234.92353737388 
0013000064 (0041000063) : 45880.004871413454 
0046000065 (0013000064) : 46171.78656256737 
0017000066 (0046000065) : 46389.3731671984 
0099000067 (0017000066) : 46480.038546967 
0071000068 (0099000067) : 46669.77281909398 
0021000069 (0071000068) : 48345.218509325845 
0022000070 (0021000069) : 49075.49174891655 
0025000071 (0022000070) : 49105.64954588512 
0084000072 (0025000071) : 49179.2020982814 
0064000073 (0084000072) : 49723.98713812646 
0050000074 (0064000073) : 50321.307721593475 
0054000075 (0050000074) : 51365.91519323507 
0099000076 (0054000075) : 51582.75818913417 
0021000077 (0099000076) : 51621.484673458144 
0062000078 (0021000077) : 52431.10641456013 
0096000079 (0062000078) : 53021.73011557563 
0005000080 (0096000079) : 54376.28931904041 
0021000081 (0005000080) : 54425.32195491803 
0044000082 (0021000081) : 54549.07841131696 
0084000083 (0044000082) : 55108.219152322796 
0080000084 (0084000083) : 56048.221794826124 
0058000085 (0080000084) : 56357.680402168975 
0087000086 (0058000085) : 56916.33629178638 
0071000087 (0087000086) : 58484.81253198921 
0015000088 (0071000087) : 59376.46471175454 
0038000089 (0015000088) : 60878.5384629298 
0004000090 (0038000089) : 61962.89659814816 
0089000091 (0004000090) : 62375.188832976215 
0051000092 (0089000091) : 63022.448317677685 
0062000093 (0051000092) : 63250.31120588349 
0042000094 (0062000093) : 63619.827363600765 
0072000095 (0042000094) : 63749.42574346248 
0049000096 (0072000095) : 63902.63185036205 
0026000097 (0049000096) : 65071.865978081325 
0092000098 (0026000097) : 66339.6945789116 
0065000099 (0092000098) : 67155.45097803023 
0029000100 (0065000099) : 67214.93450718735 
0063000101 (0029000100) : 67390.70207384852 
0036000102 (0063000101) : 67811.41877326251 
0096000103 (0036000102) : 68059.72329250898 
0067000104 (0096000103) : 68902.41684610587 
0022000105 (0067000104) : 69385.54553889213 
0040000106 (0022000105) : 69531.07463411898 
0078000107 (0040000106) : 70276.09837647901 
0021000108 (0078000107) : 70496.26676879544 
0088000109 (0021000108) : 71973.3271161132 
0028000110 (0088000109) : 73752.4219845251 
0045000111 (0028000110) : 75327.53970135168 
0034000112 (0045000111) : 76863.53956528394 
0092000113 (0034000112) : 77323.91644126736 
0088000114 (0092000113) : 77721.58117104344 
0061000115 (0088000114) : 79515.23937081725 
0048000116 (0061000115) : 80439.20177741481 
0020000117 (0048000116) : 80910.20952284297 
0021000118 (0020000117) : 82504.7937646247 
0013000119 (0021000118) : 83303.51178385227 
0064000120 (0013000119) : 83967.0607278888 
0018000121 (0064000120) : 84127.40490952905 
0021000122 (0018000121) : 84555.81995052416 
0097000123 (0021000122) : 84676.02447883443 
0041000124 (0097000123) : 85007.78061840661 
0006000125 (0041000124) : 85512.97940881872 
0089000126 (0006000125) : 86993.0161052503 
0053000127 (0089000126) : 87613.62334406994 
0004000128 (0053000127) : 88318.88240638102 
0023000129 (0004000128) : 88799.839563437 
0051000130 (0023000129) : 89761.20244880415 
0090000131 (0051000130) : 90432.52000699365 
0063000132 (0090000131) : 90437.44451255392 
0000000133 (0063000132) : 91070.54951779108 
0065000134 (0000000133) : 91438.93053723269 
0052000135 (0065000134) : 92129.59901656228 
0088000136 (0052000135) : 94029.53244449063 
0023000137 (0088000136) : 94588.36702861747 
0021000138 (0023000137) : 97155.77529409726 
0086000139 (0021000138) : 97592.30327800367 
0082000140 (0086000139) : 98286.44470349979 
0086000141 (0082000140) : 98644.6115353565 
