0000000000 (genesis block) : 0 
0015000001 (0000000000) : 100.80747033107052 
0021000002 (0015000001) : 856.5236083083776 
0082000003 (0021000002) : 923.8808806942722 
0079000004 (0082000003) : 2228.9228352994633 
0075000005 (0079000004) : 2687.204782209719 
0047000006 (0075000005) : 4119.828276978384 
0070000007 (0047000006) : 4702.134701559788 
0021000008 (0070000007) : 4968.730716931647 
0089000009 (0021000008) : 5004.773018782056 
0021000010 (0089000009) : 5074.2615082126185 
0059000011 (0021000010) : 5508.846156860927 
0056000012 (0059000011) : 5830.204417886873 
0047000013 (0056000012) : 6541.4075227833755 
0008000014 (0047000013) : 7043.5073822860295 
0053000015 (0008000014) : 7862.821454632179 
0094000016 (0053000015) : 7899.89561988015 
0000000017 (0094000016) : 7985.736144301753 
0055000018 (0000000017) : 8235.76986238453 
0088000019 (0055000018) : 9211.40363790803 
0040000020 (0088000019) : 9731.586770673646 
0017000021 (0040000020) : 9736.873802584043 
0037000022 (0017000021) : 11640.450713195492 
0006000023 (0037000022) : 13138.952944572984 
0092000024 (0006000023) : 13556.534271946855 
0093000025 (0092000024) : 13620.291775799613 
0079000026 (0093000025) : 13754.319462787775 
0069000027 (0079000026) : 13922.208305310194 
0058000028 (0069000027) : 15692.357442927248 
0079000029 (0058000028) : 15987.480970380893 
0092000030 (0079000029) : 17256.190103262885 
0078000031 (0092000030) : 19036.530451388848 
0019000032 (0078000031) : 19780.88906720489 
0069000033 (0019000032) : 20693.350252992044 
0033000034 (0069000033) : 21963.69095555645 
0063000035 (0033000034) : 22040.521722876252 
0037000036 (0063000035) : 22824.240234251603 
0011000037 (0037000036) : 25378.35876869848 
0029000038 (0011000037) : 25960.45161441474 
0055000039 (0029000038) : 26615.582538716644 
0033000040 (0055000039) : 26761.756914087 
0021000041 (0033000040) : 27546.394106056618 
0085000042 (0021000041) : 28056.284170158175 
0091000043 (0085000042) : 28601.937665983867 
0007000044 (0091000043) : 29084.60106922812 
0090000045 (0007000044) : 29173.078355400237 
0021000046 (0090000045) : 29552.095903530604 
0066000047 (0021000046) : 30376.860526890538 
0089000048 (0066000047) : 30599.671603378676 
0098000049 (0089000048) : 30635.441117977996 
0066000050 (0098000049) : 30768.1522180676 
0097000051 (0066000050) : 31915.90858848423 
0092000052 (0097000051) : 31994.141962550162 
0041000053 (0092000052) : 34912.789852037095 
0058000054 (0041000053) : 34923.433183718786 
0048000055 (0058000054) : 37916.232716408755 
0044000056 (0048000055) : 38527.97551749367 
0005000057 (0044000056) : 38720.93132124714 
0088000058 (0005000057) : 40394.750038735765 
0037000059 (0088000058) : 40507.77336605103 
0041000060 (0037000059) : 41131.69815908292 
0021000061 (0041000060) : 42131.42972251551 
0047000062 (0021000061) : 43516.82080842041 
0041000063 (0047000062) : 44234.74040038804 
0013000064 (0041000063) : 45880.34744235302 
0046000065 (0013000064) : 46171.75775556243 
0017000066 (0046000065) : 46389.38020424303 
0099000067 (0017000066) : 46480.00368730986 
0071000068 (0099000067) : 46669.80448340953 
0021000069 (0071000068) : 48345.11164142266 
0022000070 (0021000069) : 49075.69225918433 
0025000071 (0022000070) : 49105.788428948414 
0084000072 (0025000071) : 49179.35979447626 
0064000073 (0084000072) : 49723.91536699836 
0050000074 (0064000073) : 50321.314305401116 
0054000075 (0050000074) : 51366.33795537404 
0099000076 (0054000075) : 51582.72227926969 
0021000077 (0099000076) : 51621.378497021695 
0062000078 (0021000077) : 52431.04209281539 
0096000079 (0062000078) : 53021.91216869129 
0005000080 (0096000079) : 54376.49310079249 
0021000081 (0005000080) : 54425.215472525866 
0044000082 (0021000081) : 54549.25983212413 
0084000083 (0044000082) : 55108.37961484962 
0080000084 (0084000083) : 56048.112437443895 
0058000085 (0080000084) : 56357.62544864 
0087000086 (0058000085) : 56916.28424869574 
0071000087 (0087000086) : 58484.842271183676 
0015000088 (0071000087) : 59376.48641759885 
0038000089 (0015000088) : 60878.68905472876 
0004000090 (0038000089) : 61962.960642690516 
0089000091 (0004000090) : 62375.212228713724 
0051000092 (0089000091) : 63022.427189061316 
0062000093 (0051000092) : 63250.23755381487 
0042000094 (0062000093) : 63619.72021297888 
0072000095 (0042000094) : 63749.3185046765 
0049000096 (0072000095) : 63902.74025811806 
0026000097 (0049000096) : 65071.81102435817 
0092000098 (0026000097) : 66339.99725014236 
0065000099 (0092000098) : 67155.39967536011 
0029000100 (0065000099) : 67215.04377210193 
0063000101 (0029000100) : 67390.78698610303 
0036000102 (0063000101) : 67811.76439029601 
0096000103 (0036000102) : 68059.90130236553 
0067000104 (0096000103) : 68902.6044043017 
0022000105 (0067000104) : 69385.75690432111 
0040000106 (0022000105) : 69531.03164466946 
0078000107 (0040000106) : 70276.44013806643 
0021000108 (0078000107) : 70496.15749686274 
0088000109 (0021000108) : 71973.21953708597 
0028000110 (0088000109) : 73752.71868105394 
0045000111 (0028000110) : 75327.433892546 
0034000112 (0045000111) : 76863.54782060049 
0092000113 (0034000112) : 77324.21005364336 
0088000114 (0092000113) : 77721.4707283204 
0061000115 (0088000114) : 79515.17614476055 
0048000116 (0061000115) : 80439.43494369466 
0020000117 (0048000116) : 80910.27248767063 
0021000118 (0020000117) : 82504.68683574606 
0013000119 (0021000118) : 83303.85567118712 
0064000120 (0013000119) : 83966.99056048013 
0018000121 (0064000120) : 84127.80074229531 
0021000122 (0018000121) : 84555.71172213159 
0097000123 (0021000122) : 84676.1746594989 
0041000124 (0097000123) : 85007.59510048124 
0006000125 (0041000124) : 85513.04887152578 
0089000126 (0006000125) : 86993.0377436903 
0053000127 (0089000126) : 87613.68313849877 
0004000128 (0053000127) : 88318.9415756789 
0023000129 (0004000128) : 88800.18811847088 
0051000130 (0023000129) : 89761.17933762095 
0090000131 (0051000130) : 90432.66831105901 
0063000132 (0090000131) : 90437.5320610746 
0000000133 (0063000132) : 91070.66687095522 
0065000134 (0000000133) : 91438.87995105781 
0052000135 (0065000134) : 92129.67173008392 
0088000136 (0052000135) : 94029.42451355129 
0023000137 (0088000136) : 94588.71440465345 
0021000138 (0023000137) : 97155.66744041696 
0086000139 (0021000138) : 97592.26100263008 
0082000140 (0086000139) : 98286.38841071783 
0086000141 (0082000140) : 98644.57448966613 
