0000000000 (genesis block) : 0 
0015000001 (0000000000) : 100.91256470392516 
0021000002 (0015000001) : 856.7707766114327 
0082000003 (0021000002) : 923.9217754148737 
0079000004 (0082000003) : 2229.03073027262 
0075000005 (0079000004) : 2687.4039150437775 
0047000006 (0075000005) : 4119.630640750402 
0070000007 (0047000006) : 4702.205568023776 
0021000008 (0070000007) : 4968.976274447522 
0089000009 (0021000008) : 5004.822297329046 
0021000010 (0089000009) : 5074.50755329539 
0059000011 (0021000010) : 5508.301776446497 
0056000012 (0059000011) : 5830.25920020861 
0047000013 (0056000012) : 6541.208816734381 
0008000014 (0047000013) : 7042.825518935364 
0053000015 (0008000014) : 7862.874158428131 
0094000016 (0053000015) : 7899.997360699445 
0000000017 (0094000016) : 7985.610775174564 
0055000018 (0000000017) : 8235.820871747286 
0088000019 (0055000018) : 9211.443190579826 
0040000020 (0088000019) : 9731.501952260867 
0017000021 (0040000020) : 9736.945065965187 
0037000022 (0017000021) : 11640.711153309267 
0006000023 (0037000022) : 13138.993375613622 
0092000024 (0006000023) : 13556.451584486967 
0093000025 (0092000024) : 13620.54701816882 
0079000026 (0093000025) : 13754.428255378683 
0069000027 (0079000026) : 13921.984196371866 
0058000028 (0069000027) : 15692.460732936153 
0079000029 (0058000028) : 15987.588982122232 
0092000030 (0079000029) : 17256.101383466936 
0078000031 (0092000030) : 19036.609221674753 
0019000032 (0078000031) : 19780.854103517482 
0069000033 (0019000032) : 20693.124169560168 
0033000034 (0069000033) : 21963.95036607696 
0063000035 (0033000034) : 22040.492206880994 
0037000036 (0063000035) : 22824.504073993878 
0011000037 (0037000036) : 25379.04487937346 
0029000038 (0011000037) : 25960.56209967969 
0055000039 (0029000038) : 26615.640024015527 
0033000040 (0055000039) : 26762.01890146228 
0021000041 (0033000040) : 27546.64076003168 
0085000042 (0021000041) : 28056.511982754797 
0091000043 (0085000042) : 28601.855780150672 
0007000044 (0091000043) : 29084.672001831994 
0090000045 (0007000044) : 29172.99643587905 
0021000046 (0090000045) : 29552.347957800564 
0066000047 (0021000046) : 30376.82131712123 
0089000048 (0066000047) : 30599.723851141338 
0098000049 (0089000048) : 30635.48386464798 
0066000050 (0098000049) : 30768.112445823564 
0097000051 (0066000050) : 31915.82111509204 
0092000052 (0097000051) : 31994.05574163311 
0041000053 (0092000052) : 34913.040795276334 
0058000054 (0041000053) : 34923.53498264943 
0048000055 (0058000054) : 37916.46305461243 
0044000056 (0048000055) : 38527.94278067043 
0005000057 (0044000056) : 38720.93854004827 
0088000058 (0005000057) : 40394.7907747851 
0037000059 (0088000058) : 40508.033122194014 
0041000060 (0037000059) : 41131.94720471195 
0021000061 (0041000060) : 42131.67690218988 
0047000062 (0021000061) : 43516.62281239482 
0041000063 (0047000062) : 44234.993545263 
0013000064 (0041000063) : 45880.449545652365 
0046000065 (0013000064) : 46171.671201732934 
0017000066 (0046000065) : 46389.44974967854 
0099000067 (0017000066) : 46479.5860017673 
0071000068 (0099000067) : 46669.83688598494 
0021000069 (0071000068) : 48345.357741872795 
0022000070 (0021000069) : 49075.479653878334 
0025000071 (0022000070) : 49105.65566626416 
0084000072 (0025000071) : 49178.78944555426 
0064000073 (0084000072) : 49723.9818843027 
0050000074 (0064000073) : 50321.38457319709 
0054000075 (0050000074) : 51366.12489607655 
0099000076 (0054000075) : 51582.30437777494 
0021000077 (0099000076) : 51621.624084209056 
0062000078 (0021000077) : 52430.835608145775 
0096000079 (0062000078) : 53021.72367869778 
0005000080 (0096000079) : 54376.501363386815 
0021000081 (0005000080) : 54425.46346837335 
0044000082 (0021000081) : 54549.228492163005 
0084000083 (0044000082) : 55107.80686848585 
0080000084 (0084000083) : 56048.152531173146 
0058000085 (0080000084) : 56357.73026411311 
0087000086 (0058000085) : 56916.51079795883 
0071000087 (0087000086) : 58484.88115648408 
0015000088 (0071000087) : 59376.59293555663 
0038000089 (0015000088) : 60878.659862848195 
0004000090 (0038000089) : 61962.99453067302 
0089000091 (0004000090) : 62375.263274896664 
0051000092 (0089000091) : 63022.24327995139 
0062000093 (0051000092) : 63250.041272132716 
0042000094 (0062000093) : 63619.9682200361 
0072000095 (0042000094) : 63749.358630884584 
0049000096 (0072000095) : 63902.82964869223 
0026000097 (0049000096) : 65072.14763214063 
0092000098 (0026000097) : 66339.90864991615 
0065000099 (0092000098) : 67155.20081290927 
0029000100 (0065000099) : 67215.1533551436 
0063000101 (0029000100) : 67390.75617038658 
0036000102 (0063000101) : 67812.03095728789 
0096000103 (0036000102) : 68059.71324078865 
0067000104 (0096000103) : 68902.51582136906 
0022000105 (0067000104) : 69385.5369619942 
0040000106 (0022000105) : 69530.94612018055 
0078000107 (0040000106) : 70276.51479614247 
0021000108 (0078000107) : 70496.40565215943 
0088000109 (0021000108) : 71973.26030352696 
0028000110 (0088000109) : 73752.6371635557 
0045000111 (0028000110) : 75327.40035886763 
0034000112 (0045000111) : 76863.57280132051 
0092000113 (0034000112) : 77324.12278270785 
0088000114 (0092000113) : 77721.50854333822 
0061000115 (0088000114) : 79515.16849059005 
0048000116 (0061000115) : 80439.6660959443 
0020000117 (0048000116) : 80910.28233994891 
0021000118 (0020000117) : 82504.93069193313 
0013000119 (0021000118) : 83303.96442314504 
0064000120 (0013000119) : 83967.05852174445 
0018000121 (0064000120) : 84127.8690596475 
0021000122 (0018000121) : 84555.95860704388 
0097000123 (0021000122) : 84676.08917591005 
0041000124 (0097000123) : 85007.85064239615 
0006000125 (0041000124) : 85513.08840428833 
0089000126 (0006000125) : 86993.08602256898 
0053000127 (0089000126) : 87613.73379053478 
0004000128 (0053000127) : 88318.97388187482 
0023000129 (0004000128) : 88800.27409047479 
0051000130 (0023000129) : 89760.99623226137 
0090000131 (0051000130) : 90432.58204431902 
0063000132 (0090000131) : 90437.50354931185 
0000000133 (0063000132) : 91070.54109486942 
0065000134 (0000000133) : 91438.68198490459 
0052000135 (0065000134) : 92129.70119109067 
0088000136 (0052000135) : 94029.46226290247 
0023000137 (0088000136) : 94588.8039328741 
0021000138 (0023000137) : 97155.92195368288 
0086000139 (0021000138) : 97592.3641672201 
0082000140 (0086000139) : 98286.42417101143 
0086000141 (0082000140) : 98644.68284629131 
