0000000000 (genesis block) : 0 
0015000001 (0000000000) : 100.7168066115704 
0021000002 (0015000001) : 856.6136282958015 
0082000003 (0021000002) : 923.7290645595461 
0079000004 (0082000003) : 2228.789543020173 
0075000005 (0079000004) : 2687.2738597233447 
0047000006 (0075000005) : 4119.662939414225 
0070000007 (0047000006) : 4702.12598987125 
0021000008 (0070000007) : 4968.820752461871 
0089000009 (0021000008) : 5004.624395177678 
0021000010 (0089000009) : 5074.350849962721 
0059000011 (0021000010) : 5508.669115354254 
0056000012 (0059000011) : 5830.191150522449 
0047000013 (0056000012) : 6541.243558649824 
0008000014 (0047000013) : 7043.341690692142 
0053000015 (0008000014) : 7862.758751181424 
0094000016 (0053000015) : 7899.9457362567555 
0000000017 (0094000016) : 7985.415029124773 
0055000018 (0000000017) : 8235.761960509653 
0088000019 (0055000018) : 9211.286203414982 
0040000020 (0088000019) : 9731.321833085329 
0017000021 (0040000020) : 9736.86575866155 
0037000022 (0017000021) : 11640.40796221668 
0006000023 (0037000022) : 13138.809631169097 
0092000024 (0006000023) : 13555.93261295885 
0093000025 (0092000024) : 13620.3511068786 
0079000026 (0093000025) : 13754.183314705373 
0069000027 (0079000026) : 13921.832582674648 
0058000028 (0069000027) : 15692.574477324022 
0079000029 (0058000028) : 15987.348433832896 
0092000030 (0079000029) : 17255.58574738246 
0078000031 (0092000030) : 19036.11576278723 
0019000032 (0078000031) : 19780.876526974054 
0069000033 (0019000032) : 20692.975137901136 
0033000034 (0069000033) : 21963.65213029742 
0063000035 (0033000034) : 22040.42859465179 
0037000036 (0063000035) : 22824.200129906618 
0011000037 (0037000036) : 25378.966614999 
0029000038 (0011000037) : 25960.606580447733 
0055000039 (0029000038) : 26615.57757523495 
0033000040 (0055000039) : 26761.71752402461 
0021000041 (0033000040) : 27546.48653656348 
0085000042 (0021000041) : 28056.413398608744 
0091000043 (0085000042) : 28601.89497283706 
0007000044 (0091000043) : 29084.58955918515 
0090000045 (0007000044) : 29172.915116305998 
0021000046 (0090000045) : 29552.18786376903 
0066000047 (0021000046) : 30376.756874778705 
0089000048 (0066000047) : 30599.526134348802 
0098000049 (0089000048) : 30635.32297255382 
0066000050 (0098000049) : 30768.047641024175 
0097000051 (0066000050) : 31915.711269656502 
0092000052 (0097000051) : 31993.53863534739 
0041000053 (0092000052) : 34912.86101129617 
0058000054 (0041000053) : 34923.65054129601 
0048000055 (0058000054) : 37916.30418846621 
0044000056 (0048000055) : 38527.89273084531 
0005000057 (0044000056) : 38720.91946462735 
0088000058 (0005000057) : 40394.63303539143 
0037000059 (0088000058) : 40507.73653353212 
0041000060 (0037000059) : 41131.76992898682 
0021000061 (0041000060) : 42131.52143274161 
0047000062 (0021000061) : 43516.65691816018 
0041000063 (0047000062) : 44234.81282735173 
0013000064 (0041000063) : 45879.935940945245 
0046000065 (0013000064) : 46171.49127612042 
0017000066 (0046000065) : 46389.370027275145 
0099000067 (0017000066) : 46479.83911520433 
0071000068 (0099000067) : 46669.6571737474 
0021000069 (0071000068) : 48345.20259865643 
0022000070 (0021000069) : 49075.51306982205 
0025000071 (0022000070) : 49105.65918528998 
0084000072 (0025000071) : 49179.19743503012 
0064000073 (0084000072) : 49723.90429879504 
0050000074 (0064000073) : 50321.303262174806 
0054000075 (0050000074) : 51366.15944845929 
0099000076 (0054000075) : 51582.559704922525 
0021000077 (0099000076) : 51621.468295160645 
0062000078 (0021000077) : 52430.87019946317 
0096000079 (0062000078) : 53021.75815203652 
0005000080 (0096000079) : 54376.48339442851 
0021000081 (0005000080) : 54425.304820484285 
0044000082 (0021000081) : 54549.176937888675 
0084000083 (0044000082) : 55108.218355892306 
0080000084 (0084000083) : 56047.96541319328 
0058000085 (0080000084) : 56357.84423684092 
0087000086 (0058000085) : 56916.43234330597 
0071000087 (0087000086) : 58484.69112059109 
0015000088 (0071000087) : 59376.396353309414 
0038000089 (0015000088) : 60878.63328766852 
0004000090 (0038000089) : 61962.81715111005 
0089000091 (0004000090) : 62375.06564890323 
0051000092 (0089000091) : 63022.279610632155 
0062000093 (0051000092) : 63250.07447412898 
0042000094 (0062000093) : 63619.81070807084 
0072000095 (0042000094) : 63749.20011142813 
0049000096 (0072000095) : 63902.89305529913 
0026000097 (0049000096) : 65072.028365855265 
0092000098 (0026000097) : 66339.38763826936 
0065000099 (0092000098) : 67155.23527820219 
0029000100 (0065000099) : 67215.20017011478 
0063000101 (0029000100) : 67390.69313768862 
0036000102 (0063000101) : 67811.57976214099 
0096000103 (0036000102) : 68059.74916552307 
0067000104 (0096000103) : 68902.40589311722 
0022000105 (0067000104) : 69385.57060553307 
0040000106 (0022000105) : 69530.76551217919 
0078000107 (0040000106) : 70276.02728788962 
0021000108 (0078000107) : 70496.24810382198 
0088000109 (0021000108) : 71973.10332805366 
0028000110 (0088000109) : 73752.530322795 
0045000111 (0028000110) : 75327.32538897944 
0034000112 (0045000111) : 76863.5391400775 
0092000113 (0034000112) : 77323.6034442885 
0088000114 (0092000113) : 77721.35350097799 
0061000115 (0088000114) : 79515.20478025783 
0048000116 (0061000115) : 80439.5091069022 
0020000117 (0048000116) : 80910.12665000024 
0021000118 (0020000117) : 82504.77931174534 
0013000119 (0021000118) : 83303.4455263601 
0064000120 (0013000119) : 83966.97972144619 
0018000121 (0064000120) : 84127.7144330405 
0021000122 (0018000121) : 84555.80192376257 
0097000123 (0021000122) : 84675.98202668689 
0041000124 (0097000123) : 85007.66787286288 
0006000125 (0041000124) : 85512.9018748787 
0089000126 (0006000125) : 86992.89015002838 
0053000127 (0089000126) : 87613.62242078176 
0004000128 (0053000127) : 88318.79609969843 
0023000129 (0004000128) : 88800.14807080237 
0051000130 (0023000129) : 89761.03076566859 
0090000131 (0051000130) : 90432.50310344316 
0063000132 (0090000131) : 90437.4367143204 
0000000133 (0063000132) : 91070.34579791084 
0065000134 (0000000133) : 91438.71681008527 
0052000135 (0065000134) : 92129.52513079671 
0088000136 (0052000135) : 94029.30490583286 
0023000137 (0088000136) : 94588.67527797629 
0021000138 (0023000137) : 97155.76094298731 
0086000139 (0021000138) : 97592.25567193606 
0082000140 (0086000139) : 98286.23814331743 
0086000141 (0082000140) : 98644.56804582996 
