0000000000 (genesis block) : 0 
0015000001 (0000000000) : 100.7329823440465 
0021000002 (0015000001) : 856.888367291878 
0082000003 (0021000002) : 924.0946135001075 
0079000004 (0082000003) : 2228.8836503442417 
0075000005 (0079000004) : 2687.348372548308 
0047000006 (0075000005) : 4119.882750166082 
0070000007 (0047000006) : 4702.191008354657 
0021000008 (0070000007) : 4969.09563113476 
0089000009 (0021000008) : 5004.642662757641 
0021000010 (0089000009) : 5074.625362138103 
0059000011 (0021000010) : 5508.686349898296 
0056000012 (0059000011) : 5830.142282258349 
0047000013 (0056000012) : 6541.458785732941 
0008000014 (0047000013) : 7043.480043557198 
0053000015 (0008000014) : 7862.758596806414 
0094000016 (0053000015) : 7899.85668456759 
0000000017 (0094000016) : 7985.431992648574 
0055000018 (0000000017) : 8235.82416536256 
0088000019 (0055000018) : 9211.44757953845 
0040000020 (0088000019) : 9731.643269114422 
0017000021 (0040000020) : 9736.92012866345 
0037000022 (0017000021) : 11640.364276767274 
0006000023 (0037000022) : 13138.82656294338 
0092000024 (0006000023) : 13556.39012666568 
0093000025 (0092000024) : 13619.893430630822 
0079000026 (0093000025) : 13754.279469823658 
0069000027 (0079000026) : 13922.171323377093 
0058000028 (0069000027) : 15692.317912439185 
0079000029 (0058000028) : 15987.44620792797 
0092000030 (0079000029) : 17256.04344570235 
0078000031 (0092000030) : 19036.43051832526 
0019000032 (0078000031) : 19780.906818729145 
0069000033 (0019000032) : 20693.310211972297 
0033000034 (0069000033) : 21963.606059108562 
0063000035 (0033000034) : 22040.577492332544 
0037000036 (0063000035) : 22824.155673244382 
0011000037 (0037000036) : 25378.75696266306 
0029000038 (0011000037) : 25960.41317118193 
0055000039 (0029000038) : 26615.637344240888 
0033000040 (0055000039) : 26761.668581179056 
0021000041 (0033000040) : 27546.760461404214 
0085000042 (0021000041) : 28056.343336421884 
0091000043 (0085000042) : 28601.995590618295 
0007000044 (0091000043) : 29084.657671029563 
0090000045 (0007000044) : 29173.03827482648 
0021000046 (0090000045) : 29552.465111760364 
0066000047 (0021000046) : 30376.707553829372 
0089000048 (0066000047) : 30599.54300740524 
0098000049 (0089000048) : 30635.42345920123 
0066000050 (0098000049) : 30767.998263315676 
0097000051 (0066000050) : 31915.9613827913 
0092000052 (0097000051) : 31993.996487088345 
0041000053 (0092000052) : 34912.935536704084 
0058000054 (0041000053) : 34923.39110161463 
0048000055 (0058000054) : 37916.25914419435 
0044000056 (0048000055) : 38528.033053066116 
0005000057 (0044000056) : 38720.97488615783 
0088000058 (0005000057) : 40394.80178305227 
0037000059 (0088000058) : 40507.68620191188 
0041000060 (0037000059) : 41131.842992607926 
0021000061 (0041000060) : 42131.79528382323 
0047000062 (0021000061) : 43516.873625266155 
0041000063 (0047000062) : 44234.88844128872 
0013000064 (0041000063) : 45880.25132308457 
0046000065 (0013000064) : 46171.805547171294 
0017000066 (0046000065) : 46389.425033688836 
0099000067 (0017000066) : 46480.054202741965 
0071000068 (0099000067) : 46670.01285324839 
0021000069 (0071000068) : 48345.476834488094 
0022000070 (0021000069) : 49075.53067800246 
0025000071 (0022000070) : 49105.67623992935 
0084000072 (0025000071) : 49179.418259589154 
0064000073 (0084000072) : 49723.97924888542 
0050000074 (0064000073) : 50321.35756482506 
0054000075 (0050000074) : 51366.179965320276 
0099000076 (0054000075) : 51582.77454837922 
0021000077 (0099000076) : 51621.74375877903 
0062000078 (0021000077) : 52431.08998579329 
0096000079 (0062000078) : 53021.77407717602 
0005000080 (0096000079) : 54376.53539523879 
0021000081 (0005000080) : 54425.581913713424 
0044000082 (0021000081) : 54549.31582806564 
0084000083 (0044000082) : 55108.43575918706 
0080000084 (0084000083) : 56048.32945137019 
0058000085 (0080000084) : 56357.587748578706 
0087000086 (0058000085) : 56916.24505044739 
0071000087 (0087000086) : 58485.05654241481 
0015000088 (0071000087) : 59376.41252986442 
0038000089 (0015000088) : 60878.74743006415 
0004000090 (0038000089) : 61962.85907247831 
0089000091 (0004000090) : 62375.08246775793 
0051000092 (0089000091) : 63022.49710509081 
0062000093 (0051000092) : 63250.28866612206 
0042000094 (0062000093) : 63620.0556509796 
0072000095 (0042000094) : 63749.5336095695 
0049000096 (0072000095) : 63902.651227351416 
0026000097 (0049000096) : 65071.772836158 
0092000098 (0026000097) : 66339.84570261391 
0065000099 (0092000098) : 67155.45082848628 
0029000100 (0065000099) : 67215.00208652821 
0063000101 (0029000100) : 67390.84346836332 
0036000102 (0063000101) : 67811.67712882718 
0096000103 (0036000102) : 68059.7666216075 
0067000104 (0096000103) : 68902.64495282962 
0022000105 (0067000104) : 69385.58798945935 
0040000106 (0022000105) : 69531.08200260528 
0078000107 (0040000106) : 70276.34051670408 
0021000108 (0078000107) : 70496.52276798611 
0088000109 (0021000108) : 71973.26514173776 
0028000110 (0088000109) : 73752.62591032886 
0045000111 (0028000110) : 75327.44790032208 
0034000112 (0045000111) : 76863.60433874263 
0092000113 (0034000112) : 77324.06379193152 
0088000114 (0092000113) : 77721.512195709 
0061000115 (0088000114) : 79515.30339671836 
0048000116 (0061000115) : 80439.46504256249 
0020000117 (0048000116) : 80910.17270450741 
0021000118 (0020000117) : 82505.05106814316 
0013000119 (0021000118) : 83303.75856968269 
0064000120 (0013000119) : 83967.04821404304 
0018000121 (0064000120) : 84127.80804025501 
0021000122 (0018000121) : 84556.07709383703 
0097000123 (0021000122) : 84676.23065101235 
0041000124 (0097000123) : 85007.7426244896 
0006000125 (0041000124) : 85512.91944813846 
0089000126 (0006000125) : 86992.90846867191 
0053000127 (0089000126) : 87613.62010813513 
0004000128 (0053000127) : 88318.84070592333 
0023000129 (0004000128) : 88800.10337417138 
0051000130 (0023000129) : 89761.245621757 
0090000131 (0051000130) : 90432.6316639952 
0063000132 (0090000131) : 90437.58895002463 
0000000133 (0063000132) : 91070.3641103628 
0065000134 (0000000133) : 91438.93228510085 
0052000135 (0065000134) : 92129.56727789287 
0088000136 (0052000135) : 94029.4717202504 
0023000137 (0088000136) : 94588.6289844935 
0021000138 (0023000137) : 97156.03377918275 
0086000139 (0021000138) : 97592.32020958768 
0082000140 (0086000139) : 98286.59810302674 
0086000141 (0082000140) : 98644.6298454115 
