0000000000 (genesis block) : 0 
0015000001 (0000000000) : 100.4897161491633 
0021000002 (0015000001) : 856.7686879912637 
0082000003 (0021000002) : 924.0168545700741 
0079000004 (0082000003) : 2228.9471402354943 
0075000005 (0079000004) : 2687.2880366846307 
0047000006 (0075000005) : 4120.001994686644 
0070000007 (0047000006) : 4702.20379415198 
0021000008 (0070000007) : 4968.977076323679 
0089000009 (0021000008) : 5004.397022775402 
0021000010 (0089000009) : 5074.507544203624 
0059000011 (0021000010) : 5508.6067804213435 
0056000012 (0059000011) : 5830.139618438764 
0047000013 (0056000012) : 6541.58408257198 
0008000014 (0047000013) : 7043.40283511353 
0053000015 (0008000014) : 7862.429849651058 
0094000016 (0053000015) : 7899.994547127706 
0000000017 (0094000016) : 7985.362714065211 
0055000018 (0000000017) : 8235.922519372594 
0088000019 (0055000018) : 9211.537886662756 
0040000020 (0088000019) : 9731.710917987422 
0017000021 (0040000020) : 9736.922328596245 
0037000022 (0017000021) : 11640.394450897164 
0006000023 (0037000022) : 13138.418725347236 
0092000024 (0006000023) : 13556.322117258214 
0093000025 (0092000024) : 13620.29923277566 
0079000026 (0093000025) : 13754.343108864336 
0069000027 (0079000026) : 13921.96900294282 
0058000028 (0069000027) : 15692.45469117595 
0079000029 (0058000028) : 15987.50658861195 
0092000030 (0079000029) : 17255.97258236429 
0078000031 (0092000030) : 19036.46628557976 
0019000032 (0078000031) : 19780.831499290558 
0069000033 (0019000032) : 20693.110351342144 
0033000034 (0069000033) : 21963.636374332887 
0063000035 (0033000034) : 22040.590093682567 
0037000036 (0063000035) : 22824.18831528272 
0011000037 (0037000036) : 25378.89379598715 
0029000038 (0011000037) : 25960.547925754516 
0055000039 (0029000038) : 26615.741602113067 
0033000040 (0055000039) : 26761.700342292366 
0021000041 (0033000040) : 27546.6403406921 
0085000042 (0021000041) : 28056.398943565764 
0091000043 (0085000042) : 28602.0517668623 
0007000044 (0091000043) : 29084.776747600452 
0090000045 (0007000044) : 29173.047774239494 
0021000046 (0090000045) : 29552.34269217207 
0066000047 (0021000046) : 30376.957066582607 
0089000048 (0066000047) : 30599.299988974664 
0098000049 (0089000048) : 30635.18139362286 
0066000050 (0098000049) : 30768.248517789118 
0097000051 (0066000050) : 31915.880518982514 
0092000052 (0097000051) : 31993.92779458219 
0041000053 (0092000052) : 34912.87178678012 
0058000054 (0041000053) : 34923.53223426973 
0048000055 (0058000054) : 37916.29198288794 
0044000056 (0048000055) : 38528.064740918155 
0005000057 (0044000056) : 38720.911408102555 
0088000058 (0005000057) : 40394.88641409612 
0037000059 (0088000058) : 40507.71835833659 
0041000060 (0037000059) : 41131.780527977164 
0021000061 (0041000060) : 42131.67466365582 
0047000062 (0021000061) : 43516.99318978768 
0041000063 (0047000062) : 44234.82502342729 
0013000064 (0041000063) : 45880.326854743165 
0046000065 (0013000064) : 46171.88079091963 
0017000066 (0046000065) : 46389.43008922738 
0099000067 (0017000066) : 46480.02637667012 
0071000068 (0099000067) : 46669.93422477849 
0021000069 (0071000068) : 48345.36073395323 
0022000070 (0021000069) : 49075.453846988145 
0025000071 (0022000070) : 49105.43408376582 
0084000072 (0025000071) : 49179.3656097862 
0064000073 (0084000072) : 49724.092088224745 
0050000074 (0064000073) : 50321.411365673666 
0054000075 (0050000074) : 51366.0995998223 
0099000076 (0054000075) : 51582.74529408164 
0021000077 (0099000076) : 51621.62437402751 
0062000078 (0021000077) : 52431.210156555164 
0096000079 (0062000078) : 53021.69642737246 
0005000080 (0096000079) : 54376.47528215627 
0021000081 (0005000080) : 54425.463527220476 
0044000082 (0021000081) : 54549.346778134604 
0084000083 (0044000082) : 55108.387244183585 
0080000084 (0084000083) : 56048.24893404287 
0058000085 (0080000084) : 56357.72493607204 
0087000086 (0058000085) : 56916.384452836464 
0071000087 (0087000086) : 58484.9753599714 
0015000088 (0071000087) : 59376.170336019015 
0038000089 (0015000088) : 60878.80687543896 
0004000090 (0038000089) : 61962.966528347344 
0089000091 (0004000090) : 62374.83946662765 
0051000092 (0089000091) : 63022.50313684725 
0062000093 (0051000092) : 63250.4061959429 
0042000094 (0062000093) : 63619.96611609475 
0072000095 (0042000094) : 63749.45386080424 
0049000096 (0072000095) : 63902.83548516559 
0026000097 (0049000096) : 65071.910306200065 
0092000098 (0026000097) : 66339.7760762516 
0065000099 (0092000098) : 67155.42925372989 
0029000100 (0065000099) : 67215.13750027776 
0063000101 (0029000100) : 67390.85728824158 
0036000102 (0063000101) : 67811.863984396 
0096000103 (0036000102) : 68059.68896229938 
0067000104 (0096000103) : 68902.54757397967 
0022000105 (0067000104) : 69385.5102314435 
0040000106 (0022000105) : 69531.1560183554 
0078000107 (0040000106) : 70276.37245758242 
0021000108 (0078000107) : 70496.40256970697 
0088000109 (0021000108) : 71973.35615875544 
0028000110 (0088000109) : 73752.48228274433 
0045000111 (0028000110) : 75327.58529195492 
0034000112 (0045000111) : 76863.54750385477 
0092000113 (0034000112) : 77323.99182724133 
0088000114 (0092000113) : 77721.60410109 
0061000115 (0088000114) : 79515.251893336 
0048000116 (0061000115) : 80439.49627987779 
0020000117 (0048000116) : 80910.27794411457 
0021000118 (0020000117) : 82504.93226753635 
0013000119 (0021000118) : 83303.83373162906 
0064000120 (0013000119) : 83967.16726889664 
0018000121 (0064000120) : 84127.8744969444 
0021000122 (0018000121) : 84555.96109426634 
0097000123 (0021000122) : 84676.15097690393 
0041000124 (0097000123) : 85007.67810487012 
0006000125 (0041000124) : 85512.51227633235 
0089000126 (0006000125) : 86992.66728494929 
0053000127 (0089000126) : 87613.2919020087 
0004000128 (0053000127) : 88318.94840417274 
0023000129 (0004000128) : 88799.99506606213 
0051000130 (0023000129) : 89761.25110757926 
0090000131 (0051000130) : 90432.63467228103 
0063000132 (0090000131) : 90437.60089761199 
0000000133 (0063000132) : 91070.29577178652 
0065000134 (0000000133) : 91438.91256818186 
0052000135 (0065000134) : 92129.66321115915 
0088000136 (0052000135) : 94029.55884402046 
0023000137 (0088000136) : 94588.52407967906 
0021000138 (0023000137) : 97155.91295826805 
0086000139 (0021000138) : 97592.3901919751 
0082000140 (0086000139) : 98286.51997126883 
0086000141 (0082000140) : 98644.70372876403 
