0000000000 (genesis block) : 0 
0015000001 (0000000000) : 101.01495115586019 
0021000002 (0015000001) : 856.7492365883288 
0082000003 (0021000002) : 923.8662153492113 
0079000004 (0082000003) : 2229.1282749756365 
0075000005 (0079000004) : 2687.348399833404 
0047000006 (0075000005) : 4119.933493360954 
0070000007 (0047000006) : 4702.062661253177 
0021000008 (0070000007) : 4968.95718165383 
0089000009 (0021000008) : 5004.973896233117 
0021000010 (0089000009) : 5074.488158043993 
0059000011 (0021000010) : 5508.884479147933 
0056000012 (0059000011) : 5830.21123911562 
0047000013 (0056000012) : 6541.510058700175 
0008000014 (0047000013) : 7043.56996613472 
0053000015 (0008000014) : 7862.7046001338795 
0094000016 (0053000015) : 7899.252511675052 
0000000017 (0094000016) : 7985.942963634814 
0055000018 (0000000017) : 8235.897649816527 
0088000019 (0055000018) : 9211.424029347161 
0040000020 (0088000019) : 9731.802692446028 
0017000021 (0040000020) : 9737.17824592896 
0037000022 (0017000021) : 11640.638042688066 
0006000023 (0037000022) : 13139.159376066014 
0092000024 (0006000023) : 13556.625981420902 
0093000025 (0092000024) : 13620.496136975064 
0079000026 (0093000025) : 13754.523127459375 
0069000027 (0079000026) : 13922.26199237676 
0058000028 (0069000027) : 15692.250483582868 
0079000029 (0058000028) : 15987.6917350883 
0092000030 (0079000029) : 17256.278493896996 
0078000031 (0092000030) : 19036.718979334997 
0019000032 (0078000031) : 19781.114323097925 
0069000033 (0019000032) : 20693.404463029085 
0033000034 (0069000033) : 21963.750491739524 
0063000035 (0033000034) : 22040.566821621447 
0037000036 (0063000035) : 22824.43389692766 
0011000037 (0037000036) : 25379.002125128376 
0029000038 (0011000037) : 25960.65740840751 
0055000039 (0029000038) : 26615.716015292186 
0033000040 (0055000039) : 26761.814455126205 
0021000041 (0033000040) : 27546.62356903438 
0085000042 (0021000041) : 28056.58693036548 
0091000043 (0085000042) : 28601.701135474843 
0007000044 (0091000043) : 29084.795268387203 
0090000045 (0007000044) : 29172.962503021 
0021000046 (0090000045) : 29552.323629915372 
0066000047 (0021000046) : 30377.068198634242 
0089000048 (0066000047) : 30599.877095633496 
0098000049 (0089000048) : 30635.462918339465 
0066000050 (0098000049) : 30768.36176104595 
0097000051 (0066000050) : 31915.581161717593 
0092000052 (0097000051) : 31994.23287473613 
0041000053 (0092000052) : 34913.19079535363 
0058000054 (0041000053) : 34923.320975488874 
0048000055 (0058000054) : 37916.53358998904 
0044000056 (0048000055) : 38528.05574055917 
0005000057 (0044000056) : 38720.87358462705 
0088000058 (0005000057) : 40394.76982018658 
0037000059 (0088000058) : 40507.965010540225 
0041000060 (0037000059) : 41132.09539941813 
0021000061 (0041000060) : 42131.65758308888 
0047000062 (0021000061) : 43516.92596160119 
0041000063 (0047000062) : 44235.139629371355 
0013000064 (0041000063) : 45880.553190938335 
0046000065 (0013000064) : 46171.91616710365 
0017000066 (0046000065) : 46389.68400067454 
0099000067 (0017000066) : 46480.10871657314 
0071000068 (0099000067) : 46669.64934150281 
0021000069 (0071000068) : 48345.34006412262 
0022000070 (0021000069) : 49075.99475142006 
0025000071 (0022000070) : 49106.011955376445 
0084000072 (0025000071) : 49179.191245209484 
0064000073 (0084000072) : 49724.21971439987 
0050000074 (0064000073) : 50321.61471580527 
0054000075 (0050000074) : 51366.61391730396 
0099000076 (0054000075) : 51582.825677519875 
0021000077 (0099000076) : 51621.604947070206 
0062000078 (0021000077) : 52431.139393822516 
0096000079 (0062000078) : 53022.211624656804 
0005000080 (0096000079) : 54376.43697078834 
0021000081 (0005000080) : 54425.44485729593 
0044000082 (0021000081) : 54549.33983677538 
0084000083 (0044000082) : 55108.21154644201 
0080000084 (0084000083) : 56048.10216572419 
0058000085 (0080000084) : 56357.51790081651 
0087000086 (0058000085) : 56916.487778573515 
0071000087 (0087000086) : 58484.68678517432 
0015000088 (0071000087) : 59376.69485875138 
0038000089 (0015000088) : 60878.76886021993 
0004000090 (0038000089) : 61963.2066351275 
0089000091 (0004000090) : 62375.41756763309 
0051000092 (0089000091) : 63022.52907511527 
0062000093 (0051000092) : 63250.34169789092 
0042000094 (0062000093) : 63619.922215538165 
0072000095 (0042000094) : 63749.337092709655 
0049000096 (0072000095) : 63902.78852432993 
0026000097 (0049000096) : 65072.017804368326 
0092000098 (0026000097) : 66340.08063408262 
0065000099 (0092000098) : 67155.22933704202 
0029000100 (0065000099) : 67215.24850660653 
0063000101 (0029000100) : 67390.82985686178 
0036000102 (0063000101) : 67811.96976566395 
0096000103 (0036000102) : 68060.20661681157 
0067000104 (0096000103) : 68902.28924300858 
0022000105 (0067000104) : 69386.05901387033 
0040000106 (0022000105) : 69531.24585184152 
0078000107 (0040000106) : 70276.6278713476 
0021000108 (0078000107) : 70496.38402061026 
0088000109 (0021000108) : 71973.24019967648 
0028000110 (0088000109) : 73752.66647952337 
0045000111 (0028000110) : 75327.66156118017 
0034000112 (0045000111) : 76863.84982878862 
0092000113 (0034000112) : 77324.29462148598 
0088000114 (0092000113) : 77721.49194771764 
0061000115 (0088000114) : 79515.45503643736 
0048000116 (0061000115) : 80439.738428596 
0020000117 (0048000116) : 80910.5199275485 
0021000118 (0020000117) : 82504.91647835924 
0013000119 (0021000118) : 83304.06189507378 
0064000120 (0013000119) : 83967.29280384639 
0018000121 (0064000120) : 84127.79973941545 
0021000122 (0018000121) : 84555.93878316274 
0097000123 (0021000122) : 84675.85452879772 
0041000124 (0097000123) : 85007.99566632291 
0006000125 (0041000124) : 85513.25244136393 
0089000126 (0006000125) : 86993.24287008573 
0053000127 (0089000126) : 87613.56898760483 
0004000128 (0053000127) : 88319.1901953737 
0023000129 (0004000128) : 88800.03978537583 
0051000130 (0023000129) : 89761.28194253419 
0090000131 (0051000130) : 90432.55176782094 
0063000132 (0090000131) : 90437.57347374359 
0000000133 (0063000132) : 91070.87573793952 
0065000134 (0000000133) : 91438.71113778405 
0052000135 (0065000134) : 92129.71687719069 
0088000136 (0052000135) : 94029.44238123558 
0023000137 (0088000136) : 94588.56648672717 
0021000138 (0023000137) : 97155.89555313268 
0086000139 (0021000138) : 97591.84707358261 
0082000140 (0086000139) : 98286.37079288038 
0086000141 (0082000140) : 98644.15908572152 
