0000000000 (genesis block) : 0 
0015000001 (0000000000) : 100.97859367684991 
0021000002 (0015000001) : 856.4614721166565 
0082000003 (0021000002) : 923.8162674568606 
0079000004 (0082000003) : 2228.981886146045 
0075000005 (0079000004) : 2687.1419367567837 
0047000006 (0075000005) : 4119.663405514524 
0070000007 (0047000006) : 4702.124104613957 
0021000008 (0070000007) : 4968.667061960302 
0089000009 (0021000008) : 5004.935266891566 
0021000010 (0089000009) : 5074.19627594436 
0059000011 (0021000010) : 5508.815943414139 
0056000012 (0059000011) : 5830.2934823203595 
0047000013 (0056000012) : 6541.241231432964 
0008000014 (0047000013) : 7043.341903444565 
0053000015 (0008000014) : 7862.812691679866 
0094000016 (0053000015) : 7900.032212516473 
0000000017 (0094000016) : 7985.809327654051 
0055000018 (0000000017) : 8235.801738136686 
0088000019 (0055000018) : 9211.338500254125 
0040000020 (0088000019) : 9731.423738293635 
0017000021 (0040000020) : 9736.817894609649 
0037000022 (0017000021) : 11640.61349843693 
0006000023 (0037000022) : 13139.11821844891 
0092000024 (0006000023) : 13556.374626881923 
0093000025 (0092000024) : 13620.458567461514 
0079000026 (0093000025) : 13754.375953109611 
0069000027 (0079000026) : 13922.121278253893 
0058000028 (0069000027) : 15692.526005379026 
0079000029 (0058000028) : 15987.544527391407 
0092000030 (0079000029) : 17256.02388501722 
0078000031 (0092000030) : 19036.35609393033 
0019000032 (0078000031) : 19780.87841041452 
0069000033 (0019000032) : 20693.26598461483 
0033000034 (0069000033) : 21963.858965857824 
0063000035 (0033000034) : 22040.486233931948 
0037000036 (0063000035) : 22824.40914835777 
0011000037 (0037000036) : 25378.910284081307 
0029000038 (0011000037) : 25960.51449296342 
0055000039 (0029000038) : 26615.611996226075 
0033000040 (0055000039) : 26761.92195349582 
0021000041 (0033000040) : 27546.329586143213 
0085000042 (0021000041) : 28056.40692001975 
0091000043 (0085000042) : 28601.860455000544 
0007000044 (0091000043) : 29084.532388824045 
0090000045 (0007000044) : 29172.820984555547 
0021000046 (0090000045) : 29552.033546512364 
0066000047 (0021000046) : 30376.859690937737 
0089000048 (0066000047) : 30599.837952271795 
0098000049 (0089000048) : 30635.376166662023 
0066000050 (0098000049) : 30768.151895520943 
0097000051 (0066000050) : 31915.744929213808 
0092000052 (0097000051) : 31993.976702551325 
0041000053 (0092000052) : 34912.72521414932 
0058000054 (0041000053) : 34923.59733555039 
0048000055 (0058000054) : 37916.354316579185 
0044000056 (0048000055) : 38527.97537075561 
0005000057 (0044000056) : 38720.85119397957 
0088000058 (0005000057) : 40394.68844465196 
0037000059 (0088000058) : 40507.94141458304 
0041000060 (0037000059) : 41131.63400719603 
0021000061 (0041000060) : 42131.365158768655 
0047000062 (0021000061) : 43516.65701141396 
0041000063 (0047000062) : 44234.67706584259 
0013000064 (0041000063) : 45880.37106829105 
0046000065 (0013000064) : 46171.589306864575 
0017000066 (0046000065) : 46389.32901572934 
0099000067 (0017000066) : 46479.83874493136 
0071000068 (0099000067) : 46669.73826946662 
0021000069 (0071000068) : 48345.0465887435 
0022000070 (0021000069) : 49075.68746211269 
0025000071 (0022000070) : 49105.91180540959 
0084000072 (0025000071) : 49179.19790602098 
0064000073 (0084000072) : 49723.90466304984 
0050000074 (0064000073) : 50321.30604125096 
0054000075 (0050000074) : 51366.32654291713 
0099000076 (0054000075) : 51582.55705578348 
0021000077 (0099000076) : 51621.31371395929 
0062000078 (0021000077) : 52430.87076156646 
0096000079 (0062000078) : 53021.90094441266 
0005000080 (0096000079) : 54376.41241761532 
0021000081 (0005000080) : 54425.15083942547 
0044000082 (0021000081) : 54549.25869350977 
0084000083 (0044000082) : 55108.21986237037 
0080000084 (0084000083) : 56048.04888453178 
0058000085 (0080000084) : 56357.793206514136 
0087000086 (0058000085) : 56916.33993015319 
0071000087 (0087000086) : 58484.777521870885 
0015000088 (0071000087) : 59376.65182633277 
0038000089 (0015000088) : 60878.686642461515 
0004000090 (0038000089) : 61962.64830174601 
0089000091 (0004000090) : 62375.38315797889 
0051000092 (0089000091) : 63022.278279938895 
0062000093 (0051000092) : 63250.07432794476 
0042000094 (0062000093) : 63619.6552115477 
0072000095 (0042000094) : 63749.25531230016 
0049000096 (0072000095) : 63902.79886846875 
0026000097 (0049000096) : 65071.97686525894 
0092000098 (0026000097) : 66339.83033334509 
0065000099 (0092000098) : 67155.2353945193 
0029000100 (0065000099) : 67215.10252648746 
0063000101 (0029000100) : 67390.74721562592 
0036000102 (0063000101) : 67811.92962131364 
0096000103 (0036000102) : 68059.89284417187 
0067000104 (0096000103) : 68902.43730953414 
0022000105 (0067000104) : 69385.74370359772 
0040000106 (0022000105) : 69530.86655208009 
0078000107 (0040000106) : 70276.26634681024 
0021000108 (0078000107) : 70496.09215305133 
0088000109 (0021000108) : 71973.1565003963 
0028000110 (0088000109) : 73752.55759428989 
0045000111 (0028000110) : 75326.88223062849 
0034000112 (0045000111) : 76863.53676534747 
0092000113 (0034000112) : 77324.04233933108 
0088000114 (0092000113) : 77721.40651031873 
0061000115 (0088000114) : 79515.20170103847 
0048000116 (0061000115) : 80439.55713296433 
0020000117 (0048000116) : 80909.96409187299 
0021000118 (0020000117) : 82504.62282452184 
0013000119 (0021000118) : 83303.88674017056 
0064000120 (0013000119) : 83966.9804638155 
0018000121 (0064000120) : 84127.78942438628 
0021000122 (0018000121) : 84555.64696378772 
0097000123 (0021000122) : 84676.01122964526 
0041000124 (0097000123) : 85007.5325736111 
0006000125 (0041000124) : 85513.21232929813 
0089000126 (0006000125) : 86993.20286195252 
0053000127 (0089000126) : 87613.67780646341 
0004000128 (0053000127) : 88318.6293341066 
0023000129 (0004000128) : 88800.29900961647 
0051000130 (0023000129) : 89761.03063033026 
0090000131 (0051000130) : 90432.4118912103 
0063000132 (0090000131) : 90437.49146842088 
0000000133 (0063000132) : 91070.74651821198 
0065000134 (0000000133) : 91438.71547890591 
0052000135 (0065000134) : 92129.35764782997 
0088000136 (0052000135) : 94029.35994088612 
0023000137 (0088000136) : 94588.82613328117 
0021000138 (0023000137) : 97155.60340365568 
0086000139 (0021000138) : 97592.27793048846 
0082000140 (0086000139) : 98286.32404196243 
0086000141 (0082000140) : 98644.58596169174 
