0000000000 (genesis block) : 0 
0015000001 (0000000000) : 100.757791692953 
0021000002 (0015000001) : 856.7010016833873 
0082000003 (0021000002) : 923.7629583002782 
0079000004 (0082000003) : 2228.656532193449 
0075000005 (0079000004) : 2686.908112310205 
0047000006 (0075000005) : 4119.7920161175425 
0070000007 (0047000006) : 4701.999688948344 
0021000008 (0070000007) : 4968.911532806086 
0089000009 (0021000008) : 5004.719058425954 
0021000010 (0089000009) : 5074.440598816565 
0059000011 (0021000010) : 5508.809789466436 
0056000012 (0059000011) : 5830.117557687081 
0047000013 (0056000012) : 6541.367770672139 
0008000014 (0047000013) : 7043.467578969377 
0053000015 (0008000014) : 7862.7238832732 
0094000016 (0053000015) : 7899.967005733095 
0000000017 (0094000016) : 7985.68545861304 
0055000018 (0000000017) : 8235.72964573862 
0088000019 (0055000018) : 9211.37527021651 
0040000020 (0088000019) : 9731.549293200847 
0017000021 (0040000020) : 9736.835998389064 
0037000022 (0017000021) : 11640.101465883572 
0006000023 (0037000022) : 13138.889234472286 
0092000024 (0006000023) : 13556.42019120499 
0093000025 (0092000024) : 13620.335063733397 
0079000026 (0093000025) : 13754.054448825567 
0069000027 (0079000026) : 13921.942562232449 
0058000028 (0069000027) : 15692.433068363267 
0079000029 (0058000028) : 15987.217942822268 
0092000030 (0079000029) : 17256.072435094462 
0078000031 (0092000030) : 19036.361286558542 
0019000032 (0078000031) : 19780.850663098357 
0069000033 (0019000032) : 20693.08568066475 
0033000034 (0069000033) : 21963.347184685565 
0063000035 (0033000034) : 22040.437866501878 
0037000036 (0063000035) : 22823.901434384057 
0011000037 (0037000036) : 25378.773507394624 
0029000038 (0011000037) : 25960.48966662349 
0055000039 (0029000038) : 26615.542638003713 
0033000040 (0055000039) : 26761.41037401659 
0021000041 (0033000040) : 27546.572156893828 
0085000042 (0021000041) : 28055.926471043218 
0091000043 (0085000042) : 28601.579519528324 
0007000044 (0091000043) : 29084.566873092885 
0090000045 (0007000044) : 29172.95108773256 
0021000046 (0090000045) : 29552.275924639875 
0066000047 (0021000046) : 30376.93302683685 
0089000048 (0066000047) : 30599.618652457415 
0098000049 (0089000048) : 30635.150546686033 
0066000050 (0098000049) : 30768.228303918087 
0097000051 (0066000050) : 31915.59873814209 
0092000052 (0097000051) : 31994.022304446506 
0041000053 (0092000052) : 34912.79696859496 
0058000054 (0041000053) : 34923.50584387957 
0048000055 (0058000054) : 37915.81961092929 
0044000056 (0048000055) : 38527.97452911363 
0005000057 (0044000056) : 38720.892046095076 
0088000058 (0005000057) : 40394.72309004254 
0037000059 (0088000058) : 40507.426426721 
0041000060 (0037000059) : 41131.70288681898 
0021000061 (0041000060) : 42131.608996637406 
0047000062 (0021000061) : 43516.785907176214 
0041000063 (0047000062) : 44234.747791903304 
0013000064 (0041000063) : 45880.18207879357 
0046000065 (0013000064) : 46171.719011343084 
0017000066 (0046000065) : 46389.34457654798 
0099000067 (0017000066) : 46479.965650985294 
0071000068 (0099000067) : 46669.743130554736 
0021000069 (0071000068) : 48345.292070718264 
0022000070 (0021000069) : 49075.654862182666 
0025000071 (0022000070) : 49105.74680233373 
0084000072 (0025000071) : 49179.32238755189 
0064000073 (0084000072) : 49723.876893796616 
0050000074 (0064000073) : 50321.27696779191 
0054000075 (0050000074) : 51366.09278389567 
0099000076 (0054000075) : 51582.685657260816 
0021000077 (0099000076) : 51621.55937106068 
0062000078 (0021000077) : 52431.00183114473 
0096000079 (0062000078) : 53021.87417800358 
0005000080 (0096000079) : 54376.454267682486 
0021000081 (0005000080) : 54425.39286528862 
0044000082 (0021000081) : 54549.25637771091 
0084000083 (0044000082) : 55108.341124286155 
0080000084 (0084000083) : 56048.05330968353 
0058000085 (0080000084) : 56357.697796578286 
0087000086 (0058000085) : 56916.314432807965 
0071000087 (0087000086) : 58484.782464924734 
0015000088 (0071000087) : 59376.43450388085 
0038000089 (0015000088) : 60878.71578151414 
0004000090 (0038000089) : 61962.71785054581 
0089000091 (0004000090) : 62375.15995496396 
0051000092 (0089000091) : 63022.40821518745 
0062000093 (0051000092) : 63250.199205466946 
0042000094 (0062000093) : 63619.89886506514 
0072000095 (0042000094) : 63749.28901485164 
0049000096 (0072000095) : 63902.77292943835 
0026000097 (0049000096) : 65071.8860194489 
0092000098 (0026000097) : 66339.87145328581 
0065000099 (0092000098) : 67155.36142466322 
0029000100 (0065000099) : 67215.0767910502 
0063000101 (0029000100) : 67390.70556140554 
0036000102 (0063000101) : 67811.59861937106 
0096000103 (0036000102) : 68059.86445575384 
0067000104 (0096000103) : 68902.3073335319 
0022000105 (0067000104) : 69385.71839933205 
0040000106 (0022000105) : 69530.99375571954 
0078000107 (0040000106) : 70276.27718961278 
0021000108 (0078000107) : 70496.3374375899 
0088000109 (0021000108) : 71973.19163311785 
0028000110 (0088000109) : 73752.59943933721 
0045000111 (0028000110) : 75327.41734681465 
0034000112 (0045000111) : 76863.51257844799 
0092000113 (0034000112) : 77324.09617980308 
0088000114 (0092000113) : 77721.44343506839 
0061000115 (0088000114) : 79515.17747598464 
0048000116 (0061000115) : 80439.02213185818 
0020000117 (0048000116) : 80910.03221745155 
0021000118 (0020000117) : 82504.86878363931 
0013000119 (0021000118) : 83303.69215737922 
0064000120 (0013000119) : 83966.9520736749 
0018000121 (0064000120) : 84127.58320811708 
0021000122 (0018000121) : 84555.89068326625 
0097000123 (0021000122) : 84675.8688709628 
0041000124 (0097000123) : 85007.60422942086 
0006000125 (0041000124) : 85512.98406130854 
0089000126 (0006000125) : 86992.98499235125 
0053000127 (0089000126) : 87613.58430657879 
0004000128 (0053000127) : 88318.70645136914 
0023000129 (0004000128) : 88799.84430260277 
0051000130 (0023000129) : 89761.15517611816 
0090000131 (0051000130) : 90432.53787998942 
0063000132 (0090000131) : 90437.44786971844 
0000000133 (0063000132) : 91070.615369592 
0065000134 (0000000133) : 91438.84457271846 
0052000135 (0065000134) : 92129.43320916395 
0088000136 (0052000135) : 94029.39707996919 
0023000137 (0088000136) : 94588.37072791625 
0021000138 (0023000137) : 97155.846364314 
0086000139 (0021000138) : 97592.12926829894 
0082000140 (0086000139) : 98286.26903599717 
0086000141 (0082000140) : 98644.44056729352 
