0000000000 (genesis block) : 0 
0015000001 (0000000000) : 100.95740671266732 
0021000002 (0015000001) : 856.8485069979924 
0082000003 (0021000002) : 924.0095289101755 
0079000004 (0082000003) : 2229.014998609287 
0075000005 (0079000004) : 2686.8299312743097 
0047000006 (0075000005) : 4119.775502144854 
0070000007 (0047000006) : 4702.032073999164 
0021000008 (0070000007) : 4969.054542623934 
0089000009 (0021000008) : 5004.918310363528 
0021000010 (0089000009) : 5074.585254112529 
0059000011 (0021000010) : 5508.768144497501 
0056000012 (0059000011) : 5829.761616691408 
0047000013 (0056000012) : 6541.355542352744 
0008000014 (0047000013) : 7043.398145650454 
0053000015 (0008000014) : 7862.3770426567 
0094000016 (0053000015) : 7900.00750609286 
0000000017 (0094000016) : 7985.744384387852 
0055000018 (0000000017) : 8235.897565677564 
0088000019 (0055000018) : 9211.528172881443 
0040000020 (0088000019) : 9731.645847957396 
0017000021 (0040000020) : 9736.888909377096 
0037000022 (0017000021) : 11640.592285906096 
0006000023 (0037000022) : 13139.102206092932 
0092000024 (0006000023) : 13556.592884080956 
0093000025 (0092000024) : 13620.579029818073 
0079000026 (0093000025) : 13754.410723887378 
0069000027 (0079000026) : 13921.96702308895 
0058000028 (0069000027) : 15692.722652823468 
0079000029 (0058000028) : 15987.574769592102 
0092000030 (0079000029) : 17256.24575463524 
0078000031 (0092000030) : 19036.582779464985 
0019000032 (0078000031) : 19780.810996557513 
0069000033 (0019000032) : 20693.10992086612 
0033000034 (0069000033) : 21963.729455508786 
0063000035 (0033000034) : 22040.57972107792 
0037000036 (0063000035) : 22824.38915630194 
0011000037 (0037000036) : 25378.9964008357 
0029000038 (0011000037) : 25960.777915025563 
0055000039 (0029000038) : 26615.71698273209 
0033000040 (0055000039) : 26761.792434449868 
0021000041 (0033000040) : 27546.718755824168 
0085000042 (0021000041) : 28056.50950990567 
0091000043 (0085000042) : 28601.99430533671 
0007000044 (0091000043) : 29084.694869497944 
0090000045 (0007000044) : 29173.121011113868 
0021000046 (0090000045) : 29552.4218356516 
0066000047 (0021000046) : 30376.734695169846 
0089000048 (0066000047) : 30599.81962986469 
0098000049 (0089000048) : 30635.462773353705 
0066000050 (0098000049) : 30768.024476860206 
0097000051 (0066000050) : 31915.597527051876 
0092000052 (0097000051) : 31994.200084763645 
0041000053 (0092000052) : 34912.97599345687 
0058000054 (0041000053) : 34923.79571545232 
0048000055 (0058000054) : 37916.45516216192 
0044000056 (0048000055) : 38527.91817155273 
0005000057 (0044000056) : 38720.709027366895 
0088000058 (0005000057) : 40394.87969893918 
0037000059 (0088000058) : 40507.91804769658 
0041000060 (0037000059) : 41131.88158510994 
0021000061 (0041000060) : 42131.75297681607 
0047000062 (0021000061) : 43516.77193042681 
0041000063 (0047000062) : 44234.92478336212 
0013000064 (0041000063) : 45880.51785347561 
0046000065 (0013000064) : 46171.775391564464 
0017000066 (0046000065) : 46389.395979691224 
0099000067 (0017000066) : 46479.894579211934 
0071000068 (0099000067) : 46669.80266328507 
0021000069 (0071000068) : 48345.436466238585 
0022000070 (0021000069) : 49075.61726460748 
0025000071 (0022000070) : 49105.854872814336 
0084000072 (0025000071) : 49179.29295727981 
0064000073 (0084000072) : 49724.00725469151 
0050000074 (0064000073) : 50321.32841033999 
0054000075 (0050000074) : 51366.25987297216 
0099000076 (0054000075) : 51582.613051423126 
0021000077 (0099000076) : 51621.70134408679 
0062000078 (0021000077) : 52430.925150505835 
0096000079 (0062000078) : 53021.83420618862 
0005000080 (0096000079) : 54376.27026834631 
0021000081 (0005000080) : 54425.53957328984 
0044000082 (0021000081) : 54549.20449714816 
0084000083 (0044000082) : 55108.31607826392 
0080000084 (0084000083) : 56048.2431651314 
0058000085 (0080000084) : 56357.99115818961 
0087000086 (0058000085) : 56916.6050180744 
0071000087 (0087000086) : 58484.84037579916 
0015000088 (0071000087) : 59376.63779959786 
0038000089 (0015000088) : 60878.63108142615 
0004000090 (0038000089) : 61963.09920219657 
0089000091 (0004000090) : 62375.36178843285 
0051000092 (0089000091) : 63022.21881869987 
0062000093 (0051000092) : 63250.12575875395 
0042000094 (0062000093) : 63619.67324861097 
0072000095 (0042000094) : 63749.44404738379 
0049000096 (0072000095) : 63902.93242012116 
0026000097 (0049000096) : 65072.17709194187 
0092000098 (0026000097) : 66340.05690477732 
0065000099 (0092000098) : 67155.32898388531 
0029000100 (0065000099) : 67215.36601508803 
0063000101 (0029000100) : 67390.8454456567 
0036000102 (0063000101) : 67812.0896177576 
0096000103 (0036000102) : 68059.82305701255 
0067000104 (0096000103) : 68902.26187756257 
0022000105 (0067000104) : 69385.6714318314 
0040000106 (0022000105) : 69531.09087323945 
0078000107 (0040000106) : 70276.49526078295 
0021000108 (0078000107) : 70496.48171608378 
0088000109 (0021000108) : 71973.34965421207 
0028000110 (0088000109) : 73752.63129266528 
0045000111 (0028000110) : 75327.54962260074 
0034000112 (0045000111) : 76863.46525589425 
0092000113 (0034000112) : 77324.26987985581 
0088000114 (0092000113) : 77721.59588250199 
0061000115 (0088000114) : 79514.96677220342 
0048000116 (0061000115) : 80439.66217837163 
0020000117 (0048000116) : 80910.36527153781 
0021000118 (0020000117) : 82505.00970215655 
0013000119 (0021000118) : 83304.0256154697 
0064000120 (0013000119) : 83967.08010422811 
0018000121 (0064000120) : 84127.77105627797 
0021000122 (0018000121) : 84556.03524680634 
0097000123 (0021000122) : 84675.86907534458 
0041000124 (0097000123) : 85007.7793087933 
0006000125 (0041000124) : 85513.19954419733 
0089000126 (0006000125) : 86993.18935133009 
0053000127 (0089000126) : 87613.238665833 
0004000128 (0053000127) : 88319.08192818346 
0023000129 (0004000128) : 88800.22438021039 
0051000130 (0023000129) : 89760.97105971689 
0090000131 (0051000130) : 90432.70885937939 
0063000132 (0090000131) : 90437.58576844809 
0000000133 (0063000132) : 91070.67822003659 
0065000134 (0000000133) : 91438.80978467468 
0052000135 (0065000134) : 92129.69218565481 
0088000136 (0052000135) : 94029.54801858582 
0023000137 (0088000136) : 94588.75153493987 
0021000138 (0023000137) : 97155.99762623012 
0086000139 (0021000138) : 97592.14148939702 
0082000140 (0086000139) : 98286.5098191655 
0086000141 (0082000140) : 98644.4524406464 
