0000000000 (genesis block) : 0 
0015000001 (0000000000) : 100.83683279331862 
0021000002 (0015000001) : 856.6767502466118 
0082000003 (0021000002) : 923.8492628760135 
0079000004 (0082000003) : 2228.6696408528715 
0075000005 (0079000004) : 2687.2274082403355 
0047000006 (0075000005) : 4119.782710108856 
0070000007 (0047000006) : 4702.012055204603 
0021000008 (0070000007) : 4968.88150345804 
0089000009 (0021000008) : 5004.744138828292 
0021000010 (0089000009) : 5074.410719138304 
0059000011 (0021000010) : 5508.789733880212 
0056000012 (0059000011) : 5830.159882799094 
0047000013 (0056000012) : 6541.362725061322 
0008000014 (0047000013) : 7043.462598140398 
0053000015 (0008000014) : 7862.776814791584 
0094000016 (0053000015) : 7899.994924031298 
0000000017 (0094000016) : 7985.534427849121 
0055000018 (0000000017) : 8235.782182296613 
0088000019 (0055000018) : 9211.405484601486 
0040000020 (0088000019) : 9731.441164028882 
0017000021 (0040000020) : 9736.906111799028 
0037000022 (0017000021) : 11640.288561372407 
0006000023 (0037000022) : 13138.928809687955 
0092000024 (0006000023) : 13556.052737615113 
0093000025 (0092000024) : 13620.328398743777 
0079000026 (0093000025) : 13754.063809990805 
0069000027 (0079000026) : 13921.95241774994 
0058000028 (0069000027) : 15692.45395622691 
0079000029 (0058000028) : 15987.228123025594 
0092000030 (0079000029) : 17255.706210196604 
0078000031 (0092000030) : 19035.99595329213 
0019000032 (0078000031) : 19780.987012781763 
0069000033 (0019000032) : 20693.09672812931 
0033000034 (0069000033) : 21963.529769870496 
0063000035 (0033000034) : 22040.540100773705 
0037000036 (0063000035) : 22824.080816019094 
0011000037 (0037000036) : 25378.89520388925 
0029000038 (0011000037) : 25960.5314834988 
0055000039 (0029000038) : 26615.599838238388 
0033000040 (0055000039) : 26761.597603911636 
0021000041 (0033000040) : 27546.54636959961 
0085000042 (0021000041) : 28056.294155185988 
0091000043 (0085000042) : 28601.94762789492 
0007000044 (0091000043) : 29084.652878034918 
0090000045 (0007000044) : 29173.034940493093 
0021000046 (0090000045) : 29552.248476004625 
0066000047 (0021000046) : 30376.724020178717 
0089000048 (0066000047) : 30599.645474345256 
0098000049 (0089000048) : 30635.443828359435 
0066000050 (0098000049) : 30768.014771276525 
0097000051 (0066000050) : 31915.83160961932 
0092000052 (0097000051) : 31993.65784942709 
0041000053 (0092000052) : 34912.8146631076 
0058000054 (0041000053) : 34923.527104452536 
0048000055 (0058000054) : 37916.184741145174 
0044000056 (0048000055) : 38527.77314359058 
0005000057 (0044000056) : 38720.88240695339 
0088000058 (0005000057) : 40394.75253626422 
0037000059 (0088000058) : 40507.61383797793 
0041000060 (0037000059) : 41131.72107105608 
0021000061 (0041000060) : 42131.58056067026 
0047000062 (0021000061) : 43516.77646271046 
0041000063 (0047000062) : 44234.76497899574 
0013000064 (0041000063) : 45879.81593424804 
0046000065 (0013000064) : 46171.61083334029 
0017000066 (0046000065) : 46389.41466436204 
0099000067 (0017000066) : 46479.95896573067 
0071000068 (0099000067) : 46669.5835729347 
0021000069 (0071000068) : 48345.260769150766 
0022000070 (0021000069) : 49075.63438134999 
0025000071 (0022000070) : 49105.77880640384 
0084000072 (0025000071) : 49179.17965984383 
0064000073 (0084000072) : 49724.0240101443 
0050000074 (0064000073) : 50321.375409745735 
0054000075 (0050000074) : 51366.105552873625 
0099000076 (0054000075) : 51582.67915394122 
0021000077 (0099000076) : 51621.53370289801 
0062000078 (0021000077) : 52430.98994117039 
0096000079 (0062000078) : 53021.87759380569 
0005000080 (0096000079) : 54376.444782566265 
0021000081 (0005000080) : 54425.365028729444 
0044000082 (0021000081) : 54549.057601357155 
0084000083 (0044000082) : 55108.197711482666 
0080000084 (0084000083) : 56048.08664842663 
0058000085 (0080000084) : 56357.724386976224 
0087000086 (0058000085) : 56916.38160286582 
0071000087 (0087000086) : 58484.621629364396 
0015000088 (0071000087) : 59376.515574783814 
0038000089 (0015000088) : 60878.516426854665 
0004000090 (0038000089) : 61962.767284462636 
0089000091 (0004000090) : 62375.1853266908 
0051000092 (0089000091) : 63022.39898326385 
0062000093 (0051000092) : 63250.19426326118 
0042000094 (0062000093) : 63619.87081764471 
0072000095 (0042000094) : 63749.32004312887 
0049000096 (0072000095) : 63902.821327195 
0026000097 (0049000096) : 65071.90897297218 
0092000098 (0026000097) : 66339.50689969532 
0065000099 (0092000098) : 67155.35500118193 
0029000100 (0065000099) : 67215.1239338291 
0063000101 (0029000100) : 67390.80371647116 
0036000102 (0063000101) : 67811.46034937112 
0096000103 (0036000102) : 68059.8700147583 
0067000104 (0096000103) : 68902.52532279419 
0022000105 (0067000104) : 69385.69000014743 
0040000106 (0022000105) : 69530.8855179215 
0078000107 (0040000106) : 70275.90660075632 
0021000108 (0078000107) : 70496.30816791838 
0088000109 (0021000108) : 71973.22264089006 
0028000110 (0088000109) : 73752.61118647101 
0045000111 (0028000110) : 75327.44517101882 
0034000112 (0045000111) : 76863.64799290164 
0092000113 (0034000112) : 77323.72309903103 
0088000114 (0092000113) : 77721.47293260306 
0061000115 (0088000114) : 79515.32443131725 
0048000116 (0061000115) : 80439.38982703285 
0020000117 (0048000116) : 80910.07978484806 
0021000118 (0020000117) : 82504.83884746737 
0013000119 (0021000118) : 83303.32258871822 
0064000120 (0013000119) : 83967.0991064233 
0018000121 (0064000120) : 84127.59407458437 
0021000122 (0018000121) : 84555.86204186008 
0097000123 (0021000122) : 84676.10184262716 
0041000124 (0097000123) : 85007.62036548028 
0006000125 (0041000124) : 85513.02125394614 
0089000126 (0006000125) : 86993.00947666404 
0053000127 (0089000126) : 87613.63742781951 
0004000128 (0053000127) : 88318.74805431993 
0023000129 (0004000128) : 88800.02824745768 
0051000130 (0023000129) : 89761.15076901436 
0090000131 (0051000130) : 90432.62288237768 
0063000132 (0090000131) : 90437.5467236406 
0000000133 (0063000132) : 91070.46645736958 
0065000134 (0000000133) : 91438.83678077074 
0052000135 (0065000134) : 92129.47704171146 
0088000136 (0052000135) : 94029.42454294684 
0023000137 (0088000136) : 94588.55586938487 
0021000138 (0023000137) : 97155.81786683609 
0086000139 (0021000138) : 97592.34078333579 
0082000140 (0086000139) : 98286.35749116963 
0086000141 (0082000140) : 98644.65583700484 
