0000000000 (genesis block) : 0 
0023000001 (0000000000) : 383.14848690734965 
0072000002 (0023000001) : 693.4093825419059 
0025000003 (0072000002) : 1164.5270383643044 
0076000004 (0025000003) : 1307.3211404949118 
0003000005 (0076000004) : 1808.6645684436487 
0035000006 (0003000005) : 2647.794944335683 
0010000007 (0035000006) : 3066.622822127869 
0026000008 (0010000007) : 3082.1181315297963 
0048000009 (0026000008) : 3307.9733742216554 
0022000010 (0048000009) : 3550.09084717555 
0031000011 (0022000010) : 4288.290140168782 
0045000012 (0031000011) : 5127.2333143175865 
0086000013 (0045000012) : 6639.174005994417 
0050000014 (0086000013) : 7432.239559635473 
0078000015 (0050000014) : 7682.619553084175 
0049000016 (0078000015) : 7714.140663703028 
0087000017 (0049000016) : 8129.318660871455 
0000000018 (0087000017) : 8462.509474296845 
0009000019 (0000000018) : 8836.621322413159 
0016000020 (0009000019) : 9080.897593509295 
0063000021 (0016000020) : 10088.969325661708 
0023000022 (0063000021) : 10419.444706419778 
0092000023 (0023000022) : 10470.593626061032 
0061000024 (0092000023) : 10550.936320852661 
0017000025 (0061000024) : 10806.485831444048 
0088000026 (0017000025) : 11452.544615655805 
0023000027 (0088000026) : 11960.432953665191 
0001000028 (0023000027) : 12269.69003638103 
0030000029 (0001000028) : 14501.185433409823 
0040000030 (0030000029) : 15673.65582040404 
0071000031 (0040000030) : 16869.580180130368 
0023000032 (0071000031) : 17122.008951521093 
0024000033 (0023000032) : 17596.272733365608 
0095000034 (0024000033) : 18244.82885847185 
0088000035 (0095000034) : 19221.787926315756 
0018000036 (0088000035) : 20304.298674777143 
0038000037 (0018000036) : 20351.77046311834 
0080000038 (0038000037) : 20753.330105724737 
0074000039 (0080000038) : 21056.086018978473 
0090000040 (0074000039) : 21210.102239341253 
0080000041 (0090000040) : 22284.79023351665 
0099000042 (0080000041) : 22644.758593697734 
0060000043 (0099000042) : 26118.046850994775 
0012000044 (0060000043) : 26871.73793874625 
0023000045 (0012000044) : 27437.297558733422 
0089000046 (0023000045) : 27598.14617178123 
0004000047 (0089000046) : 28641.645599821102 
0093000048 (0004000047) : 29340.238663202763 
0023000049 (0093000048) : 29730.143350997816 
0076000050 (0023000049) : 30331.797279721035 
0032000051 (0076000050) : 31104.16639879563 
0023000052 (0032000051) : 32641.710980512664 
0074000053 (0023000052) : 32659.520423066933 
0042000054 (0074000053) : 34281.003730989905 
0097000055 (0042000054) : 34656.2643176908 
0038000056 (0097000055) : 34788.299850489086 
0035000057 (0038000056) : 34854.00092086637 
0071000058 (0035000057) : 35066.82070226265 
0068000059 (0071000058) : 35916.95571540021 
0018000060 (0068000059) : 36140.577159346074 
0040000061 (0018000060) : 36401.82096112777 
0075000062 (0040000061) : 38032.78449023393 
0017000063 (0075000062) : 38107.52684406358 
0032000064 (0017000063) : 38167.665217500966 
0080000065 (0032000064) : 39059.003951952196 
0012000066 (0080000065) : 40060.86424117588 
0073000067 (0012000066) : 42129.55311582799 
0058000068 (0073000067) : 42664.41304808868 
0047000069 (0058000068) : 43189.612313763835 
0081000070 (0047000069) : 44595.954358917625 
0011000071 (0081000070) : 45335.06204640723 
0049000072 (0011000071) : 45453.84423183854 
0023000073 (0049000072) : 46755.739575285625 
0049000074 (0023000073) : 47969.68655509793 
0093000075 (0049000074) : 48708.79619530174 
0028000076 (0093000075) : 49126.70116591307 
0023000077 (0028000076) : 49668.46488171699 
0076000078 (0023000077) : 50014.76492788993 
0014000079 (0076000078) : 50021.172503461254 
0060000080 (0014000079) : 50264.363320515375 
0010000081 (0060000080) : 50360.618946060735 
0045000082 (0010000081) : 50501.68401550263 
0055000083 (0045000082) : 53776.60215244173 
0053000084 (0055000083) : 53903.629020685206 
0079000085 (0053000084) : 54036.02358762576 
0023000086 (0079000085) : 54135.338382286005 
0081000087 (0023000086) : 56579.218961543294 
0022000088 (0081000087) : 56763.426851045486 
0030000089 (0022000088) : 57298.09101043679 
0023000090 (0030000089) : 58171.475250798736 
0037000091 (0023000090) : 58182.05029194573 
0039000092 (0037000091) : 58506.80402016452 
0043000093 (0039000092) : 58968.80543897753 
0045000094 (0043000093) : 59060.90490573718 
0089000095 (0045000094) : 59685.07649086458 
0039000096 (0089000095) : 60226.56876770944 
0083000097 (0039000096) : 61737.921750700014 
0093000098 (0083000097) : 62032.3401156419 
0091000099 (0093000098) : 62153.3050105841 
0041000100 (0091000099) : 62375.74236045249 
0022000101 (0041000100) : 62387.74161785212 
0035000102 (0022000101) : 62820.247647490905 
0026000103 (0035000102) : 63309.31132885621 
0023000104 (0026000103) : 64190.87360165304 
0085000105 (0023000104) : 64401.213649755075 
0081000106 (0085000105) : 64428.40912386317 
0050000107 (0081000106) : 65229.010016691 
0037000108 (0050000107) : 65299.130206100184 
0059000109 (0037000108) : 67367.41660175576 
0031000110 (0059000109) : 68927.92044877802 
0049000111 (0031000110) : 69454.73758626933 
0045000112 (0049000111) : 69458.66758028195 
0018000113 (0045000112) : 69646.72372803553 
0023000114 (0018000113) : 70277.90036109247 
0096000115 (0023000114) : 70320.48870903692 
0011000116 (0096000115) : 70597.99833346103 
0098000117 (0011000116) : 71496.85943484685 
0077000118 (0098000117) : 72499.31589479766 
0040000119 (0077000118) : 72499.62075449163 
0084000120 (0040000119) : 73617.03910724833 
0090000121 (0084000120) : 73830.84712326694 
0001000122 (0090000121) : 74472.4221842251 
0087000123 (0001000122) : 77279.93702788217 
0006000124 (0087000123) : 77676.37624289744 
0023000125 (0006000124) : 78257.093865673 
0056000126 (0023000125) : 78493.42531220292 
0038000127 (0056000126) : 79015.98749903543 
0070000128 (0038000127) : 79098.43743877871 
0014000129 (0070000128) : 79557.2621696197 
0069000130 (0014000129) : 79939.76059969874 
0088000131 (0069000130) : 80546.28500820672 
0072000132 (0088000131) : 80654.68861391518 
0074000133 (0072000132) : 80803.78993176275 
0024000134 (0074000133) : 81736.11300847669 
0073000135 (0024000134) : 81927.09299439704 
0070000136 (0073000135) : 82676.64859237848 
0098000137 (0070000136) : 82732.25336652742 
0013000138 (0098000137) : 82921.04857014693 
0023000139 (0013000138) : 83323.53037944932 
0096000140 (0023000139) : 83799.00874485011 
0033000141 (0096000140) : 84445.80017447905 
0030000142 (0033000141) : 84864.654189414 
0009000143 (0030000142) : 85436.05388710575 
0042000144 (0009000143) : 85533.04855225992 
0018000145 (0042000144) : 85910.64562916257 
0063000146 (0018000145) : 86118.08053247203 
0014000147 (0063000146) : 86466.54224779995 
0026000148 (0014000147) : 89028.8334431857 
0002000149 (0026000148) : 89515.3611317793 
0016000150 (0002000149) : 89836.85103572205 
0044000151 (0016000150) : 89867.94552818433 
0099000152 (0044000151) : 90619.82508467587 
0001000153 (0099000152) : 90919.96059280969 
0058000154 (0001000153) : 90983.23815633936 
0096000155 (0058000154) : 91391.55875475857 
0023000156 (0096000155) : 93325.68411356334 
0053000157 (0023000156) : 93431.54560670927 
0085000158 (0053000157) : 93652.24578552591 
0043000159 (0085000158) : 94008.97261923333 
0067000160 (0043000159) : 94220.4765519338 
0085000161 (0067000160) : 95333.53520945723 
0029000162 (0085000161) : 95866.09956853502 
0067000163 (0029000162) : 96849.64426679544 
0032000164 (0067000163) : 97030.14966276551 
0001000165 (0032000164) : 98896.47421342215 
0002000166 (0001000165) : 99635.98247470408 
0023000167 (0002000166) : 99826.54207289002 
