0000000000 (genesis block) : 0 
0023000001 (0000000000) : 383.1953357802176 
0072000002 (0023000001) : 693.2299916837906 
0025000003 (0072000002) : 1164.1637037583862 
0076000004 (0025000003) : 1307.3021679282213 
0003000005 (0076000004) : 1808.6479750337535 
0035000006 (0003000005) : 2647.5236301698583 
0010000007 (0035000006) : 3066.630441819245 
0026000008 (0010000007) : 3082.119105242107 
0048000009 (0026000008) : 3307.7832115514416 
0022000010 (0048000009) : 3549.724857030595 
0031000011 (0022000010) : 4288.151663795495 
0045000012 (0031000011) : 5127.186526846394 
0086000013 (0045000012) : 6639.092578247866 
0050000014 (0086000013) : 7432.249316238246 
0078000015 (0050000014) : 7682.440801949201 
0049000016 (0078000015) : 7714.016848079734 
0087000017 (0049000016) : 8129.379128122113 
0000000018 (0087000017) : 8462.510216731127 
0009000019 (0000000018) : 8836.709394901367 
0016000020 (0009000019) : 9080.626463045153 
0063000021 (0016000020) : 10088.859152724444 
0023000022 (0063000021) : 10419.493886713923 
0092000023 (0023000022) : 10470.414615842208 
0061000024 (0092000023) : 10550.842423592994 
0017000025 (0061000024) : 10806.133578256553 
0088000026 (0017000025) : 11452.274069171925 
0023000027 (0088000026) : 11960.479756904659 
0001000028 (0023000027) : 12269.47622165284 
0030000029 (0001000028) : 14500.819526209747 
0040000030 (0030000029) : 15673.72730400069 
0071000031 (0040000030) : 16869.56362395664 
0023000032 (0071000031) : 17122.05386382506 
0024000033 (0023000032) : 17595.97485626246 
0095000034 (0024000033) : 18244.5656343241 
0088000035 (0095000034) : 19221.516662714643 
0018000036 (0088000035) : 20303.994814215643 
0038000037 (0018000036) : 20351.52885728058 
0080000038 (0038000037) : 20752.975865253025 
0074000039 (0080000038) : 21056.121816303046 
0090000040 (0074000039) : 21209.911233522766 
0080000041 (0090000040) : 22284.437721313152 
0099000042 (0080000041) : 22644.393333838616 
0060000043 (0099000042) : 26117.78186231915 
0012000044 (0060000043) : 26871.371640497797 
0023000045 (0012000044) : 27437.346358969415 
0089000046 (0023000045) : 27598.12580875359 
0004000047 (0089000046) : 28641.27878794087 
0093000048 (0004000047) : 29340.254335403428 
0023000049 (0093000048) : 29730.186754097154 
0076000050 (0023000049) : 30331.777233660745 
0032000051 (0076000050) : 31103.97406764987 
0023000052 (0032000051) : 32641.7646151135 
0074000053 (0023000052) : 32659.555701240766 
0042000054 (0074000053) : 34281.1250806242 
0097000055 (0042000054) : 34655.89884889702 
0038000056 (0097000055) : 34788.063778603006 
0035000057 (0038000056) : 34853.72981588176 
0071000058 (0035000057) : 35066.802537441654 
0068000059 (0071000058) : 35917.00192668993 
0018000060 (0068000059) : 36140.27569283086 
0040000061 (0018000060) : 36401.899576217205 
0075000062 (0040000061) : 38032.49539628015 
0017000063 (0075000062) : 38107.17128849931 
0032000064 (0017000063) : 38167.47322149169 
0080000065 (0032000064) : 39058.65283328345 
0012000066 (0080000065) : 40060.50025287645 
0073000067 (0012000066) : 42129.587960557576 
0058000068 (0073000067) : 42664.46576739844 
0047000069 (0058000068) : 43189.36977002278 
0081000070 (0047000069) : 44595.954962162716 
0011000071 (0081000070) : 45334.93711493761 
0049000072 (0011000071) : 45453.72498163882 
0023000073 (0049000072) : 46755.78775923581 
0049000074 (0023000073) : 47969.567003764205 
0093000075 (0049000074) : 48708.823085916076 
0028000076 (0093000075) : 49126.55908449522 
0023000077 (0028000076) : 49668.51693484959 
0076000078 (0023000077) : 50014.74462698985 
0014000079 (0076000078) : 50020.95496456099 
0060000080 (0014000079) : 50264.09624745271 
0010000081 (0060000080) : 50360.62780827454 
0045000082 (0010000081) : 50501.63719988998 
0055000083 (0045000082) : 53776.68788805801 
0053000084 (0055000083) : 53903.666963527015 
0079000085 (0053000084) : 54035.746551095624 
0023000086 (0079000085) : 54135.384129077254 
0081000087 (0023000086) : 56579.21795263736 
0022000088 (0081000087) : 56763.06229026626 
0030000089 (0022000088) : 57297.72703209315 
0023000090 (0030000089) : 58171.52419533159 
0037000091 (0023000090) : 58181.89323782988 
0039000092 (0037000091) : 58506.62432551586 
0043000093 (0039000092) : 58968.85648149637 
0045000094 (0043000093) : 59060.85195865821 
0089000095 (0045000094) : 59685.05339912818 
0039000096 (0089000095) : 60226.391819384684 
0083000097 (0039000096) : 61737.68669869537 
0093000098 (0083000097) : 62032.365687691214 
0091000099 (0093000098) : 62153.412911930776 
0041000100 (0091000099) : 62375.378043225115 
0022000101 (0041000100) : 62387.374418518884 
0035000102 (0022000101) : 62819.97480124441 
0026000103 (0035000102) : 63309.31381349261 
0023000104 (0026000103) : 64190.922582609164 
0085000105 (0023000104) : 64401.034682820835 
0081000106 (0085000105) : 64428.41133377398 
0050000107 (0081000106) : 65229.024118561414 
0037000108 (0050000107) : 65298.98042078325 
0059000109 (0037000108) : 67367.32222956164 
0031000110 (0059000109) : 68927.78318903633 
0049000111 (0031000110) : 69454.62196469969 
0045000112 (0049000111) : 69458.61856196375 
0018000113 (0045000112) : 69646.41619970746 
0023000114 (0018000113) : 70277.94805087977 
0096000115 (0023000114) : 70320.43401861447 
0011000116 (0096000115) : 70597.88446846006 
0098000117 (0011000116) : 71496.7479827731 
0077000118 (0098000117) : 72499.13779509121 
0040000119 (0077000118) : 72499.69696819049 
0084000120 (0040000119) : 73616.71395072957 
0090000121 (0084000120) : 73830.66012058554 
0001000122 (0090000121) : 74472.20779036677 
0087000123 (0001000122) : 77279.99310550258 
0006000124 (0087000123) : 77676.01175286128 
0023000125 (0006000124) : 78257.14102155773 
0056000126 (0023000125) : 78493.4367648557 
0038000127 (0056000126) : 79015.75589584881 
0070000128 (0038000127) : 79098.28714554472 
0014000129 (0070000128) : 79557.0441267384 
0069000130 (0014000129) : 79939.70655495801 
0088000131 (0069000130) : 80546.01524823278 
0072000132 (0088000131) : 80654.51307805932 
0074000133 (0072000132) : 80803.82639759932 
0024000134 (0074000133) : 81735.81498622513 
0073000135 (0024000134) : 81927.12932405142 
0070000136 (0073000135) : 82676.49980716044 
0098000137 (0070000136) : 82732.14104075811 
0013000138 (0098000137) : 82921.24854016435 
0023000139 (0013000138) : 83323.57630873294 
0096000140 (0023000139) : 83798.95444700525 
0033000141 (0096000140) : 84445.43016432342 
0030000142 (0033000141) : 84864.28939998076 
0009000143 (0030000142) : 85436.13759624943 
0042000144 (0009000143) : 85533.17067780663 
0018000145 (0042000144) : 85910.34192443453 
0063000146 (0018000145) : 86117.97059136916 
0014000147 (0063000146) : 86466.32614361597 
0026000148 (0014000147) : 89028.83867661803 
0002000149 (0026000148) : 89514.99786943126 
0016000150 (0002000149) : 89836.5790864684 
0044000151 (0016000150) : 89867.67339083893 
0099000152 (0044000151) : 90619.46114018484 
0001000153 (0099000152) : 90919.74309793663 
0058000154 (0001000153) : 90983.29350421997 
0096000155 (0058000154) : 91391.49695969855 
0023000156 (0096000155) : 93325.73230250482 
0053000157 (0023000156) : 93431.58751722208 
0085000158 (0053000157) : 93652.0657938675 
0043000159 (0085000158) : 94009.02447804084 
0067000160 (0043000159) : 94220.51157168261 
0085000161 (0067000160) : 95333.35524564612 
0029000162 (0085000161) : 95866.10316473854 
0067000163 (0029000162) : 96849.67794414697 
0032000164 (0067000163) : 97029.95654546333 
0001000165 (0032000164) : 98896.2633834539 
0002000166 (0001000165) : 99635.61786105309 
0023000167 (0002000166) : 99826.58947840579 
