0000000000 (genesis block) : 0 
0023000001 (0000000000) : 383.44963194510984 
0072000002 (0023000001) : 693.5650179050816 
0025000003 (0072000002) : 1163.5979878791893 
0076000004 (0025000003) : 1307.512714370005 
0003000005 (0076000004) : 1808.783023141964 
0035000006 (0003000005) : 2647.7732177949674 
0010000007 (0035000006) : 3066.967260933436 
0026000008 (0010000007) : 3082.3157609017553 
0048000009 (0026000008) : 3308.313304140525 
0022000010 (0048000009) : 3550.055554856233 
0031000011 (0022000010) : 4287.978111374912 
0045000012 (0031000011) : 5127.201636394909 
0086000013 (0045000012) : 6639.408972193195 
0050000014 (0086000013) : 7432.295103993032 
0078000015 (0050000014) : 7682.778358009078 
0049000016 (0078000015) : 7714.187575845853 
0087000017 (0049000016) : 8129.836663336013 
0000000018 (0087000017) : 8462.416044137875 
0009000019 (0000000018) : 8836.980237845184 
0016000020 (0009000019) : 9080.68024352879 
0063000021 (0016000020) : 10088.896948989915 
0023000022 (0063000021) : 10419.750724969203 
0092000023 (0023000022) : 10470.751437241319 
0061000024 (0092000023) : 10550.989749502398 
0017000025 (0061000024) : 10806.465797619108 
0088000026 (0017000025) : 11452.58059868949 
0023000027 (0088000026) : 11960.73145582509 
0001000028 (0023000027) : 12269.961553991292 
0030000029 (0001000028) : 14501.332140487792 
0040000030 (0030000029) : 15674.030412493028 
0071000031 (0040000030) : 16869.317417080983 
0023000032 (0071000031) : 17122.311665993904 
0024000033 (0023000032) : 17596.32635597192 
0095000034 (0024000033) : 18244.884127205372 
0088000035 (0095000034) : 19221.81478882531 
0018000036 (0088000035) : 20304.331480623023 
0038000037 (0018000036) : 20352.056542119808 
0080000038 (0038000037) : 20753.537364296753 
0074000039 (0080000038) : 21056.084929254677 
0090000040 (0074000039) : 21209.91898314784 
0080000041 (0090000040) : 22285.001767922036 
0099000042 (0080000041) : 22644.92338491721 
0060000043 (0099000042) : 26118.096879607714 
0012000044 (0060000043) : 26871.90234295969 
0023000045 (0012000044) : 27437.596478051546 
0089000046 (0023000045) : 27598.19487242356 
0004000047 (0089000046) : 28641.761705704434 
0093000048 (0004000047) : 29340.456856700253 
0023000049 (0093000048) : 29730.439190781526 
0076000050 (0023000049) : 30331.987584978895 
0032000051 (0076000050) : 31104.506321762507 
0023000052 (0032000051) : 32642.011823625617 
0074000053 (0023000052) : 32659.5123090131 
0042000054 (0074000053) : 34281.41671703947 
0097000055 (0042000054) : 34656.35723435871 
0038000056 (0097000055) : 34788.587651840055 
0035000057 (0038000056) : 34853.97648913819 
0071000058 (0035000057) : 35066.55715043209 
0068000059 (0071000058) : 35917.22850755353 
0018000060 (0068000059) : 36140.61298798864 
0040000061 (0018000060) : 36402.19567523111 
0075000062 (0040000061) : 38032.835659543955 
0017000063 (0075000062) : 38107.50277686995 
0032000064 (0017000063) : 38168.00447327633 
0080000065 (0032000064) : 39059.21894454558 
0012000066 (0080000065) : 40061.03056116412 
0073000067 (0012000066) : 42129.43994260666 
0058000068 (0073000067) : 42664.86815911528 
0047000069 (0058000068) : 43189.68022619684 
0081000070 (0047000069) : 44595.91008703205 
0011000071 (0081000070) : 45334.820504230716 
0049000072 (0011000071) : 45453.89497457091 
0023000073 (0049000072) : 46756.04376388247 
0049000074 (0023000073) : 47969.736329836625 
0093000075 (0049000074) : 48709.01944211125 
0028000076 (0093000075) : 49126.92400635873 
0023000077 (0028000076) : 49668.76339878152 
0076000078 (0023000077) : 50014.95321392155 
0014000079 (0076000078) : 50021.256052936755 
0060000080 (0014000079) : 50264.413865104245 
0010000081 (0060000080) : 50360.96772048627 
0045000082 (0010000081) : 50501.64960423953 
0055000083 (0045000082) : 53776.94331725572 
0053000084 (0055000083) : 53903.68220468441 
0079000085 (0053000084) : 54036.072274194325 
0023000086 (0079000085) : 54135.63442815729 
0081000087 (0023000086) : 56579.17042583457 
0022000088 (0081000087) : 56763.40079075757 
0030000089 (0022000088) : 57298.235067166985 
0023000090 (0030000089) : 58171.78048885317 
0037000091 (0023000090) : 58182.24368264578 
0039000092 (0037000091) : 58506.96113833603 
0043000093 (0039000092) : 58969.32400697763 
0045000094 (0043000093) : 59060.87120988187 
0089000095 (0045000094) : 59685.123771457154 
0039000096 (0089000095) : 60226.72841771933 
0083000097 (0039000096) : 61738.214102260215 
0093000098 (0083000097) : 62032.56690083106 
0091000099 (0093000098) : 62153.66266626509 
0041000100 (0091000099) : 62375.86031812456 
0022000101 (0041000100) : 62387.71005094589 
0035000102 (0022000101) : 62820.22430142511 
0026000103 (0035000102) : 63309.506489559106 
0023000104 (0026000103) : 64191.17400779727 
0085000105 (0023000104) : 64401.36971631245 
0081000106 (0085000105) : 64428.36514854736 
0050000107 (0081000106) : 65229.06192312516 
0037000108 (0050000107) : 65299.32695346789 
0059000109 (0037000108) : 67367.46975160518 
0031000110 (0059000109) : 68927.60708851716 
0049000111 (0031000110) : 69454.78720126637 
0045000112 (0049000111) : 69458.63474135014 
0018000113 (0045000112) : 69646.75391107152 
0023000114 (0018000113) : 70278.19992767318 
0096000115 (0023000114) : 70320.67314082352 
0011000116 (0096000115) : 70597.76468787328 
0098000117 (0011000116) : 71496.60537563747 
0077000118 (0098000117) : 72499.21013473807 
0040000119 (0077000118) : 72499.9969892774 
0084000120 (0040000119) : 73617.17295338718 
0090000121 (0084000120) : 73830.66606428122 
0001000122 (0090000121) : 74472.68823125162 
0087000123 (0001000122) : 77280.45020802243 
0006000124 (0087000123) : 77676.57533297857 
0023000125 (0006000124) : 78257.3896063291 
0056000126 (0023000125) : 78493.73195768388 
0038000127 (0056000126) : 79016.2793284688 
0070000128 (0038000127) : 79098.63720561856 
0014000129 (0070000128) : 79557.34391936705 
0069000130 (0014000129) : 79940.04271729216 
0088000131 (0069000130) : 80546.31462660176 
0072000132 (0088000131) : 80654.8481727061 
0074000133 (0072000132) : 80803.7856442152 
0024000134 (0074000133) : 81736.17025658718 
0073000135 (0024000134) : 81926.97320474421 
0070000136 (0073000135) : 82676.84735337572 
0098000137 (0070000136) : 82731.9958172874 
0013000138 (0098000137) : 82921.50324281755 
0023000139 (0013000138) : 83323.83280462843 
0096000140 (0023000139) : 83799.18642875485 
0033000141 (0096000140) : 84445.91382786594 
0030000142 (0033000141) : 84864.80907539064 
0009000143 (0030000142) : 85436.41183513645 
0042000144 (0009000143) : 85533.46360141214 
0018000145 (0042000144) : 85910.67711087053 
0063000146 (0018000145) : 86118.00776315923 
0014000147 (0063000146) : 86466.63156366424 
0026000148 (0014000147) : 89029.0305730806 
0002000149 (0026000148) : 89515.5635825719 
0016000150 (0002000149) : 89836.63627265899 
0044000151 (0016000150) : 89868.23637090584 
0099000152 (0044000151) : 90619.98982425661 
0001000153 (0099000152) : 90920.22256706565 
0058000154 (0001000153) : 90983.69331684185 
0096000155 (0058000154) : 91391.73560627582 
0023000156 (0096000155) : 93325.99003255444 
0053000157 (0023000156) : 93431.60418139958 
0085000158 (0053000157) : 93652.40201415702 
0043000159 (0085000158) : 94009.48964501002 
0067000160 (0043000159) : 94220.52614306171 
0085000161 (0067000160) : 95333.6910835929 
0029000162 (0085000161) : 95866.43353113807 
0067000163 (0029000162) : 96849.69474350718 
0032000164 (0067000163) : 97030.48902549635 
0001000165 (0032000164) : 98896.74499153192 
0002000166 (0001000165) : 99636.18008661023 
0023000167 (0002000166) : 99826.84124129903 
