0000000000 (genesis block) : 0 
0023000001 (0000000000) : 382.8625747135323 
0072000002 (0023000001) : 693.0236063850238 
0025000003 (0072000002) : 1164.269522531165 
0076000004 (0025000003) : 1307.0637572996422 
0003000005 (0076000004) : 1808.6046105975536 
0035000006 (0003000005) : 2647.605185736987 
0010000007 (0035000006) : 3066.6038513767453 
0026000008 (0010000007) : 3081.861291534792 
0048000009 (0026000008) : 3308.0813291472177 
0022000010 (0048000009) : 3549.8263607280637 
0031000011 (0022000010) : 4288.085453625956 
0045000012 (0031000011) : 5127.033634347552 
0086000013 (0045000012) : 6638.793635474666 
0050000014 (0086000013) : 7431.950985810326 
0078000015 (0050000014) : 7682.237547934218 
0049000016 (0078000015) : 7713.881342863588 
0087000017 (0049000016) : 8129.672783543577 
0000000018 (0087000017) : 8462.255452936237 
0009000019 (0000000018) : 8836.53006501877 
0016000020 (0009000019) : 9080.7072194492 
0063000021 (0016000020) : 10088.712245004295 
0023000022 (0063000021) : 10419.15948266454 
0092000023 (0023000022) : 10470.210122586037 
0061000024 (0092000023) : 10550.737954388103 
0017000025 (0061000024) : 10806.29663157755 
0088000026 (0017000025) : 11452.41356636529 
0023000027 (0088000026) : 11960.145075007638 
0001000028 (0023000027) : 12269.40534328237 
0030000029 (0001000028) : 14500.99870667819 
0040000030 (0030000029) : 15673.39646125411 
0071000031 (0040000030) : 16869.488772164157 
0023000032 (0071000031) : 17121.721394489698 
0024000033 (0023000032) : 17595.921581829927 
0095000034 (0024000033) : 18244.509230751148 
0088000035 (0095000034) : 19221.648056036145 
0018000036 (0088000035) : 20304.040912549397 
0038000037 (0018000036) : 20351.386513090387 
0080000038 (0038000037) : 20753.00297718812 
0074000039 (0080000038) : 21055.892615205023 
0090000040 (0074000039) : 21209.796531035925 
0080000041 (0090000040) : 22284.465516729146 
0099000042 (0080000041) : 22644.69172658904 
0060000043 (0099000042) : 26117.747340603495 
0012000044 (0060000043) : 26871.67974108717 
0023000045 (0012000044) : 27437.011447978915 
0089000046 (0023000045) : 27597.889039846807 
0004000047 (0089000046) : 28641.504162257617 
0093000048 (0004000047) : 29339.978229395598 
0023000049 (0093000048) : 29729.85267731742 
0076000050 (0023000049) : 30331.538671323506 
0032000051 (0076000050) : 31104.278489444456 
0023000052 (0032000051) : 32641.42945831766 
0074000053 (0023000052) : 32659.320974363818 
0042000054 (0074000053) : 34281.081435063235 
0097000055 (0042000054) : 34655.92516888545 
0038000056 (0097000055) : 34787.91844445726 
0035000057 (0038000056) : 34853.807191614054 
0071000058 (0035000057) : 35066.72964610462 
0068000059 (0071000058) : 35916.67016501517 
0018000060 (0068000059) : 36140.3215540893 
0040000061 (0018000060) : 36401.56403159202 
0075000062 (0040000061) : 38032.524300921745 
0017000063 (0075000062) : 38107.33504939794 
0032000064 (0017000063) : 38167.77416871392 
0080000065 (0032000064) : 39058.67634181668 
0012000066 (0080000065) : 40060.80248019815 
0073000067 (0012000066) : 42129.35265757502 
0058000068 (0073000067) : 42664.458405985366 
0047000069 (0058000068) : 43189.44236661405 
0081000070 (0047000069) : 44595.62302252241 
0011000071 (0081000070) : 45334.85148135464 
0049000072 (0011000071) : 45453.583956581526 
0023000073 (0049000072) : 46755.45321015169 
0049000074 (0023000073) : 47969.426640013364 
0093000075 (0049000074) : 48708.53636856449 
0028000076 (0093000075) : 49126.44092794951 
0023000077 (0028000076) : 49668.18285370181 
0076000078 (0023000077) : 50014.50649044392 
0014000079 (0076000078) : 50021.08058480977 
0060000080 (0014000079) : 50264.06023306435 
0010000081 (0060000080) : 50360.60608959223 
0045000082 (0010000081) : 50501.48416417186 
0055000083 (0045000082) : 53776.510832298394 
0053000084 (0055000083) : 53903.432355840785 
0079000085 (0053000084) : 54035.74174100295 
0023000086 (0079000085) : 54135.05094692143 
0081000087 (0023000086) : 56578.884447490615 
0022000088 (0081000087) : 56763.167778535215 
0030000089 (0022000088) : 57297.899259820595 
0023000090 (0030000089) : 58171.19082451196 
0037000091 (0023000090) : 58181.78776072638 
0039000092 (0037000091) : 58506.423187894296 
0043000093 (0039000092) : 58968.84946852854 
0045000094 (0043000093) : 59060.701754291054 
0089000095 (0045000094) : 59684.82188467277 
0039000096 (0089000095) : 60226.18873049041 
0083000097 (0039000096) : 61737.540745995946 
0093000098 (0083000097) : 62032.08248561031 
0091000099 (0093000098) : 62153.21348799744 
0041000100 (0091000099) : 62375.551057541714 
0022000101 (0041000100) : 62387.480138811254 
0035000102 (0022000101) : 62820.056753036355 
0026000103 (0035000102) : 63309.05119763385 
0023000104 (0026000103) : 64190.58655532981 
0085000105 (0023000104) : 64400.82852060964 
0081000106 (0085000105) : 64428.07906557796 
0050000107 (0081000106) : 65228.72742570543 
0037000108 (0050000107) : 65298.87168933724 
0059000109 (0037000108) : 67367.2209015529 
0031000110 (0059000109) : 68927.71914482063 
0049000111 (0031000110) : 69454.48133236059 
0045000112 (0049000111) : 69458.46585748123 
0018000113 (0045000112) : 69646.46534345987 
0023000114 (0018000113) : 70277.614009903 
0096000115 (0023000114) : 70320.39463931927 
0011000116 (0096000115) : 70597.79520415193 
0098000117 (0011000116) : 71496.65843832964 
0077000118 (0098000117) : 72499.11837737981 
0040000119 (0077000118) : 72499.36377375084 
0084000120 (0040000119) : 73616.656197159 
0090000121 (0084000120) : 73830.5422565904 
0001000122 (0090000121) : 74472.13828572501 
0087000123 (0001000122) : 77280.28284371803 
0006000124 (0087000123) : 77676.01013333559 
0023000125 (0006000124) : 78256.80696789172 
0056000126 (0023000125) : 78493.24368707585 
0038000127 (0056000126) : 79015.60839368038 
0070000128 (0038000127) : 79098.17640775672 
0014000129 (0070000128) : 79557.16979629002 
0069000130 (0014000129) : 79939.37453289927 
0088000131 (0069000130) : 80546.14819590385 
0072000132 (0088000131) : 80654.30731732646 
0074000133 (0072000132) : 80803.59032625222 
0024000134 (0074000133) : 81735.76044395853 
0073000135 (0024000134) : 81926.89224756179 
0070000136 (0073000135) : 82676.38976417179 
0098000137 (0070000136) : 82732.05149859577 
0013000138 (0098000137) : 82920.96103627997 
0023000139 (0013000138) : 83323.24456310757 
0096000140 (0023000139) : 83798.90524774427 
0033000141 (0096000140) : 84445.68360413858 
0030000142 (0033000141) : 84864.4681433145 
0009000143 (0030000142) : 85435.96110524263 
0042000144 (0009000143) : 85533.12954490421 
0018000145 (0042000144) : 85910.38826132014 
0063000146 (0018000145) : 86117.82125034108 
0014000147 (0063000146) : 86466.45183700691 
0026000148 (0014000147) : 89028.57485813128 
0002000149 (0026000148) : 89515.33283458931 
0016000150 (0002000149) : 89836.65968045575 
0044000151 (0016000150) : 89868.0054177158 
0099000152 (0044000151) : 90619.76322848492 
0001000153 (0099000152) : 90919.6720425927 
0058000154 (0001000153) : 90983.2909701859 
0096000155 (0058000154) : 91391.45537428504 
0023000156 (0096000155) : 93325.3970818217 
0053000157 (0023000156) : 93431.34885782747 
0085000158 (0053000157) : 93651.86143601613 
0043000159 (0085000158) : 94009.01901506996 
0067000160 (0043000159) : 94220.28182880415 
0085000161 (0067000160) : 95333.15069378818 
0029000162 (0085000161) : 95865.89872394151 
0067000163 (0029000162) : 96849.44463459568 
0032000164 (0067000163) : 97030.25871351337 
0001000165 (0032000164) : 98896.188259251 
0002000166 (0001000165) : 99635.94904335307 
0023000167 (0002000166) : 99826.25548233814 
