0000000000 (genesis block) : 0 
0023000001 (0000000000) : 382.94840393614226 
0072000002 (0023000001) : 693.0681495243429 
0025000003 (0072000002) : 1164.236733039713 
0076000004 (0025000003) : 1306.8787826884704 
0003000005 (0076000004) : 1808.5041857235392 
0035000006 (0003000005) : 2647.6220033481213 
0010000007 (0035000006) : 3066.5932264658436 
0026000008 (0010000007) : 3081.6752449909122 
0048000009 (0026000008) : 3308.1032192292414 
0022000010 (0048000009) : 3549.9314772237253 
0031000011 (0022000010) : 4288.104151733166 
0045000012 (0031000011) : 5127.051024920662 
0086000013 (0045000012) : 6638.977641368175 
0050000014 (0086000013) : 7432.039124568778 
0078000015 (0050000014) : 7682.367050045985 
0049000016 (0078000015) : 7713.6974202832735 
0087000017 (0049000016) : 8129.685111572262 
0000000018 (0087000017) : 8462.06907465027 
0009000019 (0000000018) : 8836.557119286206 
0016000020 (0009000019) : 9080.72247510735 
0063000021 (0016000020) : 10088.52744253388 
0023000022 (0063000021) : 10419.247907154475 
0092000023 (0023000022) : 10470.340316095973 
0061000024 (0092000023) : 10550.65300945116 
0017000025 (0061000024) : 10806.19042500744 
0088000026 (0017000025) : 11452.25934609649 
0023000027 (0088000026) : 11960.231989793547 
0001000028 (0023000027) : 12269.491744633655 
0030000029 (0001000028) : 14500.981904296066 
0040000030 (0030000029) : 15673.460064653884 
0071000031 (0040000030) : 16869.551694679692 
0023000032 (0071000031) : 17121.808702866485 
0024000033 (0023000032) : 17595.831579369722 
0095000034 (0024000033) : 18244.38819812149 
0088000035 (0095000034) : 19221.498048425245 
0018000036 (0088000035) : 20303.855863379147 
0038000037 (0018000036) : 20351.569057633667 
0080000038 (0038000037) : 20753.132781797874 
0074000039 (0080000038) : 21055.979184895226 
0090000040 (0074000039) : 21209.927568603565 
0080000041 (0090000040) : 22284.59385138004 
0099000042 (0080000041) : 22644.79865897623 
0060000043 (0099000042) : 26117.67626575001 
0012000044 (0060000043) : 26871.778983860953 
0023000045 (0012000044) : 27437.098454574985 
0089000046 (0023000045) : 27597.7036961026 
0004000047 (0089000046) : 28641.595866627224 
0093000048 (0004000047) : 29339.815123694192 
0023000049 (0093000048) : 29729.941262037548 
0076000050 (0023000049) : 30331.35667520888 
0032000051 (0076000050) : 31104.381575364343 
0023000052 (0032000051) : 32641.512848984963 
0074000053 (0023000052) : 32659.41076616764 
0042000054 (0074000053) : 34281.091298705986 
0097000055 (0042000054) : 34655.940845721176 
0038000056 (0097000055) : 34788.10557665446 
0035000057 (0038000056) : 34853.82495506872 
0071000058 (0035000057) : 35066.78841270016 
0068000059 (0071000058) : 35916.756921345506 
0018000060 (0068000059) : 36140.13688144133 
0040000061 (0018000060) : 36401.62536899561 
0075000062 (0040000061) : 38032.65239985097 
0017000063 (0075000062) : 38107.231770157385 
0032000064 (0017000063) : 38167.88103455948 
0080000065 (0032000064) : 39058.80417959876 
0012000066 (0080000065) : 40060.906982752975 
0073000067 (0012000066) : 42129.440479303914 
0058000068 (0073000067) : 42664.40345818414 
0047000069 (0058000068) : 43189.25975599951 
0081000070 (0047000069) : 44595.80529150187 
0011000071 (0081000070) : 45334.868356958155 
0049000072 (0011000071) : 45453.399930150845 
0023000073 (0049000072) : 46755.542566015305 
0049000074 (0023000073) : 47969.242346210274 
0093000075 (0049000074) : 48708.37945726449 
0028000076 (0093000075) : 49126.28524444581 
0023000077 (0028000076) : 49668.2662588713 
0076000078 (0023000077) : 50014.321138170526 
0014000079 (0076000078) : 50020.93962060308 
0060000080 (0014000079) : 50263.992120440846 
0010000081 (0060000080) : 50360.59299889808 
0045000082 (0010000081) : 50501.49890410834 
0055000083 (0045000082) : 53776.53950261388 
0053000084 (0055000083) : 53903.45083595032 
0079000085 (0053000084) : 54035.82752534006 
0023000086 (0079000085) : 54135.137474151066 
0081000087 (0023000086) : 56579.0672775262 
0022000088 (0081000087) : 56763.275216122995 
0030000089 (0022000088) : 57297.88567202155 
0023000090 (0030000089) : 58171.278226286806 
0037000091 (0023000090) : 58181.62941172959 
0039000092 (0037000091) : 58506.60569717517 
0043000093 (0039000092) : 58968.93897085414 
0045000094 (0043000093) : 59060.71882357038 
0089000095 (0045000094) : 59684.63355700534 
0039000096 (0089000095) : 60226.37297403423 
0083000097 (0039000096) : 61737.72543178385 
0093000098 (0083000097) : 62031.92670042181 
0091000099 (0093000098) : 62153.276078334566 
0041000100 (0091000099) : 62375.364480459466 
0022000101 (0041000100) : 62387.58501819909 
0035000102 (0022000101) : 62820.07135294011 
0026000103 (0035000102) : 63308.86712203904 
0023000104 (0026000103) : 64190.675086607356 
0085000105 (0023000104) : 64400.96115011319 
0081000106 (0085000105) : 64428.2685465546 
0050000107 (0081000106) : 65228.81679534754 
0037000108 (0050000107) : 65298.715255618234 
0059000109 (0037000108) : 67367.13832547376 
0031000110 (0059000109) : 68927.74342381136 
0049000111 (0031000110) : 69454.29542119778 
0045000112 (0049000111) : 69458.48859003453 
0018000113 (0045000112) : 69646.27983178734 
0023000114 (0018000113) : 70277.70503075044 
0096000115 (0023000114) : 70320.31369410406 
0011000116 (0096000115) : 70597.81226174584 
0098000117 (0011000116) : 71496.67560513115 
0077000118 (0098000117) : 72499.07898908238 
0040000119 (0077000118) : 72499.425375039 
0084000120 (0040000119) : 73616.69950034832 
0090000121 (0084000120) : 73830.67248629151 
0001000122 (0090000121) : 74472.22623280922 
0087000123 (0001000122) : 77280.29964021937 
0006000124 (0087000123) : 77676.19552670451 
0023000125 (0006000124) : 78256.89359512964 
0056000126 (0023000125) : 78493.33181029593 
0038000127 (0056000126) : 79015.79031667474 
0070000128 (0038000127) : 79098.02045699942 
0014000129 (0070000128) : 79557.02851812635 
0069000130 (0014000129) : 79939.56298082386 
0088000131 (0069000130) : 80546.0014311838 
0072000132 (0088000131) : 80654.35369663152 
0074000133 (0072000132) : 80803.67862091845 
0024000134 (0074000133) : 81735.67218472774 
0073000135 (0024000134) : 81926.98051755145 
0070000136 (0073000135) : 82676.23179836664 
0098000137 (0070000136) : 82732.06699765203 
0013000138 (0098000137) : 82921.0211154996 
0023000139 (0013000138) : 83323.33161977801 
0096000140 (0023000139) : 83798.83214140494 
0033000141 (0096000140) : 84445.61250664182 
0030000142 (0033000141) : 84864.44919313681 
0009000143 (0030000142) : 85435.98924800145 
0042000144 (0009000143) : 85533.13470299142 
0018000145 (0042000144) : 85910.20208628831 
0063000146 (0018000145) : 86117.63774361432 
0014000147 (0063000146) : 86466.3138302054 
0026000148 (0014000147) : 89028.39163057413 
0002000149 (0026000148) : 89515.44306921675 
0016000150 (0002000149) : 89836.67486103297 
0044000151 (0016000150) : 89868.11225510814 
0099000152 (0044000151) : 90619.86603928012 
0001000153 (0099000152) : 90919.7614426743 
0058000154 (0001000153) : 90983.22826718699 
0096000155 (0058000154) : 91391.3778793279 
0023000156 (0096000155) : 93325.48612280539 
0053000157 (0023000156) : 93431.37016545079 
0085000158 (0053000157) : 93651.99218030788 
0043000159 (0085000158) : 94009.10657028617 
0067000160 (0043000159) : 94220.37091073439 
0085000161 (0067000160) : 95333.28140887708 
0029000162 (0085000161) : 95865.94117969787 
0067000163 (0029000162) : 96849.53361381314 
0032000164 (0067000163) : 97030.36380959484 
0001000165 (0032000164) : 98896.27557669969 
0002000166 (0001000165) : 99636.05856422869 
0023000167 (0002000166) : 99826.34628381804 
