0000000000 (genesis block) : 0 
0023000001 (0000000000) : 382.93917164664214 
0072000002 (0023000001) : 693.4325030293089 
0025000003 (0072000002) : 1164.4540727740875 
0076000004 (0025000003) : 1307.3928524240932 
0003000005 (0076000004) : 1808.6143302293933 
0035000006 (0003000005) : 2647.7314216891023 
0010000007 (0035000006) : 3066.174586880037 
0026000008 (0010000007) : 3082.205164723876 
0048000009 (0026000008) : 3308.313419387381 
0022000010 (0048000009) : 3550.2060797246563 
0031000011 (0022000010) : 4288.129713772677 
0045000012 (0031000011) : 5127.162628878644 
0086000013 (0045000012) : 6639.127055462448 
0050000014 (0086000013) : 7432.1679562343 
0078000015 (0050000014) : 7682.530841530249 
0049000016 (0078000015) : 7713.991401164931 
0087000017 (0049000016) : 8129.76153336951 
0000000018 (0087000017) : 8462.516825598374 
0009000019 (0000000018) : 8836.780988912218 
0016000020 (0009000019) : 9080.538561591678 
0063000021 (0016000020) : 10088.983294238169 
0023000022 (0063000021) : 10419.236828661717 
0092000023 (0023000022) : 10470.50333178643 
0061000024 (0092000023) : 10550.86408939488 
0017000025 (0061000024) : 10806.427182666734 
0088000026 (0017000025) : 11452.538212675328 
0023000027 (0088000026) : 11960.226430383726 
0001000028 (0023000027) : 12269.828859207966 
0030000029 (0001000028) : 14501.296380521142 
0040000030 (0030000029) : 15673.821548944903 
0071000031 (0040000030) : 16869.475071428624 
0023000032 (0071000031) : 17121.80072462319 
0024000033 (0023000032) : 17595.911605301117 
0095000034 (0024000033) : 18244.468404422987 
0088000035 (0095000034) : 19221.776808829283 
0018000036 (0088000035) : 20304.3653322244 
0038000037 (0018000036) : 20351.90658977201 
0080000038 (0038000037) : 20753.230892986267 
0074000039 (0080000038) : 21056.01401308915 
0090000040 (0074000039) : 21209.88827840917 
0080000041 (0090000040) : 22284.690618507626 
0099000042 (0080000041) : 22644.92323731154 
0060000043 (0099000042) : 26117.76056435965 
0012000044 (0060000043) : 26871.90316561361 
0023000045 (0012000044) : 27437.087574367124 
0089000046 (0023000045) : 27598.15581135034 
0004000047 (0089000046) : 28641.72020709218 
0093000048 (0004000047) : 29340.321117388754 
0023000049 (0093000048) : 29729.9285532953 
0076000050 (0023000049) : 30331.86986196971 
0032000051 (0076000050) : 31104.50618452355 
0023000052 (0032000051) : 32641.50524641906 
0074000053 (0023000052) : 32659.450496019264 
0042000054 (0074000053) : 34280.561505229896 
0097000055 (0042000054) : 34656.02101174519 
0038000056 (0097000055) : 34788.43983923398 
0035000057 (0038000056) : 34853.93469433289 
0071000058 (0035000057) : 35066.714308402086 
0068000059 (0071000058) : 35917.09530246997 
0018000060 (0068000059) : 36140.64934100458 
0040000061 (0018000060) : 36401.98794959287 
0075000062 (0040000061) : 38032.70931258996 
0017000063 (0075000062) : 38107.46240164526 
0032000064 (0017000063) : 38168.00487930423 
0080000065 (0032000064) : 39058.907280374835 
0012000066 (0080000065) : 40061.03071676953 
0073000067 (0012000066) : 42129.48067981256 
0058000068 (0073000067) : 42664.42280568324 
0047000069 (0058000068) : 43189.63511566432 
0081000070 (0047000069) : 44595.88537278753 
0011000071 (0081000070) : 45334.98229990384 
0049000072 (0011000071) : 45453.695283568115 
0023000073 (0049000072) : 46755.53424200301 
0049000074 (0023000073) : 47969.53920183164 
0093000075 (0049000074) : 48708.88225615853 
0028000076 (0093000075) : 49126.78799294523 
0023000077 (0028000076) : 49668.25468452965 
0076000078 (0023000077) : 50014.836114260754 
0014000079 (0076000078) : 50021.216705861756 
0060000080 (0014000079) : 50264.07599021508 
0010000081 (0060000080) : 50360.17515981917 
0045000082 (0010000081) : 50501.60904548666 
0055000083 (0045000082) : 53776.67587897798 
0053000084 (0055000083) : 53903.265770356076 
0079000085 (0053000084) : 54035.947951183014 
0023000086 (0079000085) : 54135.126354387576 
0081000087 (0023000086) : 56579.14232476555 
0022000088 (0081000087) : 56763.55213190355 
0030000089 (0022000088) : 57298.19826505551 
0023000090 (0030000089) : 58171.2698695305 
0037000091 (0023000090) : 58181.99258414646 
0039000092 (0037000091) : 58506.829048103355 
0043000093 (0039000092) : 58969.24629508435 
0045000094 (0043000093) : 59060.82715093933 
0089000095 (0045000094) : 59685.086220344696 
0039000096 (0089000095) : 60226.59815692984 
0083000097 (0039000096) : 61738.06094443289 
0093000098 (0083000097) : 62032.43201281125 
0091000099 (0093000098) : 62153.54303367696 
0041000100 (0091000099) : 62375.748006568385 
0022000101 (0041000100) : 62387.85884460143 
0035000102 (0022000101) : 62820.18104286146 
0026000103 (0035000102) : 63309.40196923187 
0023000104 (0026000103) : 64190.65977155675 
0085000105 (0023000104) : 64400.91853751418 
0081000106 (0085000105) : 64428.33972247987 
0050000107 (0081000106) : 65228.937977408656 
0037000108 (0050000107) : 65299.0818905355 
0059000109 (0037000108) : 67367.34838202476 
0031000110 (0059000109) : 68927.76274421606 
0049000111 (0031000110) : 69454.59491726982 
0045000112 (0049000111) : 69458.59460026304 
0018000113 (0045000112) : 69646.78837041654 
0023000114 (0018000113) : 70277.69305334278 
0096000115 (0023000114) : 70320.30437121399 
0011000116 (0096000115) : 70597.92491087822 
0098000117 (0011000116) : 71496.78916706199 
0077000118 (0098000117) : 72499.15840640792 
0040000119 (0077000118) : 72499.78883848917 
0084000120 (0040000119) : 73616.782912908 
0090000121 (0084000120) : 73830.62907137419 
0001000122 (0090000121) : 74472.56198424971 
0087000123 (0001000122) : 77280.37946275814 
0006000124 (0087000123) : 77676.53065640258 
0023000125 (0006000124) : 78256.8827608047 
0056000126 (0023000125) : 78492.98168887763 
0038000127 (0056000126) : 79016.12815825353 
0070000128 (0038000127) : 79098.34315256253 
0014000129 (0070000128) : 79557.30436741772 
0069000130 (0014000129) : 79939.89684554264 
0088000131 (0069000130) : 80546.27655192988 
0072000132 (0088000131) : 80654.71941583029 
0074000133 (0072000132) : 80803.7190852414 
0024000134 (0074000133) : 81735.74975521969 
0073000135 (0024000134) : 81927.02087839508 
0070000136 (0073000135) : 82676.55393994247 
0098000137 (0070000136) : 82732.18105916989 
0013000138 (0098000137) : 82921.38040290117 
0023000139 (0013000138) : 83323.32342907843 
0096000140 (0023000139) : 83798.82310557767 
0033000141 (0096000140) : 84445.82347644895 
0030000142 (0033000141) : 84864.76869988882 
0009000143 (0030000142) : 85436.21502153156 
0042000144 (0009000143) : 85532.605991406 
0018000145 (0042000144) : 85910.71537416139 
0063000146 (0018000145) : 86118.09022073286 
0014000147 (0063000146) : 86466.589601027 
0026000148 (0014000147) : 89028.92343215973 
0002000149 (0026000148) : 89515.56299059252 
0016000150 (0002000149) : 89836.48909712814 
0044000151 (0016000150) : 89868.23899885443 
0099000152 (0044000151) : 90619.99380583908 
0001000153 (0099000152) : 90920.09920593051 
0058000154 (0001000153) : 90983.2490349796 
0096000155 (0058000154) : 91391.37104601962 
0023000156 (0096000155) : 93325.47585038016 
0053000157 (0023000156) : 93431.18483565678 
0085000158 (0053000157) : 93651.95146544726 
0043000159 (0085000158) : 94009.4108125632 
0067000160 (0043000159) : 94220.4054034366 
0085000161 (0067000160) : 95333.23996359906 
0029000162 (0085000161) : 95866.16618498556 
0067000163 (0029000162) : 96849.57417991731 
0032000164 (0067000163) : 97030.48837726572 
0001000165 (0032000164) : 98896.6144847268 
0002000166 (0001000165) : 99636.1831197689 
0023000167 (0002000166) : 99826.33288417051 
