0000000000 (genesis block) : 0 
0023000001 (0000000000) : 383.08741625776594 
0072000002 (0023000001) : 693.1211425385615 
0025000003 (0072000002) : 1164.3630940140608 
0076000004 (0025000003) : 1307.2338589142241 
0003000005 (0076000004) : 1808.5172885238544 
0035000006 (0003000005) : 2647.8232661861175 
0010000007 (0035000006) : 3066.378745161192 
0026000008 (0010000007) : 3082.0311760638106 
0048000009 (0026000008) : 3308.024422848217 
0022000010 (0048000009) : 3549.920221862565 
0031000011 (0022000010) : 4288.310127304648 
0045000012 (0031000011) : 5127.259987910251 
0086000013 (0045000012) : 6639.018530449583 
0050000014 (0086000013) : 7432.176304372023 
0078000015 (0050000014) : 7682.217798284863 
0049000016 (0078000015) : 7713.8923787322565 
0087000017 (0049000016) : 8129.776692200535 
0000000018 (0087000017) : 8462.204430269188 
0009000019 (0000000018) : 8836.753916110722 
0016000020 (0009000019) : 9080.73837782113 
0063000021 (0016000020) : 10088.882272317642 
0023000022 (0063000021) : 10419.382154500303 
0092000023 (0023000022) : 10470.191179940573 
0061000024 (0092000023) : 10550.846997673061 
0017000025 (0061000024) : 10806.426270934528 
0088000026 (0017000025) : 11452.502166527585 
0023000027 (0088000026) : 11960.367705118764 
0001000028 (0023000027) : 12269.627791303843 
0030000029 (0001000028) : 14501.094785987063 
0040000030 (0030000029) : 15673.620721788362 
0071000031 (0040000030) : 16869.678595705773 
0023000032 (0071000031) : 17121.946899992818 
0024000033 (0023000032) : 17595.849280671864 
0095000034 (0024000033) : 18244.439917394517 
0088000035 (0095000034) : 19221.741698781367 
0018000036 (0088000035) : 20304.19552979706 
0038000037 (0018000036) : 20351.614724795007 
0080000038 (0038000037) : 20752.917507249484 
0074000039 (0080000038) : 21056.11662824603 
0090000040 (0074000039) : 21209.572668434084 
0080000041 (0090000040) : 22284.378924519922 
0099000042 (0080000041) : 22644.789828273035 
0060000043 (0099000042) : 26117.655474457322 
0012000044 (0060000043) : 26871.77261645249 
0023000045 (0012000044) : 27437.235142452457 
0089000046 (0023000045) : 27598.060901589815 
0004000047 (0089000046) : 28641.627188362738 
0093000048 (0004000047) : 29340.169658411978 
0023000049 (0093000048) : 29730.076610231332 
0076000050 (0023000049) : 30331.713879909777 
0032000051 (0076000050) : 31104.37076862694 
0023000052 (0032000051) : 32641.654348807635 
0074000053 (0023000052) : 32659.544754954917 
0042000054 (0074000053) : 34280.87314184747 
0097000055 (0042000054) : 34655.772659618626 
0038000056 (0097000055) : 34788.1412449796 
0035000057 (0038000056) : 34854.02813494344 
0071000058 (0035000057) : 35066.9176932491 
0068000059 (0071000058) : 35916.892423619676 
0018000060 (0068000059) : 36140.48045876351 
0040000061 (0018000060) : 36401.78588623924 
0075000062 (0040000061) : 38032.544116772064 
0017000063 (0075000062) : 38107.46617118115 
0032000064 (0017000063) : 38167.87048473232 
0080000065 (0032000064) : 39058.592024260295 
0012000066 (0080000065) : 40060.89833972454 
0073000067 (0012000066) : 42129.57619387155 
0058000068 (0073000067) : 42664.599489369444 
0047000069 (0058000068) : 43189.59922276375 
0081000070 (0047000069) : 44595.848556116216 
0011000071 (0081000070) : 45335.074294240134 
0049000072 (0011000071) : 45453.60106859727 
0023000073 (0049000072) : 46755.676794372775 
0049000074 (0023000073) : 47969.43830309458 
0093000075 (0049000074) : 48708.73341508173 
0028000076 (0093000075) : 49126.639216796466 
0023000077 (0028000076) : 49668.40729705537 
0076000078 (0023000077) : 50014.676351241375 
0014000079 (0076000078) : 50021.18465573811 
0060000080 (0014000079) : 50263.9679874589 
0010000081 (0060000080) : 50360.378421027424 
0045000082 (0010000081) : 50501.70741179116 
0055000083 (0045000082) : 53776.67987539114 
0053000084 (0055000083) : 53903.57769615274 
0079000085 (0053000084) : 54035.758452046604 
0023000086 (0079000085) : 54135.274833000374 
0081000087 (0023000086) : 56579.11086773973 
0022000088 (0081000087) : 56763.263054768715 
0030000089 (0022000088) : 57297.994661096454 
0023000090 (0030000089) : 58171.41411886444 
0037000091 (0023000090) : 58181.98537187015 
0039000092 (0037000091) : 58506.51516746554 
0043000093 (0039000092) : 58969.07172112609 
0045000094 (0043000093) : 59060.92507223379 
0089000095 (0045000094) : 59684.9881490056 
0039000096 (0089000095) : 60226.28641150369 
0083000097 (0039000096) : 61737.77599235095 
0093000098 (0083000097) : 62032.281983904264 
0091000099 (0093000098) : 62153.43846744166 
0041000100 (0091000099) : 62375.604160560106 
0022000101 (0041000100) : 62387.57995809305 
0035000102 (0022000101) : 62820.273954463424 
0026000103 (0035000102) : 63309.22192755931 
0023000104 (0026000103) : 64190.81142240641 
0085000105 (0023000104) : 64400.60650557807 
0081000106 (0085000105) : 64428.30192089362 
0050000107 (0081000106) : 65228.95426866525 
0037000108 (0050000107) : 65299.069924004136 
0059000109 (0037000108) : 67367.33170353601 
0031000110 (0059000109) : 68927.94590237518 
0049000111 (0031000110) : 69454.49708981185 
0045000112 (0049000111) : 69458.68946077955 
0018000113 (0045000112) : 69646.61951122915 
0023000114 (0018000113) : 70277.83900450802 
0096000115 (0023000114) : 70320.30549865066 
0011000116 (0096000115) : 70598.01808334292 
0098000117 (0011000116) : 71496.88040049275 
0077000118 (0098000117) : 72499.0985103039 
0040000119 (0077000118) : 72499.58611598452 
0084000120 (0040000119) : 73616.58657167536 
0090000121 (0084000120) : 73830.31567827868 
0001000122 (0090000121) : 74472.3612225683 
0087000123 (0001000122) : 77280.39002309696 
0006000124 (0087000123) : 77676.23268813897 
0023000125 (0006000124) : 78257.03072236104 
0056000126 (0023000125) : 78493.18682852933 
0038000127 (0056000126) : 79015.83404152739 
0070000128 (0038000127) : 79098.37528942271 
0014000129 (0070000128) : 79557.27169021919 
0069000130 (0014000129) : 79939.59761654046 
0088000131 (0069000130) : 80546.24460120869 
0072000132 (0088000131) : 80654.40399472727 
0074000133 (0072000132) : 80803.81439777814 
0024000134 (0074000133) : 81735.68660277835 
0073000135 (0024000134) : 81927.11459744716 
0070000136 (0073000135) : 82676.58712088004 
0098000137 (0070000136) : 82732.27380508604 
0013000138 (0098000137) : 82921.18653440881 
0023000139 (0013000138) : 83323.4678728271 
0096000140 (0023000139) : 83798.82327638808 
0033000141 (0096000140) : 84445.77932212444 
0030000142 (0033000141) : 84864.56382848776 
0009000143 (0030000142) : 85436.1838422013 
0042000144 (0009000143) : 85532.92112315659 
0018000145 (0042000144) : 85910.5429073307 
0063000146 (0018000145) : 86117.99297845268 
0014000147 (0063000146) : 86466.5536739227 
0026000148 (0014000147) : 89028.74605757142 
0002000149 (0026000148) : 89515.4308779019 
0016000150 (0002000149) : 89836.69324028438 
0044000151 (0016000150) : 89868.10073954848 
0099000152 (0044000151) : 90619.85945074639 
0001000153 (0099000152) : 90919.89535724535 
0058000154 (0001000153) : 90983.42628376465 
0096000155 (0058000154) : 91391.36725808655 
0023000156 (0096000155) : 93325.62020163174 
0053000157 (0023000156) : 93431.49619782735 
0085000158 (0053000157) : 93651.6373223255 
0043000159 (0085000158) : 94009.24402968881 
0067000160 (0043000159) : 94220.503531218 
0085000161 (0067000160) : 95332.92619657934 
0029000162 (0085000161) : 95865.99399401281 
0067000163 (0029000162) : 96849.66944643957 
0032000164 (0067000163) : 97030.3539060781 
0001000165 (0032000164) : 98896.41111743204 
0002000166 (0001000165) : 99636.04588120506 
0023000167 (0002000166) : 99826.4799798569 
