0000000000 (genesis block) : 0 
0023000001 (0000000000) : 383.2283105928585 
0072000002 (0023000001) : 693.3429273141093 
0025000003 (0072000002) : 1163.9916149323415 
0076000004 (0025000003) : 1307.2920515263897 
0003000005 (0076000004) : 1808.427699787392 
0035000006 (0003000005) : 2647.5291043535567 
0010000007 (0035000006) : 3066.61357718651 
0026000008 (0010000007) : 3082.2016798765617 
0048000009 (0026000008) : 3308.156026358447 
0022000010 (0048000009) : 3550.061085191115 
0031000011 (0022000010) : 4287.580011242596 
0045000012 (0031000011) : 5126.981262669322 
0086000013 (0045000012) : 6639.189541534063 
0050000014 (0086000013) : 7432.074880789427 
0078000015 (0050000014) : 7682.7428399657965 
0049000016 (0078000015) : 7713.907935118578 
0087000017 (0049000016) : 8129.6191110594855 
0000000018 (0087000017) : 8462.592549963916 
0009000019 (0000000018) : 8836.760950706695 
0016000020 (0009000019) : 9080.325730348699 
0063000021 (0016000020) : 10088.677669212218 
0023000022 (0063000021) : 10419.530025105267 
0092000023 (0023000022) : 10470.716284360124 
0061000024 (0092000023) : 10550.75199116671 
0017000025 (0061000024) : 10806.220748009398 
0088000026 (0017000025) : 11452.361491540756 
0023000027 (0088000026) : 11960.514031703322 
0001000028 (0023000027) : 12269.735621242908 
0030000029 (0001000028) : 14501.089644833417 
0040000030 (0030000029) : 15673.809079697545 
0071000031 (0040000030) : 16869.26495416591 
0023000032 (0071000031) : 17122.092178214367 
0024000033 (0023000032) : 17596.05686097956 
0095000034 (0024000033) : 18244.646932836273 
0088000035 (0095000034) : 19221.596375657988 
0018000036 (0088000035) : 20304.180674769017 
0038000037 (0018000036) : 20351.811038934826 
0080000038 (0038000037) : 20753.255425433486 
0074000039 (0080000038) : 21055.689765877338 
0090000040 (0074000039) : 21209.699600028478 
0080000041 (0090000040) : 22284.72104818353 
0099000042 (0080000041) : 22644.928274711718 
0060000043 (0099000042) : 26117.875263854297 
0012000044 (0060000043) : 26871.907752615807 
0023000045 (0012000044) : 27437.37691830373 
0089000046 (0023000045) : 27597.975499968656 
0004000047 (0089000046) : 28641.62485611785 
0093000048 (0004000047) : 29340.33956673347 
0023000049 (0093000048) : 29730.219430266217 
0076000050 (0023000049) : 30331.76892157655 
0032000051 (0076000050) : 31104.465524029423 
0023000052 (0032000051) : 32641.79018658601 
0074000053 (0023000052) : 32659.11840559166 
0042000054 (0074000053) : 34281.110537652174 
0097000055 (0042000054) : 34656.13775968155 
0038000056 (0097000055) : 34788.34404951015 
0035000057 (0038000056) : 34853.7346215579 
0071000058 (0035000057) : 35066.50479556953 
0068000059 (0071000058) : 35917.00850781085 
0018000060 (0068000059) : 36140.46874779566 
0040000061 (0018000060) : 36401.97608912014 
0075000062 (0040000061) : 38032.691190050675 
0017000063 (0075000062) : 38107.261086050894 
0032000064 (0017000063) : 38167.96554832429 
0080000065 (0032000064) : 39058.92899536307 
0012000066 (0080000065) : 40061.036781672265 
0073000067 (0012000066) : 42129.045102235046 
0058000068 (0073000067) : 42664.51318879506 
0047000069 (0058000068) : 43189.46040552905 
0081000070 (0047000069) : 44595.690441307175 
0011000071 (0081000070) : 45334.60053353727 
0049000072 (0011000071) : 45453.61085479794 
0023000073 (0049000072) : 46755.8236440557 
0049000074 (0023000073) : 47969.451923981964 
0093000075 (0049000074) : 48708.90178864202 
0028000076 (0093000075) : 49126.81265072382 
0023000077 (0028000076) : 49668.54442695461 
0076000078 (0023000077) : 50014.733920850114 
0014000079 (0076000078) : 50021.03731998131 
0060000080 (0014000079) : 50264.19102461788 
0010000081 (0060000080) : 50360.61357622379 
0045000082 (0010000081) : 50501.431589241794 
0055000083 (0045000082) : 53776.54941650139 
0053000084 (0055000083) : 53903.463738578335 
0079000085 (0053000084) : 54035.85327713199 
0023000086 (0079000085) : 54135.41742368372 
0081000087 (0023000086) : 56578.95084719292 
0022000088 (0081000087) : 56763.40367959677 
0030000089 (0022000088) : 57297.99492173733 
0023000090 (0030000089) : 58171.562157010165 
0037000091 (0023000090) : 58182.02523816322 
0039000092 (0037000091) : 58506.929288212275 
0043000093 (0039000092) : 58968.92928945828 
0045000094 (0043000093) : 59060.651494379905 
0089000095 (0045000094) : 59684.90669051406 
0039000096 (0089000095) : 60226.69749529703 
0083000097 (0039000096) : 61738.04666291506 
0093000098 (0083000097) : 62032.45142115243 
0091000099 (0093000098) : 62153.443996281494 
0041000100 (0091000099) : 62375.67513860309 
0022000101 (0041000100) : 62387.717382990566 
0035000102 (0022000101) : 62819.98179627941 
0026000103 (0035000102) : 63309.39639176573 
0023000104 (0026000103) : 64190.95280403207 
0085000105 (0023000104) : 64401.33661724714 
0081000106 (0085000105) : 64428.146026893366 
0050000107 (0081000106) : 65228.84318255845 
0037000108 (0050000107) : 65299.10981316666 
0059000109 (0037000108) : 67367.25109625907 
0031000110 (0059000109) : 68927.21292722938 
0049000111 (0031000110) : 69454.50454449093 
0045000112 (0049000111) : 69458.41516527007 
0018000113 (0045000112) : 69646.60646276464 
0023000114 (0018000113) : 70277.97993010998 
0096000115 (0023000114) : 70320.31671235313 
0011000116 (0096000115) : 70597.5442664725 
0098000117 (0011000116) : 71496.38626284894 
0077000118 (0098000117) : 72498.81625311107 
0040000119 (0077000118) : 72499.77739879503 
0084000120 (0040000119) : 73616.9192275962 
0090000121 (0084000120) : 73830.4463549117 
0001000122 (0090000121) : 74472.46463549197 
0087000123 (0001000122) : 77280.2316677195 
0006000124 (0087000123) : 77676.52042306987 
0023000125 (0006000124) : 78257.17017945276 
0056000126 (0023000125) : 78493.33816680536 
0038000127 (0056000126) : 79016.03897724162 
0070000128 (0038000127) : 79098.4152349471 
0014000129 (0070000128) : 79557.12496902791 
0069000130 (0014000129) : 79939.88272913551 
0088000131 (0069000130) : 80546.09765484626 
0072000132 (0088000131) : 80654.62691233082 
0074000133 (0072000132) : 80803.39056314214 
0024000134 (0074000133) : 81735.8964557891 
0073000135 (0024000134) : 81926.57955235984 
0070000136 (0073000135) : 82676.62741656794 
0098000137 (0070000136) : 82731.77695643035 
0013000138 (0098000137) : 82921.28340153622 
0023000139 (0013000138) : 83323.61305107927 
0096000140 (0023000139) : 83798.83690061349 
0033000141 (0096000140) : 84445.72569291314 
0030000142 (0033000141) : 84864.55814565744 
0009000143 (0030000142) : 85436.1948908179 
0042000144 (0009000143) : 85533.15447785475 
0018000145 (0042000144) : 85910.53304972974 
0063000146 (0018000145) : 86117.7876170575 
0014000147 (0063000146) : 86466.41006883481 
0026000148 (0014000147) : 89028.91640909243 
0002000149 (0026000148) : 89515.57059919559 
0016000150 (0002000149) : 89836.27962224316 
0044000151 (0016000150) : 89868.17823512071 
0099000152 (0044000151) : 90619.99680935388 
0001000153 (0099000152) : 90920.00316695217 
0058000154 (0001000153) : 90983.33867562414 
0096000155 (0058000154) : 91391.3809648154 
0023000156 (0096000155) : 93325.77079483597 
0053000157 (0023000156) : 93431.38257422445 
0085000158 (0053000157) : 93652.36715120463 
0043000159 (0085000158) : 94009.09569167216 
0067000160 (0043000159) : 94220.14085134324 
0085000161 (0067000160) : 95333.65702105062 
0029000162 (0085000161) : 95866.04150723557 
0067000163 (0029000162) : 96849.31020110445 
0032000164 (0067000163) : 97030.44620981216 
0001000165 (0032000164) : 98896.52316915145 
0002000166 (0001000165) : 99636.18526529789 
0023000167 (0002000166) : 99826.62212252911 
