0000000000 (genesis block) : 0 
0023000001 (0000000000) : 383.1696180349268 
0072000002 (0023000001) : 693.5589040821602 
0025000003 (0072000002) : 1164.6336815353209 
0076000004 (0025000003) : 1307.4526469843468 
0003000005 (0076000004) : 1808.0801374272755 
0035000006 (0003000005) : 2647.816509815502 
0010000007 (0035000006) : 3066.659209215042 
0026000008 (0010000007) : 3082.250348909241 
0048000009 (0026000008) : 3308.2694249464616 
0022000010 (0048000009) : 3550.205825841025 
0031000011 (0022000010) : 4288.262229920142 
0045000012 (0031000011) : 5127.466943162764 
0086000013 (0045000012) : 6639.238533227589 
0050000014 (0086000013) : 7432.46608300938 
0078000015 (0050000014) : 7682.868828200064 
0049000016 (0078000015) : 7713.80874045209 
0087000017 (0049000016) : 8129.903571463423 
0000000018 (0087000017) : 8462.558665052075 
0009000019 (0000000018) : 8837.064561322457 
0016000020 (0009000019) : 9080.672160611228 
0063000021 (0016000020) : 10088.831367441842 
0023000022 (0063000021) : 10419.466514166568 
0092000023 (0023000022) : 10470.731605249845 
0061000024 (0092000023) : 10550.854492787283 
0017000025 (0061000024) : 10806.492869045302 
0088000026 (0017000025) : 11452.488776083692 
0023000027 (0088000026) : 11960.45501120234 
0001000028 (0023000027) : 12269.939031784997 
0030000029 (0001000028) : 14501.085715146231 
0040000030 (0030000029) : 15673.930460812104 
0071000031 (0040000030) : 16869.609414843257 
0023000032 (0071000031) : 17122.030655110408 
0024000033 (0023000032) : 17595.96177995354 
0095000034 (0024000033) : 18244.516841215103 
0088000035 (0095000034) : 19221.72790959098 
0018000036 (0088000035) : 20304.130966287663 
0038000037 (0018000036) : 20352.00604446503 
0080000038 (0038000037) : 20753.579260154213 
0074000039 (0080000038) : 21056.040036470094 
0090000040 (0074000039) : 21210.0726126498 
0080000041 (0090000040) : 22285.038038712762 
0099000042 (0080000041) : 22644.866772219542 
0060000043 (0099000042) : 26117.778616960313 
0012000044 (0060000043) : 26871.97264549099 
0023000045 (0012000044) : 27437.318958571308 
0089000046 (0023000045) : 27598.215275669227 
0004000047 (0089000046) : 28641.87818046461 
0093000048 (0004000047) : 29340.389877796268 
0023000049 (0093000048) : 29730.154780120774 
0076000050 (0023000049) : 30331.936271904422 
0032000051 (0076000050) : 31104.575329695315 
0023000052 (0032000051) : 32641.732744723475 
0074000053 (0023000052) : 32659.471508622228 
0042000054 (0074000053) : 34281.151925826576 
0097000055 (0042000054) : 34656.045294616066 
0038000056 (0097000055) : 34788.54484031485 
0035000057 (0038000056) : 34854.021393510004 
0071000058 (0035000057) : 35066.85127313862 
0068000059 (0071000058) : 35917.20325632411 
0018000060 (0068000059) : 36140.41114538941 
0040000061 (0018000060) : 36402.09552972597 
0075000062 (0040000061) : 38032.64383625612 
0017000063 (0075000062) : 38107.53331896223 
0032000064 (0017000063) : 38168.07307442691 
0080000065 (0032000064) : 39059.24949772031 
0012000066 (0080000065) : 40061.102030606206 
0073000067 (0012000066) : 42129.49786822714 
0058000068 (0073000067) : 42663.82935774258 
0047000069 (0058000068) : 43189.533633274565 
0081000070 (0047000069) : 44596.18645998092 
0011000071 (0081000070) : 45335.28026069468 
0049000072 (0011000071) : 45453.516244510116 
0023000073 (0049000072) : 46755.761612482806 
0049000074 (0023000073) : 47969.36145768282 
0093000075 (0049000074) : 48708.954310354355 
0028000076 (0093000075) : 49126.72887236466 
0023000077 (0028000076) : 49668.488082652155 
0076000078 (0023000077) : 50014.89721302176 
0014000079 (0076000078) : 50021.16914756918 
0060000080 (0014000079) : 50264.096873024304 
0010000081 (0060000080) : 50360.657928968525 
0045000082 (0010000081) : 50501.9124121369 
0055000083 (0045000082) : 53776.90317745884 
0053000084 (0055000083) : 53903.67339597066 
0079000085 (0053000084) : 54035.91890635234 
0023000086 (0079000085) : 54135.35467563823 
0081000087 (0023000086) : 56579.44502797925 
0022000088 (0081000087) : 56763.54950198623 
0030000089 (0022000088) : 57297.98967733083 
0023000090 (0030000089) : 58171.495965367285 
0037000091 (0023000090) : 58181.905532705365 
0039000092 (0037000091) : 58507.053889120405 
0043000093 (0039000092) : 58968.70289646242 
0045000094 (0043000093) : 59061.13124645941 
0089000095 (0045000094) : 59685.142365645974 
0039000096 (0089000095) : 60226.82103478435 
0083000097 (0039000096) : 61738.16577101342 
0093000098 (0083000097) : 62032.50085116454 
0091000099 (0093000098) : 62153.745963091846 
0041000100 (0091000099) : 62375.59213113876 
0022000101 (0041000100) : 62387.85968912234 
0035000102 (0022000101) : 62820.26660813559 
0026000103 (0035000102) : 63309.4433743505 
0023000104 (0026000103) : 64190.89140482281 
0085000105 (0023000104) : 64401.3804017898 
0081000106 (0085000105) : 64428.640563560235 
0050000107 (0081000106) : 65229.239913172714 
0037000108 (0050000107) : 65298.99312192798 
0059000109 (0037000108) : 67367.41004367408 
0031000110 (0059000109) : 68927.89501893225 
0049000111 (0031000110) : 69454.41187682813 
0045000112 (0049000111) : 69458.89738647295 
0018000113 (0045000112) : 69646.5543579165 
0023000114 (0018000113) : 70277.92066566515 
0096000115 (0023000114) : 70320.09141452388 
0011000116 (0096000115) : 70598.22377342114 
0098000117 (0011000116) : 71497.06283632081 
0077000118 (0098000117) : 72498.87911630436 
0040000119 (0077000118) : 72499.89708339924 
0084000120 (0040000119) : 73616.82486897115 
0090000121 (0084000120) : 73830.81884780577 
0001000122 (0090000121) : 74472.67108548108 
0087000123 (0001000122) : 77280.52032549953 
0006000124 (0087000123) : 77676.63460687135 
0023000125 (0006000124) : 78257.11456161854 
0056000126 (0023000125) : 78493.21044368306 
0038000127 (0056000126) : 79016.2359387794 
0070000128 (0038000127) : 79098.2542909901 
0014000129 (0070000128) : 79557.25648784234 
0069000130 (0014000129) : 79940.00532163469 
0088000131 (0069000130) : 80546.2308774471 
0072000132 (0088000131) : 80654.84443154206 
0074000133 (0072000132) : 80803.74261464622 
0024000134 (0074000133) : 81735.79518853378 
0073000135 (0024000134) : 81927.03571627922 
0070000136 (0073000135) : 82676.46413195449 
0098000137 (0070000136) : 82732.45764084932 
0013000138 (0098000137) : 82921.49518840914 
0023000139 (0013000138) : 83323.55388112029 
0096000140 (0023000139) : 83798.60777356446 
0033000141 (0096000140) : 84445.8901729027 
0030000142 (0033000141) : 84864.55923450783 
0009000143 (0030000142) : 85436.49581100565 
0042000144 (0009000143) : 85533.20026979894 
0018000145 (0042000144) : 85910.476963421 
0063000146 (0018000145) : 86117.9408549422 
0014000147 (0063000146) : 86466.53914815967 
0026000148 (0014000147) : 89028.9672494851 
0002000149 (0026000148) : 89515.6310324485 
0016000150 (0002000149) : 89836.62565644876 
0044000151 (0016000150) : 89868.30735048035 
0099000152 (0044000151) : 90619.93156439102 
0001000153 (0099000152) : 90920.20766047118 
0058000154 (0001000153) : 90982.65504032328 
0096000155 (0058000154) : 91391.15448928447 
0023000156 (0096000155) : 93325.70119310559 
0053000157 (0023000156) : 93431.59442007214 
0085000158 (0053000157) : 93652.40851871826 
0043000159 (0085000158) : 94008.87068062936 
0067000160 (0043000159) : 94220.49273902342 
0085000161 (0067000160) : 95333.69677529942 
0029000162 (0085000161) : 95866.37384601729 
0067000163 (0029000162) : 96849.6618930074 
0032000164 (0067000163) : 97030.55986085058 
0001000165 (0032000164) : 98896.72112500646 
0002000166 (0001000165) : 99636.25150290984 
0023000167 (0002000166) : 99826.56044159473 
