0000000000 (genesis block) : 0 
0023000001 (0000000000) : 382.58874456015593 
0072000002 (0023000001) : 693.2966927817214 
0025000003 (0072000002) : 1164.4605328860598 
0076000004 (0025000003) : 1307.2404812819766 
0003000005 (0076000004) : 1808.5778145017698 
0035000006 (0003000005) : 2647.737980792995 
0010000007 (0035000006) : 3066.4193915404703 
0026000008 (0010000007) : 3082.039422029634 
0048000009 (0026000008) : 3308.357942459015 
0022000010 (0048000009) : 3550.100722920548 
0031000011 (0022000010) : 4288.221029526193 
0045000012 (0031000011) : 5127.1700077887235 
0086000013 (0045000012) : 6639.067219237352 
0050000014 (0086000013) : 7432.1362274054745 
0078000015 (0050000014) : 7682.509894289116 
0049000016 (0078000015) : 7714.059130715733 
0087000017 (0049000016) : 8129.800851224279 
0000000018 (0087000017) : 8462.394570934044 
0009000019 (0000000018) : 8836.708045614952 
0016000020 (0009000019) : 9080.776805784786 
0063000021 (0016000020) : 10088.889239358567 
0023000022 (0063000021) : 10418.886506499432 
0092000023 (0023000022) : 10470.483817982658 
0061000024 (0092000023) : 10550.862529893391 
0017000025 (0061000024) : 10806.433529620836 
0088000026 (0017000025) : 11452.544815746098 
0023000027 (0088000026) : 11959.87208449711 
0001000028 (0023000027) : 12269.581954146675 
0030000029 (0001000028) : 14501.272528502848 
0040000030 (0030000029) : 15673.574803998668 
0071000031 (0040000030) : 16869.667903526024 
0023000032 (0071000031) : 17121.448756538863 
0024000033 (0023000032) : 17595.916812765965 
0095000034 (0024000033) : 18244.475658407257 
0088000035 (0095000034) : 19221.782365137766 
0018000036 (0088000035) : 20304.222853268406 
0038000037 (0018000036) : 20351.663463719215 
0080000038 (0038000037) : 20753.223382158765 
0074000039 (0080000038) : 21056.02129138413 
0090000040 (0074000039) : 21210.069891665207 
0080000041 (0090000040) : 22284.685211744734 
0099000042 (0080000041) : 22644.96463664775 
0060000043 (0099000042) : 26117.932965903277 
0012000044 (0060000043) : 26871.96053504165 
0023000045 (0012000044) : 27436.736127982243 
0089000046 (0023000045) : 27598.07619347009 
0004000047 (0089000046) : 28641.68342641885 
0093000048 (0004000047) : 29340.160251708137 
0023000049 (0093000048) : 29729.577407586792 
0076000050 (0023000049) : 30331.716500628136 
0032000051 (0076000050) : 31104.553696585303 
0023000052 (0032000051) : 32641.150531316354 
0074000053 (0023000052) : 32659.457690011648 
0042000054 (0074000053) : 34280.911852748344 
0097000055 (0042000054) : 34656.04696727081 
0038000056 (0097000055) : 34788.192759762 
0035000057 (0038000056) : 34853.9404122653 
0071000058 (0035000057) : 35066.90684935164 
0068000059 (0071000058) : 35916.84830720544 
0018000060 (0068000059) : 36140.496896653065 
0040000061 (0018000060) : 36401.74114923655 
0075000062 (0040000061) : 38032.73791418386 
0017000063 (0075000062) : 38107.46929292544 
0032000064 (0017000063) : 38168.048621591806 
0080000065 (0032000064) : 39058.894198861824 
0012000066 (0080000065) : 40061.076640300234 
0073000067 (0012000066) : 42129.48693868071 
0058000068 (0073000067) : 42664.40842614845 
0047000069 (0058000068) : 43189.621769452104 
0081000070 (0047000069) : 44595.88933772361 
0011000071 (0081000070) : 45334.98737690308 
0049000072 (0011000071) : 45453.76344998354 
0023000073 (0049000072) : 46755.179145764174 
0049000074 (0023000073) : 47969.603901857634 
0093000075 (0049000074) : 48708.7145838629 
0028000076 (0093000075) : 49126.61983559183 
0023000077 (0028000076) : 49667.90435202896 
0076000078 (0023000077) : 50014.68575302809 
0014000079 (0076000078) : 50021.2223829287 
0060000080 (0014000079) : 50264.24480119935 
0010000081 (0060000080) : 50360.4160084202 
0045000082 (0010000081) : 50501.61554441804 
0055000083 (0045000082) : 53776.663661008184 
0053000084 (0055000083) : 53903.27110730182 
0079000085 (0053000084) : 54035.91830963827 
0023000086 (0079000085) : 54134.775341445114 
0081000087 (0023000086) : 56579.14786668368 
0022000088 (0081000087) : 56763.443637152806 
0030000089 (0022000088) : 57298.17485186072 
0023000090 (0030000089) : 58170.91690410452 
0037000091 (0023000090) : 58181.96417872922 
0039000092 (0037000091) : 58506.69744317058 
0043000093 (0039000092) : 58968.89053287328 
0045000094 (0043000093) : 59060.836647205455 
0089000095 (0045000094) : 59684.99809949242 
0039000096 (0089000095) : 60226.46722526657 
0083000097 (0039000096) : 61737.81355515394 
0093000098 (0083000097) : 62032.26115917415 
0091000099 (0093000098) : 62153.39056564112 
0041000100 (0091000099) : 62375.731817020205 
0022000101 (0041000100) : 62387.75503803602 
0035000102 (0022000101) : 62820.18782620132 
0026000103 (0035000102) : 63309.231248015494 
0023000104 (0026000103) : 64190.3085643801 
0085000105 (0023000104) : 64401.10384262912 
0081000106 (0085000105) : 64428.34217566136 
0050000107 (0081000106) : 65228.905636510215 
0037000108 (0050000107) : 65299.04829107545 
0059000109 (0037000108) : 67367.35349655524 
0031000110 (0059000109) : 68927.85741860632 
0049000111 (0031000110) : 69454.66045163246 
0045000112 (0049000111) : 69458.59960443797 
0018000113 (0045000112) : 69646.64639799166 
0023000114 (0018000113) : 70277.34145779269 
0096000115 (0023000114) : 70320.36524526004 
0011000116 (0096000115) : 70597.92918314795 
0098000117 (0011000116) : 71496.79453710311 
0077000118 (0098000117) : 72499.16916941197 
0040000119 (0077000118) : 72499.5409226976 
0084000120 (0040000119) : 73616.78566182952 
0090000121 (0084000120) : 73830.81540413779 
0001000122 (0090000121) : 74472.31551373209 
0087000123 (0001000122) : 77280.4151935638 
0006000124 (0087000123) : 77676.2838429552 
0023000125 (0006000124) : 78256.53163435137 
0056000126 (0023000125) : 78492.96837659036 
0038000127 (0056000126) : 79015.88189435641 
0070000128 (0038000127) : 79098.32930770912 
0014000129 (0070000128) : 79557.30974397127 
0069000130 (0014000129) : 79939.64951360163 
0088000131 (0069000130) : 80546.28055388464 
0072000132 (0088000131) : 80654.58085259583 
0074000133 (0072000132) : 80803.72624039227 
0024000134 (0074000133) : 81735.75584898365 
0073000135 (0024000134) : 81927.03103884419 
0070000136 (0073000135) : 82676.54242434917 
0098000137 (0070000136) : 82732.18777594206 
0013000138 (0098000137) : 82921.1401021954 
0023000139 (0013000138) : 83322.97141183635 
0096000140 (0023000139) : 83798.88080446736 
0033000141 (0096000140) : 84445.82819051009 
0030000142 (0033000141) : 84864.74451961428 
0009000143 (0030000142) : 85436.14174050331 
0042000144 (0009000143) : 85532.95863207338 
0018000145 (0042000144) : 85910.5638429654 
0063000146 (0018000145) : 86118.00068067116 
0014000147 (0063000146) : 86466.59464524324 
0026000148 (0014000147) : 89028.75228846111 
0002000149 (0026000148) : 89515.60678083183 
0016000150 (0002000149) : 89836.73129259623 
0044000151 (0016000150) : 89868.27927532699 
0099000152 (0044000151) : 90620.03665490402 
0001000153 (0099000152) : 90919.85064514363 
0058000154 (0001000153) : 90983.23642948965 
0096000155 (0058000154) : 91391.43026277146 
0023000156 (0096000155) : 93325.12327017594 
0053000157 (0023000156) : 93431.18988772275 
0085000158 (0053000157) : 93652.13644610836 
0043000159 (0085000158) : 94009.05917309524 
0067000160 (0043000159) : 94220.41068334668 
0085000161 (0067000160) : 95333.42513057451 
0029000162 (0085000161) : 95866.15441876708 
0067000163 (0029000162) : 96849.57980009895 
0032000164 (0067000163) : 97030.53408374739 
0001000165 (0032000164) : 98896.36685615609 
0002000166 (0001000165) : 99636.22268442782 
0023000167 (0002000166) : 99825.9791857964 
