0000000000 (genesis block) : 0 
0023000001 (0000000000) : 383.13854707466515 
0072000002 (0023000001) : 693.2983324143877 
0025000003 (0072000002) : 1164.5432295326216 
0076000004 (0025000003) : 1307.3402229694577 
0003000005 (0076000004) : 1808.642066507649 
0035000006 (0003000005) : 2647.881628313638 
0010000007 (0035000006) : 3066.8780150831 
0026000008 (0010000007) : 3082.135300629789 
0048000009 (0026000008) : 3308.030581266404 
0022000010 (0048000009) : 3550.100067003183 
0031000011 (0022000010) : 4288.281128902317 
0045000012 (0031000011) : 5127.309260396547 
0086000013 (0045000012) : 6639.068038864743 
0050000014 (0086000013) : 7432.224130693607 
0078000015 (0050000014) : 7682.511552656263 
0049000016 (0078000015) : 7714.015563156923 
0087000017 (0049000016) : 8129.630238657508 
0000000018 (0087000017) : 8462.529491923504 
0009000019 (0000000018) : 8836.803566518523 
0016000020 (0009000019) : 9080.9812312286 
0063000021 (0016000020) : 10088.986603411035 
0023000022 (0063000021) : 10419.43309112772 
0092000023 (0023000022) : 10470.48367709441 
0061000024 (0092000023) : 10550.979408607765 
0017000025 (0061000024) : 10806.553214991865 
0088000026 (0017000025) : 11452.686928250116 
0023000027 (0088000026) : 11960.421100701098 
0001000028 (0023000027) : 12269.678300942276 
0030000029 (0001000028) : 14501.238800752477 
0040000030 (0030000029) : 15673.66965041704 
0071000031 (0040000030) : 16869.7658115914 
0023000032 (0071000031) : 17121.99760335329 
0024000033 (0023000032) : 17596.13209364367 
0095000034 (0024000033) : 18244.718011707973 
0088000035 (0095000034) : 19221.92282343732 
0018000036 (0088000035) : 20304.314187989174 
0038000037 (0018000036) : 20351.110060444462 
0080000038 (0038000037) : 20753.155033339997 
0074000039 (0080000038) : 21056.12844305654 
0090000040 (0074000039) : 21210.071015955567 
0080000041 (0090000040) : 22284.618279798804 
0099000042 (0080000041) : 22644.812789105024 
0060000043 (0099000042) : 26117.78834569008 
0012000044 (0060000043) : 26871.789558166023 
0023000045 (0012000044) : 27437.284772187024 
0089000046 (0023000045) : 27598.161996042836 
0004000047 (0089000046) : 28641.698800334554 
0093000048 (0004000047) : 29340.2531624151 
0023000049 (0093000048) : 29730.1311533686 
0076000050 (0023000049) : 30331.814004648786 
0032000051 (0076000050) : 31104.224211250155 
0023000052 (0032000051) : 32641.70289180989 
0074000053 (0023000052) : 32659.560250962586 
0042000054 (0074000053) : 34281.35689276901 
0097000055 (0042000054) : 34656.04798770272 
0038000056 (0097000055) : 34787.64382805596 
0035000057 (0038000056) : 34854.08140333746 
0071000058 (0035000057) : 35067.00371755503 
0068000059 (0071000058) : 35916.94696721079 
0018000060 (0068000059) : 36140.594538538324 
0040000061 (0018000060) : 36401.84015481774 
0075000062 (0040000061) : 38032.622425261405 
0017000063 (0075000062) : 38107.593279139124 
0032000064 (0017000063) : 38167.723497007006 
0080000065 (0032000064) : 39058.83129035787 
0012000066 (0080000065) : 40060.91834040083 
0073000067 (0012000066) : 42129.594937738395 
0058000068 (0073000067) : 42664.72605324488 
0047000069 (0058000068) : 43189.71849523128 
0081000070 (0047000069) : 44595.89854665928 
0011000071 (0081000070) : 45335.12536958015 
0049000072 (0011000071) : 45453.72299531851 
0023000073 (0049000072) : 46755.729166761914 
0049000074 (0023000073) : 47969.565748256726 
0093000075 (0049000074) : 48708.80998639428 
0028000076 (0093000075) : 49126.71580172426 
0023000077 (0028000076) : 49668.45838116096 
0076000078 (0023000077) : 50014.779876858716 
0014000079 (0076000078) : 50021.35510530247 
0060000080 (0014000079) : 50264.1051549337 
0010000081 (0060000080) : 50360.881799615374 
0045000082 (0010000081) : 50501.75708642754 
0055000083 (0045000082) : 53776.74801966879 
0053000084 (0055000083) : 53903.706892473514 
0079000085 (0053000084) : 54035.786626918656 
0023000086 (0079000085) : 54135.32565597541 
0081000087 (0023000086) : 56579.157897749144 
0022000088 (0081000087) : 56763.44459202537 
0030000089 (0022000088) : 57298.14479572719 
0023000090 (0030000089) : 58171.46391450891 
0037000091 (0023000090) : 58182.06297959151 
0039000092 (0037000091) : 58506.697916253266 
0043000093 (0039000092) : 58969.122954707156 
0045000094 (0043000093) : 59060.97585533648 
0089000095 (0045000094) : 59685.09673231695 
0039000096 (0089000095) : 60226.46395604845 
0083000097 (0039000096) : 61737.581604737265 
0093000098 (0083000097) : 62032.35580902973 
0091000099 (0093000098) : 62153.48865015031 
0041000100 (0091000099) : 62375.79615488099 
0022000101 (0041000100) : 62387.753103468436 
0035000102 (0022000101) : 62820.330867888544 
0026000103 (0035000102) : 63309.32466118672 
0023000104 (0026000103) : 64190.86109582467 
0085000105 (0023000104) : 64401.10374494452 
0081000106 (0085000105) : 64428.3556167915 
0050000107 (0081000106) : 65229.00041012253 
0037000108 (0050000107) : 65299.14866550547 
0059000109 (0037000108) : 67367.46726920875 
0031000110 (0059000109) : 68927.91430148383 
0049000111 (0031000110) : 69454.61900376495 
0045000112 (0049000111) : 69458.74015931753 
0018000113 (0045000112) : 69646.73973683116 
0023000114 (0018000113) : 70277.8872979485 
0096000115 (0023000114) : 70320.43495996624 
0011000116 (0096000115) : 70598.06914588006 
0098000117 (0011000116) : 71496.9337877479 
0077000118 (0098000117) : 72499.35693318854 
0040000119 (0077000118) : 72499.63797431745 
0084000120 (0040000119) : 73616.8660079378 
0090000121 (0084000120) : 73830.81758854094 
0001000122 (0090000121) : 74472.41229961939 
0087000123 (0001000122) : 77280.24295760212 
0006000124 (0087000123) : 77676.04936034771 
0023000125 (0006000124) : 78257.08005363429 
0056000126 (0023000125) : 78493.51874471143 
0038000127 (0056000126) : 79015.334954156 
0070000128 (0038000127) : 79098.4508453858 
0014000129 (0070000128) : 79557.44614226244 
0069000130 (0014000129) : 79939.650553858 
0088000131 (0069000130) : 80546.42236978038 
0072000132 (0088000131) : 80654.58028986386 
0074000133 (0072000132) : 80803.83298950555 
0024000134 (0074000133) : 81735.96970698415 
0073000135 (0024000134) : 81927.13340204478 
0070000136 (0073000135) : 82676.66274126571 
0098000137 (0070000136) : 82732.32588875419 
0013000138 (0098000137) : 82921.2344473437 
0023000139 (0013000138) : 83323.51850800579 
0096000140 (0023000139) : 83798.94605577168 
0033000141 (0096000140) : 84445.85066767756 
0030000142 (0033000141) : 84864.70978351562 
0009000143 (0030000142) : 85436.23467085605 
0042000144 (0009000143) : 85533.40274426815 
0018000145 (0042000144) : 85910.66324326197 
0063000146 (0018000145) : 86118.0945988334 
0014000147 (0063000146) : 86466.72770556502 
0026000148 (0014000147) : 89028.84782291498 
0002000149 (0026000148) : 89515.4180298984 
0016000150 (0002000149) : 89836.93420244969 
0044000151 (0016000150) : 89868.09090412619 
0099000152 (0044000151) : 90619.88015973088 
0001000153 (0099000152) : 90919.94661207737 
0058000154 (0001000153) : 90983.5535514528 
0096000155 (0058000154) : 91391.49423738486 
0023000156 (0096000155) : 93325.67024781306 
0053000157 (0023000156) : 93431.62274684299 
0085000158 (0053000157) : 93652.13551131252 
0043000159 (0085000158) : 94009.29382631865 
0067000160 (0043000159) : 94220.55509170739 
0085000161 (0067000160) : 95333.42459536262 
0029000162 (0085000161) : 95866.17376599852 
0067000163 (0029000162) : 96849.71843430893 
0032000164 (0067000163) : 97030.20702415676 
0001000165 (0032000164) : 98896.46127008267 
0002000166 (0001000165) : 99636.04026453578 
0023000167 (0002000166) : 99826.53230968953 
