0000000000 (genesis block) : 0 
0023000001 (0000000000) : 382.92548866909925 
0072000002 (0023000001) : 693.3096888113688 
0025000003 (0072000002) : 1164.4490153735057 
0076000004 (0025000003) : 1307.4673609925007 
0003000005 (0076000004) : 1808.2407699601615 
0035000006 (0003000005) : 2647.4942105734835 
0010000007 (0035000006) : 3066.7582466306385 
0026000008 (0010000007) : 3082.3224980899085 
0048000009 (0026000008) : 3308.2045435755826 
0022000010 (0048000009) : 3550.2365169817735 
0031000011 (0022000010) : 4288.187500924785 
0045000012 (0031000011) : 5127.15764528201 
0086000013 (0045000012) : 6639.308028169987 
0050000014 (0086000013) : 7432.249028431257 
0078000015 (0050000014) : 7682.822335063731 
0049000016 (0078000015) : 7713.746770272841 
0087000017 (0049000016) : 8129.794935026663 
0000000018 (0087000017) : 8462.714493131794 
0009000019 (0000000018) : 8836.731368886309 
0016000020 (0009000019) : 9080.598987949474 
0063000021 (0016000020) : 10088.911062061572 
0023000022 (0063000021) : 10419.224930791102 
0092000023 (0023000022) : 10470.707216401308 
0061000024 (0092000023) : 10550.91414555624 
0017000025 (0061000024) : 10806.187270349079 
0088000026 (0017000025) : 11452.533009064322 
0023000027 (0088000026) : 11960.212548151234 
0001000028 (0023000027) : 12269.881165336681 
0030000029 (0001000028) : 14501.054217370238 
0040000030 (0030000029) : 15673.860739247142 
0071000031 (0040000030) : 16869.535103823688 
0023000032 (0071000031) : 17121.785832540758 
0024000033 (0023000032) : 17596.055722480312 
0095000034 (0024000033) : 18244.649432486873 
0088000035 (0095000034) : 19221.771844408326 
0018000036 (0088000035) : 20304.35794808339 
0038000037 (0018000036) : 20351.943016929286 
0080000038 (0038000037) : 20753.53720479601 
0074000039 (0080000038) : 21056.097665218902 
0090000040 (0074000039) : 21209.996733081294 
0080000041 (0090000040) : 22284.99538591703 
0099000042 (0080000041) : 22644.98817652638 
0060000043 (0099000042) : 26117.71625821942 
0012000044 (0060000043) : 26871.966836929918 
0023000045 (0012000044) : 27437.073713683418 
0089000046 (0023000045) : 27598.149729277706 
0004000047 (0089000046) : 28641.799354659615 
0093000048 (0004000047) : 29340.443533454567 
0023000049 (0093000048) : 29729.914312135785 
0076000050 (0023000049) : 30331.941386072263 
0032000051 (0076000050) : 31104.571067952784 
0023000052 (0032000051) : 32641.490540488696 
0074000053 (0023000052) : 32659.526931816345 
0042000054 (0074000053) : 34281.249079593144 
0097000055 (0042000054) : 34655.980353337356 
0038000056 (0097000055) : 34788.48089020149 
0035000057 (0038000056) : 34853.69871454529 
0071000058 (0035000057) : 35066.77393005718 
0068000059 (0071000058) : 35917.1628049654 
0018000060 (0068000059) : 36140.6427417452 
0040000061 (0018000060) : 36402.02559450985 
0075000062 (0040000061) : 38032.713334663495 
0017000063 (0075000062) : 38107.225792238525 
0032000064 (0017000063) : 38168.067144444314 
0080000065 (0032000064) : 39059.20751716141 
0012000066 (0080000065) : 40061.09483576529 
0073000067 (0012000066) : 42129.560239627084 
0058000068 (0073000067) : 42664.32377401935 
0047000069 (0058000068) : 43189.63178677833 
0081000070 (0047000069) : 44595.96195922726 
0011000071 (0081000070) : 45334.97411601447 
0049000072 (0011000071) : 45453.45505309881 
0023000073 (0049000072) : 46755.51717848526 
0049000074 (0023000073) : 47969.295491044584 
0093000075 (0049000074) : 48708.99949422409 
0028000076 (0093000075) : 49126.665985245374 
0023000077 (0028000076) : 49668.24209310413 
0076000078 (0023000077) : 50014.911924832704 
0014000079 (0076000078) : 50021.21086656192 
0060000080 (0014000079) : 50264.03596137126 
0010000081 (0060000080) : 50360.753264364444 
0045000082 (0010000081) : 50501.6058547964 
0055000083 (0045000082) : 53776.71402815324 
0053000084 (0055000083) : 53903.60900609366 
0079000085 (0053000084) : 54035.98749943807 
0023000086 (0079000085) : 54135.113525888955 
0081000087 (0023000086) : 56579.22259404521 
0022000088 (0081000087) : 56763.57811637713 
0030000089 (0022000088) : 57297.95641910093 
0023000090 (0030000089) : 58171.25435206624 
0037000091 (0023000090) : 58182.16610390038 
0039000092 (0037000091) : 58507.00885327094 
0043000093 (0039000092) : 58969.19923457125 
0045000094 (0043000093) : 59060.82437034748 
0089000095 (0045000094) : 59685.080025173884 
0039000096 (0089000095) : 60226.77311620914 
0083000097 (0039000096) : 61738.10113698754 
0093000098 (0083000097) : 62032.54503567446 
0091000099 (0093000098) : 62153.414249796675 
0041000100 (0091000099) : 62375.817615712 
0022000101 (0041000100) : 62387.888385885366 
0035000102 (0022000101) : 62819.94529162164 
0026000103 (0035000102) : 63309.512185956904 
0023000104 (0026000103) : 64190.645921493255 
0085000105 (0023000104) : 64401.31793668366 
0081000106 (0085000105) : 64428.41667661257 
0050000107 (0081000106) : 65229.0187912522 
0037000108 (0050000107) : 65299.25320910637 
0059000109 (0037000108) : 67367.39580764348 
0031000110 (0059000109) : 68927.82300543893 
0049000111 (0031000110) : 69454.34860830678 
0045000112 (0049000111) : 69458.59048791639 
0018000113 (0045000112) : 69646.78220054191 
0023000114 (0018000113) : 70277.67965936176 
0096000115 (0023000114) : 70320.02817796048 
0011000116 (0096000115) : 70597.91966838666 
0098000117 (0011000116) : 71496.7837996579 
0077000118 (0098000117) : 72499.03970799234 
0040000119 (0077000118) : 72499.82561205227 
0084000120 (0040000119) : 73616.79442701807 
0090000121 (0084000120) : 73830.74262238944 
0001000122 (0090000121) : 74472.61075616149 
0087000123 (0001000122) : 77280.40815077095 
0006000124 (0087000123) : 77676.5701476018 
0023000125 (0006000124) : 78256.8687040288 
0056000126 (0023000125) : 78493.30540193476 
0038000127 (0056000126) : 79016.16970194071 
0070000128 (0038000127) : 79098.5609515151 
0014000129 (0070000128) : 79557.30284154849 
0069000130 (0014000129) : 79939.96139095612 
0088000131 (0069000130) : 80546.27271766488 
0072000132 (0088000131) : 80654.59570753785 
0074000133 (0072000132) : 80803.79893390881 
0024000134 (0074000133) : 81735.90131507104 
0073000135 (0024000134) : 81927.10139590535 
0070000136 (0073000135) : 82676.77022809004 
0098000137 (0070000136) : 82732.17415685437 
0013000138 (0098000137) : 82921.25177374958 
0023000139 (0013000138) : 83323.30826681286 
0096000140 (0023000139) : 83798.54404484724 
0033000141 (0096000140) : 84445.86705965053 
0030000142 (0033000141) : 84864.52326730246 
0009000143 (0030000142) : 85436.1660336176 
0042000144 (0009000143) : 85533.295447544 
0018000145 (0042000144) : 85910.70874574248 
0063000146 (0018000145) : 86118.02510777787 
0014000147 (0063000146) : 86466.58429638272 
0026000148 (0014000147) : 89029.03824402342 
0002000149 (0026000148) : 89515.59778909489 
0016000150 (0002000149) : 89836.54966985961 
0044000151 (0016000150) : 89868.14268808576 
0099000152 (0044000151) : 90620.05818101534 
0001000153 (0099000152) : 90920.14744288799 
0058000154 (0001000153) : 90983.14970211644 
0096000155 (0058000154) : 91391.09142076259 
0023000156 (0096000155) : 93325.4615346849 
0053000157 (0023000156) : 93431.52688932515 
0085000158 (0053000157) : 93652.3461505836 
0043000159 (0085000158) : 94009.36931461761 
0067000160 (0043000159) : 94220.48334068974 
0085000161 (0067000160) : 95333.63407823797 
0029000162 (0085000161) : 95866.18508154777 
0067000163 (0029000162) : 96849.65042959341 
0032000164 (0067000163) : 97030.55150688608 
0001000165 (0032000164) : 98896.66516403144 
0002000166 (0001000165) : 99636.21974829714 
0023000167 (0002000166) : 99826.31819411817 
