0000000000 (genesis block) : 0 
0023000001 (0000000000) : 382.9821209881035 
0072000002 (0023000001) : 693.1405602528636 
0025000003 (0072000002) : 1164.3870833825904 
0076000004 (0025000003) : 1307.1828390420908 
0003000005 (0076000004) : 1808.4859577263712 
0035000006 (0003000005) : 2647.7225893205996 
0010000007 (0035000006) : 3066.7218735359875 
0026000008 (0010000007) : 3081.978247161687 
0048000009 (0026000008) : 3308.0484110228776 
0022000010 (0048000009) : 3549.943957558075 
0031000011 (0022000010) : 4288.202267147015 
0045000012 (0031000011) : 5127.150634473927 
0086000013 (0045000012) : 6638.911297651953 
0050000014 (0086000013) : 7432.068080412724 
0078000015 (0050000014) : 7682.355248909401 
0049000016 (0078000015) : 7713.8594770022655 
0087000017 (0049000016) : 8129.641662875562 
0000000018 (0087000017) : 8462.37286454271 
0009000019 (0000000018) : 8836.647442241005 
0016000020 (0009000019) : 9080.824515812768 
0063000021 (0016000020) : 10088.830217647059 
0023000022 (0063000021) : 10419.276895301147 
0092000023 (0023000022) : 10470.327687395995 
0061000024 (0092000023) : 10550.821959954315 
0017000025 (0061000024) : 10806.396385816864 
0088000026 (0017000025) : 11452.53053608693 
0023000027 (0088000026) : 11960.262396135322 
0001000028 (0023000027) : 12269.522259627092 
0030000029 (0001000028) : 14501.082595086986 
0040000030 (0030000029) : 15673.513537273544 
0071000031 (0040000030) : 16869.60973527706 
0023000032 (0071000031) : 17121.840832229176 
0024000033 (0023000032) : 17595.9757463738 
0095000034 (0024000033) : 18244.561994317093 
0088000035 (0095000034) : 19221.764944381473 
0018000036 (0088000035) : 20304.158107680265 
0038000037 (0018000036) : 20351.26626888485 
0080000038 (0038000037) : 20752.998802655187 
0074000039 (0080000038) : 21056.009471812686 
0090000040 (0074000039) : 21209.914234251304 
0080000041 (0090000040) : 22284.46096438629 
0099000042 (0080000041) : 22644.655941969148 
0060000043 (0099000042) : 26117.630483543195 
0012000044 (0060000043) : 26871.633140063623 
0023000045 (0012000044) : 27437.12865569312 
0089000046 (0023000045) : 27598.005911944736 
0004000047 (0089000046) : 28641.542026842246 
0093000048 (0004000047) : 29340.096076927122 
0023000049 (0093000048) : 29729.970473741356 
0076000050 (0023000049) : 30331.656314558768 
0032000051 (0076000050) : 31104.23677748466 
0023000052 (0032000051) : 32641.546943390727 
0074000053 (0023000052) : 32659.439978390245 
0042000054 (0074000053) : 34281.199818676556 
0097000055 (0042000054) : 34655.891975005274 
0038000056 (0097000055) : 34787.80037982587 
0035000057 (0038000056) : 34853.92544023651 
0071000058 (0035000057) : 35066.84648363818 
0068000059 (0071000058) : 35916.78834652822 
0018000060 (0068000059) : 36140.43847221391 
0040000061 (0018000060) : 36401.68351615554 
0075000062 (0040000061) : 38032.465764867185 
0017000063 (0075000062) : 38107.43487320082 
0032000064 (0017000063) : 38167.735261632355 
0080000065 (0032000064) : 39058.673935464474 
0012000066 (0080000065) : 40060.762186036176 
0073000067 (0012000066) : 42129.4699947502 
0058000068 (0073000067) : 42664.568362194754 
0047000069 (0058000068) : 43189.55943940773 
0081000070 (0047000069) : 44595.74090262266 
0011000071 (0081000070) : 45334.969157844964 
0049000072 (0011000071) : 45453.56585354113 
0023000073 (0049000072) : 46755.570351257404 
0049000074 (0023000073) : 47969.40835086762 
0093000075 (0049000074) : 48708.65327535537 
0028000076 (0093000075) : 49126.559268072466 
0023000077 (0028000076) : 49668.299682829376 
0076000078 (0023000077) : 50014.62370453199 
0014000079 (0076000078) : 50021.19851632727 
0060000080 (0014000079) : 50263.9434637135 
0010000081 (0060000080) : 50360.723681137606 
0045000082 (0010000081) : 50501.60088623829 
0055000083 (0045000082) : 53776.62913309852 
0053000084 (0055000083) : 53903.55075453725 
0079000085 (0053000084) : 54035.62857961857 
0023000086 (0079000085) : 54135.16841243048 
0081000087 (0023000086) : 56579.001353878906 
0022000088 (0081000087) : 56763.28516574397 
0030000089 (0022000088) : 57297.98876842174 
0023000090 (0030000089) : 58171.30785647865 
0037000091 (0023000090) : 58181.906814153415 
0039000092 (0037000091) : 58506.540346905975 
0043000093 (0039000092) : 58968.966661308135 
0045000094 (0043000093) : 59060.81927571065 
0089000095 (0045000094) : 59684.93894723271 
0039000096 (0089000095) : 60226.307495232046 
0083000097 (0039000096) : 61737.42387432535 
0093000098 (0083000097) : 62032.19958148476 
0091000099 (0093000098) : 62153.33271187671 
0041000100 (0091000099) : 62375.64018347737 
0022000101 (0041000100) : 62387.596941540396 
0035000102 (0022000101) : 62820.17362231755 
0026000103 (0035000102) : 63309.16851204691 
0023000104 (0026000103) : 64190.704029860695 
0085000105 (0023000104) : 64400.94569874887 
0081000106 (0085000105) : 64428.19594123654 
0050000107 (0081000106) : 65228.84423378167 
0037000108 (0050000107) : 65298.99006781829 
0059000109 (0037000108) : 67367.309453941 
0031000110 (0059000109) : 68927.83613529257 
0049000111 (0031000110) : 69454.46255005902 
0045000112 (0049000111) : 69458.58377962915 
0018000113 (0045000112) : 69646.58292342898 
0023000114 (0018000113) : 70277.73107885067 
0096000115 (0023000114) : 70320.2778595384 
0011000116 (0096000115) : 70597.91205634011 
0098000117 (0011000116) : 71496.77694183572 
0077000118 (0098000117) : 72499.21969389038 
0040000119 (0077000118) : 72499.48156820194 
0084000120 (0040000119) : 73616.70945789227 
0090000121 (0084000120) : 73830.65962058054 
0001000122 (0090000121) : 74472.25502524273 
0087000123 (0001000122) : 77280.25523304752 
0006000124 (0087000123) : 77675.89318355496 
0023000125 (0006000124) : 78256.92408795835 
0056000126 (0023000125) : 78493.36229636378 
0038000127 (0056000126) : 79015.49164798252 
0070000128 (0038000127) : 79098.29399428959 
0014000129 (0070000128) : 79557.28973847958 
0069000130 (0014000129) : 79939.4940205695 
0088000131 (0069000130) : 80546.26613938637 
0072000132 (0088000131) : 80654.42429361636 
0074000133 (0072000132) : 80803.7076793847 
0024000134 (0074000133) : 81735.81359885995 
0073000135 (0024000134) : 81927.00929496466 
0070000136 (0073000135) : 82676.50666552436 
0098000137 (0070000136) : 82732.16899912234 
0013000138 (0098000137) : 82921.07810472487 
0023000139 (0013000138) : 83323.36191160389 
0096000140 (0023000139) : 83798.78729558707 
0033000141 (0096000140) : 84445.69199200127 
0030000142 (0033000141) : 84864.553808839 
0009000143 (0030000142) : 85436.07810360084 
0042000144 (0009000143) : 85533.24679644851 
0018000145 (0042000144) : 85910.50521804701 
0063000146 (0018000145) : 86117.93802060766 
0014000147 (0063000146) : 86466.57107250985 
0026000148 (0014000147) : 89028.69161269604 
0002000149 (0026000148) : 89515.26075922682 
0016000150 (0002000149) : 89836.77733961043 
0044000151 (0016000150) : 89867.93479867965 
0099000152 (0044000151) : 90619.7241206044 
0001000153 (0099000152) : 90919.78876200264 
0058000154 (0001000153) : 90983.3960660863 
0096000155 (0058000154) : 91391.33828312186 
0023000156 (0096000155) : 93325.51417362363 
0053000157 (0023000156) : 93431.46567549666 
0085000158 (0053000157) : 93651.97906219032 
0043000159 (0085000158) : 94009.13770179967 
0067000160 (0043000159) : 94220.39857239503 
0085000161 (0067000160) : 95333.26774254421 
0029000162 (0085000161) : 95866.01780595249 
0067000163 (0029000162) : 96849.56241724273 
0032000164 (0067000163) : 97030.21884387765 
0001000165 (0032000164) : 98896.30523167054 
0002000166 (0001000165) : 99635.88320738515 
0023000167 (0002000166) : 99826.37407216201 
