0000000000 (genesis block) : 0 
0023000001 (0000000000) : 382.99775331550086 
0072000002 (0023000001) : 693.3177177462276 
0025000003 (0072000002) : 1164.2906610450764 
0076000004 (0025000003) : 1307.368129526599 
0003000005 (0076000004) : 1808.4891979087079 
0035000006 (0003000005) : 2647.6298804167104 
0010000007 (0035000006) : 3066.4893315468958 
0026000008 (0010000007) : 3082.2667525902775 
0048000009 (0026000008) : 3308.267520444314 
0022000010 (0048000009) : 3550.296908164033 
0031000011 (0022000010) : 4287.877894236169 
0045000012 (0031000011) : 5127.058246139526 
0086000013 (0045000012) : 6639.1795702044965 
0050000014 (0086000013) : 7432.058196349751 
0078000015 (0050000014) : 7682.737101601364 
0049000016 (0078000015) : 7714.043879137707 
0087000017 (0049000016) : 8129.688987968491 
0000000018 (0087000017) : 8462.657972370469 
0009000019 (0000000018) : 8836.753837124981 
0016000020 (0009000019) : 9080.564279651417 
0063000021 (0016000020) : 10088.867052133326 
0023000022 (0063000021) : 10419.295735397069 
0092000023 (0023000022) : 10470.709826403878 
0061000024 (0092000023) : 10550.696524070245 
0017000025 (0061000024) : 10806.322626645924 
0088000026 (0017000025) : 11452.433234272527 
0023000027 (0088000026) : 11960.283486680173 
0001000028 (0023000027) : 12269.436786217026 
0030000029 (0001000028) : 14501.189985109186 
0040000030 (0030000029) : 15673.798898646985 
0071000031 (0040000030) : 16869.50371881266 
0023000032 (0071000031) : 17121.857747263766 
0024000033 (0023000032) : 17596.038337641563 
0095000034 (0024000033) : 18244.593351933047 
0088000035 (0095000034) : 19221.67203600379 
0018000036 (0088000035) : 20304.077347224007 
0038000037 (0018000036) : 20351.60513092808 
0080000038 (0038000037) : 20753.312605469677 
0074000039 (0080000038) : 21055.63299547588 
0090000040 (0074000039) : 21209.965440296884 
0080000041 (0090000040) : 22284.772431652756 
0099000042 (0080000041) : 22645.039353460026 
0060000043 (0099000042) : 26117.86878964357 
0012000044 (0060000043) : 26872.10326231579 
0023000045 (0012000044) : 27437.147357178597 
0089000046 (0023000045) : 27598.054466347305 
0004000047 (0089000046) : 28641.615019836452 
0093000048 (0004000047) : 29340.38106767139 
0023000049 (0093000048) : 29729.986246164222 
0076000050 (0023000049) : 30331.842765978843 
0032000051 (0076000050) : 31104.541717473072 
0023000052 (0032000051) : 32641.56201658134 
0074000053 (0023000052) : 32659.064955097863 
0042000054 (0074000053) : 34280.98300740105 
0097000055 (0042000054) : 34656.130052308115 
0038000056 (0097000055) : 34788.14109043033 
0035000057 (0038000056) : 34853.82987641256 
0071000058 (0035000057) : 35066.74344904763 
0068000059 (0071000058) : 35917.001554646944 
0018000060 (0068000059) : 36140.35862888682 
0040000061 (0018000060) : 36401.96992319964 
0075000062 (0040000061) : 38032.681852803245 
0017000063 (0075000062) : 38107.35738373877 
0032000064 (0017000063) : 38168.042473612324 
0080000065 (0032000064) : 39058.98413109138 
0012000066 (0080000065) : 40061.22795899481 
0073000067 (0012000066) : 42129.09979773655 
0058000068 (0073000067) : 42664.47947581197 
0047000069 (0058000068) : 43189.47909122879 
0081000070 (0047000069) : 44595.77932954538 
0011000071 (0081000070) : 45334.877307253584 
0049000072 (0011000071) : 45453.75110606297 
0023000073 (0049000072) : 46755.59087350619 
0049000074 (0023000073) : 47969.59317817943 
0093000075 (0049000074) : 48708.94334901755 
0028000076 (0093000075) : 49126.846107979065 
0023000077 (0028000076) : 49668.313595246946 
0076000078 (0023000077) : 50014.81015513365 
0014000079 (0076000078) : 50021.110709188884 
0060000080 (0014000079) : 50264.18291784081 
0010000081 (0060000080) : 50360.48497358031 
0045000082 (0010000081) : 50501.50530559961 
0055000083 (0045000082) : 53776.25103743106 
0053000084 (0055000083) : 53903.4517714689 
0079000085 (0053000084) : 54035.84406400028 
0023000086 (0079000085) : 54135.18445018076 
0081000087 (0023000086) : 56579.038343316024 
0022000088 (0081000087) : 56763.64352379426 
0030000089 (0022000088) : 57298.09326448211 
0023000090 (0030000089) : 58171.32583455805 
0037000091 (0023000090) : 58182.020815708485 
0039000092 (0037000091) : 58506.92369535327 
0043000093 (0039000092) : 58968.8722224785 
0045000094 (0043000093) : 59060.72533686676 
0089000095 (0045000094) : 59684.98325152183 
0039000096 (0089000095) : 60226.68888702988 
0083000097 (0039000096) : 61738.03907622687 
0093000098 (0083000097) : 62032.49087107023 
0091000099 (0093000098) : 62153.43930536128 
0041000100 (0091000099) : 62375.75190890419 
0022000101 (0041000100) : 62387.952378066126 
0035000102 (0022000101) : 62820.076083069944 
0026000103 (0035000102) : 63309.45558215535 
0023000104 (0026000103) : 64190.71787566504 
0085000105 (0023000104) : 64401.23131016541 
0081000106 (0085000105) : 64428.23366489208 
0050000107 (0081000106) : 65228.833318606754 
0037000108 (0050000107) : 65299.11020471768 
0059000109 (0037000108) : 67367.24758559471 
0031000110 (0059000109) : 68927.51206855381 
0049000111 (0031000110) : 69454.64423432955 
0045000112 (0049000111) : 69458.49146338025 
0018000113 (0045000112) : 69646.4994501354 
0023000114 (0018000113) : 70277.75082056895 
0096000115 (0023000114) : 70320.49667336029 
0011000116 (0096000115) : 70597.81898947692 
0098000117 (0011000116) : 71496.68408909724 
0077000118 (0098000117) : 72498.86094471323 
0040000119 (0077000118) : 72499.76824376023 
0084000120 (0040000119) : 73616.90592790036 
0090000121 (0084000120) : 73830.71083117479 
0001000122 (0090000121) : 74472.16711475948 
0087000123 (0001000122) : 77280.30613026161 
0006000124 (0087000123) : 77676.5128168224 
0023000125 (0006000124) : 78256.94231915723 
0056000126 (0023000125) : 78493.03985815884 
0038000127 (0056000126) : 79015.8334117249 
0070000128 (0038000127) : 79098.4006358563 
0014000129 (0070000128) : 79557.20080289847 
0069000130 (0014000129) : 79939.87843284965 
0088000131 (0069000130) : 80546.1728083549 
0072000132 (0088000131) : 80654.60591977458 
0074000133 (0072000132) : 80803.33710461327 
0024000134 (0074000133) : 81735.87689346692 
0073000135 (0024000134) : 81926.63798130372 
0070000136 (0073000135) : 82676.61154880158 
0098000137 (0070000136) : 82732.07567331257 
0013000138 (0098000137) : 82921.27789138151 
0023000139 (0013000138) : 83323.38025471271 
0096000140 (0023000139) : 83799.01444310344 
0033000141 (0096000140) : 84445.71334938021 
0030000142 (0033000141) : 84864.66446534012 
0009000143 (0030000142) : 85436.18383189439 
0042000144 (0009000143) : 85533.02875178182 
0018000145 (0042000144) : 85910.42277944871 
0063000146 (0018000145) : 86117.97482632636 
0014000147 (0063000146) : 86466.48395532295 
0026000148 (0014000147) : 89028.98198818372 
0002000149 (0026000148) : 89515.73374659417 
0016000150 (0002000149) : 89836.51814571969 
0044000151 (0016000150) : 89868.27556001718 
0099000152 (0044000151) : 90620.10255372964 
0001000153 (0099000152) : 90919.70411424685 
0058000154 (0001000153) : 90983.30593071457 
0096000155 (0058000154) : 91391.5611123571 
0023000156 (0096000155) : 93325.53358273944 
0053000157 (0023000156) : 93431.3693743345 
0085000158 (0053000157) : 93652.26388660564 
0043000159 (0085000158) : 94009.04137929507 
0067000160 (0043000159) : 94220.08539154344 
0085000161 (0067000160) : 95333.55228893703 
0029000162 (0085000161) : 95865.74474613137 
0067000163 (0029000162) : 96849.25489111994 
0032000164 (0067000163) : 97030.52175467268 
0001000165 (0032000164) : 98896.22498717364 
0002000166 (0001000165) : 99636.3522953436 
0023000167 (0002000166) : 99826.38999540951 
