0000000000 (genesis block) : 0 
0023000001 (0000000000) : 383.1571920923028 
0072000002 (0023000001) : 693.3044834643724 
0025000003 (0072000002) : 1164.4712616006998 
0076000004 (0025000003) : 1307.1140914242312 
0003000005 (0076000004) : 1808.4227965972336 
0035000006 (0003000005) : 2647.7036327911565 
0010000007 (0035000006) : 3066.8024913650247 
0026000008 (0010000007) : 3081.910444479312 
0048000009 (0026000008) : 3308.25537410816 
0022000010 (0048000009) : 3550.169482642354 
0031000011 (0022000010) : 4288.3404730003285 
0045000012 (0031000011) : 5127.285930664744 
0086000013 (0045000012) : 6639.185191821339 
0050000014 (0086000013) : 7432.247634839597 
0078000015 (0050000014) : 7682.601026301515 
0049000016 (0078000015) : 7713.926851123875 
0087000017 (0049000016) : 8129.856315108849 
0000000018 (0087000017) : 8462.303254752036 
0009000019 (0000000018) : 8836.792270700147 
0016000020 (0009000019) : 9080.806645892299 
0063000021 (0016000020) : 10088.761815556792 
0023000022 (0063000021) : 10419.456393241577 
0092000023 (0023000022) : 10470.576346029906 
0061000024 (0092000023) : 10550.86205532614 
0017000025 (0061000024) : 10806.397680840939 
0088000026 (0017000025) : 11452.494428712189 
0023000027 (0088000026) : 11960.440966945836 
0001000028 (0023000027) : 12269.701873678192 
0030000029 (0001000028) : 14501.190725747103 
0040000030 (0030000029) : 15673.665936423355 
0071000031 (0040000030) : 16869.744208735192 
0023000032 (0071000031) : 17122.01710747469 
0024000033 (0023000032) : 17596.066684141388 
0095000034 (0024000033) : 18244.622555178015 
0088000035 (0095000034) : 19221.7322364132 
0018000036 (0088000035) : 20304.091927834623 
0038000037 (0018000036) : 20351.777979103244 
0080000038 (0038000037) : 20753.34543022121 
0074000039 (0080000038) : 21056.19010766092 
0090000040 (0074000039) : 21210.162601910924 
0080000041 (0090000040) : 22284.80089597478 
0099000042 (0080000041) : 22644.738802296586 
0060000043 (0099000042) : 26117.89733688913 
0012000044 (0060000043) : 26871.8458684812 
0023000045 (0012000044) : 27437.30614337554 
0089000046 (0023000045) : 27597.938481533347 
0004000047 (0089000046) : 28641.75168349718 
0093000048 (0004000047) : 29340.025380210234 
0023000049 (0093000048) : 29730.15034060592 
0076000050 (0023000049) : 30331.591198155027 
0032000051 (0076000050) : 31104.449107433065 
0023000052 (0032000051) : 32641.720732976908 
0074000053 (0023000052) : 32659.619832058037 
0042000054 (0074000053) : 34281.29999153922 
0097000055 (0042000054) : 34656.16112915887 
0038000056 (0097000055) : 34788.313926922594 
0035000057 (0038000056) : 34853.907667475 
0071000058 (0035000057) : 35066.98247731757 
0068000059 (0071000058) : 35916.96574388726 
0018000060 (0068000059) : 36140.371753389685 
0040000061 (0018000060) : 36401.83285470396 
0075000062 (0040000061) : 38032.872626542725 
0017000063 (0075000062) : 38107.43553102547 
0032000064 (0017000063) : 38167.947411209854 
0080000065 (0032000064) : 39059.013593641466 
0012000066 (0080000065) : 40060.97498966372 
0073000067 (0012000066) : 42129.64713886652 
0058000068 (0073000067) : 42664.50449763682 
0047000069 (0058000068) : 43189.4948943578 
0081000070 (0047000069) : 44596.01398309425 
0011000071 (0081000070) : 45335.103615945845 
0049000072 (0011000071) : 45453.63483814563 
0023000073 (0049000072) : 46755.74960724215 
0049000074 (0023000073) : 47969.476237997966 
0093000075 (0049000074) : 48708.5890487926 
0028000076 (0093000075) : 49126.049845375936 
0023000077 (0028000076) : 49668.47434548673 
0076000078 (0023000077) : 50014.55543250628 
0014000079 (0076000078) : 50021.17453961918 
0060000080 (0014000079) : 50264.21750312974 
0010000081 (0060000080) : 50360.803000287735 
0045000082 (0010000081) : 50501.73540555837 
0055000083 (0045000082) : 53776.77470877234 
0053000084 (0055000083) : 53903.6865892315 
0079000085 (0053000084) : 54036.038802569456 
0023000086 (0079000085) : 54135.346302204154 
0081000087 (0023000086) : 56579.2755232619 
0022000088 (0081000087) : 56763.510613240695 
0030000089 (0022000088) : 57298.09253744232 
0023000090 (0030000089) : 58171.48656060347 
0037000091 (0023000090) : 58181.837685786086 
0039000092 (0037000091) : 58506.81459356817 
0043000093 (0039000092) : 58969.14462964819 
0045000094 (0043000093) : 59060.95395875363 
0089000095 (0045000094) : 59684.870213987975 
0039000096 (0089000095) : 60226.581691025975 
0083000097 (0039000096) : 61737.9317130924 
0093000098 (0083000097) : 62032.13361733451 
0091000099 (0093000098) : 62153.48430091234 
0041000100 (0091000099) : 62375.59933691508 
0022000101 (0041000100) : 62387.81999591101 
0035000102 (0022000101) : 62820.15413150879 
0026000103 (0035000102) : 63309.102844473404 
0023000104 (0026000103) : 64190.88435055803 
0085000105 (0023000104) : 64401.19571304966 
0081000106 (0085000105) : 64428.471766052084 
0050000107 (0081000106) : 65229.02334226011 
0037000108 (0050000107) : 65298.923160933846 
0059000109 (0037000108) : 67367.34641563501 
0031000110 (0059000109) : 68927.97967365567 
0049000111 (0031000110) : 69454.5289084147 
0045000112 (0049000111) : 69458.7222858158 
0018000113 (0045000112) : 69646.51603242414 
0023000114 (0018000113) : 70277.90921799891 
0096000115 (0023000114) : 70320.07881644837 
0011000116 (0096000115) : 70598.0460279114 
0098000117 (0011000116) : 71496.91101725084 
0077000118 (0098000117) : 72499.2196713848 
0040000119 (0077000118) : 72499.63260264619 
0084000120 (0040000119) : 73616.93634023714 
0090000121 (0084000120) : 73830.90847113299 
0001000122 (0090000121) : 74472.43463234707 
0087000123 (0001000122) : 77280.46835288733 
0006000124 (0087000123) : 77676.40347784171 
0023000125 (0006000124) : 78257.10418945429 
0056000126 (0023000125) : 78493.54055070692 
0038000127 (0056000126) : 79015.99843867203 
0070000128 (0038000127) : 79098.22902873733 
0014000129 (0070000128) : 79557.26395240719 
0069000130 (0014000129) : 79939.7713861641 
0088000131 (0069000130) : 80546.23749392053 
0072000132 (0088000131) : 80654.59189683199 
0074000133 (0072000132) : 80803.88713860772 
0024000134 (0074000133) : 81735.90676958118 
0073000135 (0024000134) : 81927.1912602075 
0070000136 (0073000135) : 82676.43956507862 
0098000137 (0070000136) : 82732.30185199072 
0013000138 (0098000137) : 82921.22880528109 
0023000139 (0013000138) : 83323.53959215213 
0096000140 (0023000139) : 83798.59531606302 
0033000141 (0096000140) : 84445.82156683007 
0030000142 (0033000141) : 84864.65830694471 
0009000143 (0030000142) : 85436.22679811178 
0042000144 (0009000143) : 85533.344343102 
0018000145 (0042000144) : 85910.43849323915 
0063000146 (0018000145) : 86117.87162207809 
0014000147 (0063000146) : 86466.5485320361 
0026000148 (0014000147) : 89028.62636722371 
0002000149 (0026000148) : 89515.50618007258 
0016000150 (0002000149) : 89836.75915971273 
0044000151 (0016000150) : 89868.18319619329 
0099000152 (0044000151) : 90619.8051504518 
0001000153 (0099000152) : 90919.96861686191 
0058000154 (0001000153) : 90983.33339078525 
0096000155 (0058000154) : 91391.14257276517 
0023000156 (0096000155) : 93325.69359490773 
0053000157 (0023000156) : 93431.60432534284 
0085000158 (0053000157) : 93652.23016908107 
0043000159 (0085000158) : 94009.31617680978 
0067000160 (0043000159) : 94220.57944042755 
0085000161 (0067000160) : 95333.51664576924 
0029000162 (0085000161) : 95866.17647925996 
0067000163 (0029000162) : 96849.7433165565 
0032000164 (0067000163) : 97030.43307285449 
0001000165 (0032000164) : 98896.48410212806 
0002000166 (0001000165) : 99636.1251718351 
0023000167 (0002000166) : 99826.55251549244 
