0000000000 (genesis block) : 0 
0023000001 (0000000000) : 382.9775809568118 
0072000002 (0023000001) : 693.2413498427695 
0025000003 (0072000002) : 1164.2625454205631 
0076000004 (0025000003) : 1307.154147544907 
0003000005 (0076000004) : 1808.530814088352 
0035000006 (0003000005) : 2647.540409104826 
0010000007 (0035000006) : 3066.6982774741714 
0026000008 (0010000007) : 3081.949205544634 
0048000009 (0026000008) : 3308.1183949484357 
0022000010 (0048000009) : 3549.8623621779093 
0031000011 (0022000010) : 4288.028829661154 
0045000012 (0031000011) : 5126.969950285872 
0086000013 (0045000012) : 6639.007101281415 
0050000014 (0086000013) : 7431.976221535608 
0078000015 (0050000014) : 7682.44854147088 
0049000016 (0078000015) : 7713.955232300598 
0087000017 (0049000016) : 8129.550697685377 
0000000018 (0087000017) : 8462.341898427341 
0009000019 (0000000018) : 8836.358388558694 
0016000020 (0009000019) : 9080.640222494552 
0063000021 (0016000020) : 10088.789937292824 
0023000022 (0063000021) : 10419.275925515662 
0092000023 (0023000022) : 10470.423578297632 
0061000024 (0092000023) : 10550.674309566599 
0017000025 (0061000024) : 10806.233080536507 
0088000026 (0017000025) : 11452.279876613997 
0023000027 (0088000026) : 11960.262900898948 
0001000028 (0023000027) : 12269.522904939331 
0030000029 (0001000028) : 14501.10114288755 
0040000030 (0030000029) : 15673.48720542465 
0071000031 (0040000030) : 16869.277171455316 
0023000032 (0071000031) : 17121.838981266766 
0024000033 (0023000032) : 17596.00955611826 
0095000034 (0024000033) : 18244.570700513585 
0088000035 (0095000034) : 19221.52314016816 
0018000036 (0088000035) : 20304.034820889858 
0038000037 (0018000036) : 20351.604195117936 
0080000038 (0038000037) : 20753.16111857657 
0074000039 (0080000038) : 21055.824135965264 
0090000040 (0074000039) : 21209.88851129246 
0080000041 (0090000040) : 22284.622948796085 
0099000042 (0080000041) : 22644.72679438232 
0060000043 (0099000042) : 26117.782493668197 
0012000044 (0060000043) : 26871.709765477048 
0023000045 (0012000044) : 27437.12786553544 
0089000046 (0023000045) : 27597.967877934596 
0004000047 (0089000046) : 28641.52970359073 
0093000048 (0004000047) : 29340.069533880705 
0023000049 (0093000048) : 29729.973503949313 
0076000050 (0023000049) : 30331.62969360199 
0032000051 (0076000050) : 31104.311509988453 
0023000052 (0032000051) : 32641.542829084425 
0074000053 (0023000052) : 32659.259175936684 
0042000054 (0074000053) : 34281.10453427885 
0097000055 (0042000054) : 34656.04537507569 
0038000056 (0097000055) : 34788.12990058746 
0035000057 (0038000056) : 34853.74298497655 
0071000058 (0035000057) : 35066.517124246784 
0068000059 (0071000058) : 35916.78943134893 
0018000060 (0068000059) : 36140.32170733776 
0040000061 (0018000060) : 36401.65282901315 
0075000062 (0040000061) : 38032.478064056595 
0017000063 (0075000062) : 38107.27022590279 
0032000064 (0017000063) : 38167.81206221606 
0080000065 (0032000064) : 39058.83488082009 
0012000066 (0080000065) : 40060.836279181894 
0073000067 (0012000066) : 42129.29022248457 
0058000068 (0073000067) : 42664.577426752316 
0047000069 (0058000068) : 43189.30681760528 
0081000070 (0047000069) : 44595.69104831265 
0011000071 (0081000070) : 45334.797590429815 
0049000072 (0011000071) : 45453.665797907735 
0023000073 (0049000072) : 46755.571477114085 
0049000074 (0023000073) : 47969.504969122085 
0093000075 (0049000074) : 48708.626936212175 
0028000076 (0093000075) : 49126.53430279973 
0023000077 (0028000076) : 49668.295776332365 
0076000078 (0023000077) : 50014.595693702824 
0014000079 (0076000078) : 50020.90799781553 
0060000080 (0014000079) : 50264.09990950531 
0010000081 (0060000080) : 50360.697699342876 
0045000082 (0010000081) : 50501.41791431899 
0055000083 (0045000082) : 53776.34045998618 
0053000084 (0055000083) : 53903.3673880101 
0079000085 (0053000084) : 54035.754275250416 
0023000086 (0079000085) : 54135.166988690005 
0081000087 (0023000086) : 56578.95310625199 
0022000088 (0081000087) : 56763.20457837926 
0030000089 (0022000088) : 57298.00581359137 
0023000090 (0030000089) : 58171.30888239408 
0037000091 (0023000090) : 58181.88226275231 
0039000092 (0037000091) : 58506.636524803405 
0043000093 (0039000092) : 58968.96548878624 
0045000094 (0043000093) : 59060.63874569914 
0089000095 (0045000094) : 59684.89709953532 
0039000096 (0089000095) : 60226.400479535936 
0083000097 (0039000096) : 61737.752382219536 
0093000098 (0083000097) : 62032.17173697124 
0091000099 (0093000098) : 62153.041492793775 
0041000100 (0091000099) : 62375.59939157097 
0022000101 (0041000100) : 62387.51573397967 
0035000102 (0022000101) : 62819.99063768644 
0026000103 (0035000102) : 63309.13963878495 
0023000104 (0026000103) : 64190.704818783095 
0085000105 (0023000104) : 64401.04347720533 
0081000106 (0085000105) : 64428.14422628611 
0050000107 (0081000106) : 65228.74633744862 
0037000108 (0050000107) : 65298.9658986248 
0059000109 (0037000108) : 67367.15286570814 
0031000110 (0059000109) : 68927.65641533391 
0049000111 (0031000110) : 69454.55534320185 
0045000112 (0049000111) : 69458.40259518918 
0018000113 (0045000112) : 69646.460429309 
0023000114 (0018000113) : 70277.73010065229 
0096000115 (0023000114) : 70320.18498768385 
0011000116 (0096000115) : 70597.73324177654 
0098000117 (0011000116) : 71496.59744464788 
0077000118 (0098000117) : 72499.05128674509 
0040000119 (0077000118) : 72499.45183620365 
0084000120 (0040000119) : 73616.84507786276 
0090000121 (0084000120) : 73830.63354704244 
0001000122 (0090000121) : 74472.25328530461 
0087000123 (0001000122) : 77280.16686772094 
0006000124 (0087000123) : 77676.22391783875 
0023000125 (0006000124) : 78256.92586905295 
0056000126 (0023000125) : 78493.36172955616 
0038000127 (0056000126) : 79015.81915716683 
0070000128 (0038000127) : 79098.26626417323 
0014000129 (0070000128) : 79556.99787320719 
0069000130 (0014000129) : 79939.58763321485 
0088000131 (0069000130) : 80546.0208450896 
0072000132 (0088000131) : 80654.52304540161 
0074000133 (0072000132) : 80803.52593650806 
0024000134 (0074000133) : 81735.852194951 
0073000135 (0024000134) : 81926.82671742489 
0070000136 (0073000135) : 82676.4791301669 
0098000137 (0070000136) : 82731.99014800097 
0013000138 (0098000137) : 82920.87934021535 
0023000139 (0013000138) : 83323.35961024521 
0096000140 (0023000139) : 83798.7027123102 
0033000141 (0096000140) : 84445.60746231841 
0030000142 (0033000141) : 84864.5782589949 
0009000143 (0030000142) : 85435.79052211456 
0042000144 (0009000143) : 85533.14742763714 
0018000145 (0042000144) : 85910.3840656287 
0063000146 (0018000145) : 86117.89823541422 
0014000147 (0063000146) : 86466.27733775094 
0026000148 (0014000147) : 89028.66487082177 
0002000149 (0026000148) : 89515.37090213902 
0016000150 (0002000149) : 89836.59453308012 
0044000151 (0016000150) : 89868.04430766519 
0099000152 (0044000151) : 90619.79518676807 
0001000153 (0099000152) : 90919.79083054134 
0058000154 (0001000153) : 90983.40699902843 
0096000155 (0058000154) : 91391.2527836357 
0023000156 (0096000155) : 93325.51376906672 
0053000157 (0023000156) : 93431.28279574818 
0085000158 (0053000157) : 93652.07459900124 
0043000159 (0085000158) : 94009.13616526697 
0067000160 (0043000159) : 94220.21139442259 
0085000161 (0067000160) : 95333.36541980635 
0029000162 (0085000161) : 95865.83527497592 
0067000163 (0029000162) : 96849.37986049075 
0032000164 (0067000163) : 97030.29352572659 
0001000165 (0032000164) : 98896.30764195032 
0002000166 (0001000165) : 99635.98674534712 
0023000167 (0002000166) : 99826.37691102125 
