0000000000 (genesis block) : 0 
0023000001 (0000000000) : 383.0751406137323 
0072000002 (0023000001) : 693.2587188620109 
0025000003 (0072000002) : 1164.4785665698762 
0076000004 (0025000003) : 1307.166152674449 
0003000005 (0076000004) : 1808.3088164005844 
0035000006 (0003000005) : 2647.7563086042383 
0010000007 (0035000006) : 3066.6093672987913 
0026000008 (0010000007) : 3082.076919928579 
0048000009 (0026000008) : 3307.937651089786 
0022000010 (0048000009) : 3550.0604977140943 
0031000011 (0022000010) : 4288.204471267326 
0045000012 (0031000011) : 5127.1865735861475 
0086000013 (0045000012) : 6638.845005450206 
0050000014 (0086000013) : 7432.190997815362 
0078000015 (0050000014) : 7682.355277966599 
0049000016 (0078000015) : 7713.683713582926 
0087000017 (0049000016) : 8129.766572764293 
0000000018 (0087000017) : 8462.46799221277 
0009000019 (0000000018) : 8836.85362799591 
0016000020 (0009000019) : 9080.646598529753 
0063000021 (0016000020) : 10088.740182939318 
0023000022 (0063000021) : 10419.371034923432 
0092000023 (0023000022) : 10470.20598383018 
0061000024 (0092000023) : 10550.637112389513 
0017000025 (0061000024) : 10806.39708302467 
0088000026 (0017000025) : 11452.211724492554 
0023000027 (0088000026) : 11960.362541014103 
0001000028 (0023000027) : 12269.765338612197 
0030000029 (0001000028) : 14501.206393432167 
0040000030 (0030000029) : 15673.759579176965 
0071000031 (0040000030) : 16869.588002713233 
0023000032 (0071000031) : 17121.933462094377 
0024000033 (0023000032) : 17595.558016140425 
0095000034 (0024000033) : 18244.14773159886 
0088000035 (0095000034) : 19221.451542040886 
0018000036 (0088000035) : 20304.035441794054 
0038000037 (0018000036) : 20351.6775055117 
0080000038 (0038000037) : 20753.123811064303 
0074000039 (0080000038) : 21056.03992988414 
0090000040 (0074000039) : 21209.862673833766 
0080000041 (0090000040) : 22284.585354914347 
0099000042 (0080000041) : 22644.77659551547 
0060000043 (0099000042) : 26117.449420938025 
0012000044 (0060000043) : 26871.75859332401 
0023000045 (0012000044) : 27437.21957517586 
0089000046 (0023000045) : 27597.91049109546 
0004000047 (0089000046) : 28641.66323785613 
0093000048 (0004000047) : 29340.217151918314 
0023000049 (0093000048) : 29730.067737193956 
0076000050 (0023000049) : 30331.648255853594 
0032000051 (0076000050) : 31104.358846823827 
0023000052 (0032000051) : 32641.637103449462 
0074000053 (0023000052) : 32659.472169742407 
0042000054 (0074000053) : 34281.042337462684 
0097000055 (0042000054) : 34655.56141056451 
0038000056 (0097000055) : 34788.21452708976 
0035000057 (0038000056) : 34853.96029284581 
0071000058 (0035000057) : 35066.82430272764 
0068000059 (0071000058) : 35917.03015571724 
0018000060 (0068000059) : 36140.3211710142 
0040000061 (0018000060) : 36401.92433317893 
0075000062 (0040000061) : 38032.25425372979 
0017000063 (0075000062) : 38107.44153621356 
0032000064 (0017000063) : 38167.85654555628 
0080000065 (0032000064) : 39058.79790054054 
0012000066 (0080000065) : 40060.885315106345 
0073000067 (0012000066) : 42129.427186696485 
0058000068 (0073000067) : 42664.353240123004 
0047000069 (0058000068) : 43189.31214290679 
0081000070 (0047000069) : 44595.9094423045 
0011000071 (0081000070) : 45335.01209437252 
0049000072 (0011000071) : 45453.39527223782 
0023000073 (0049000072) : 46755.66292366122 
0049000074 (0023000073) : 47969.229428984356 
0093000075 (0049000074) : 48708.778971321255 
0028000076 (0093000075) : 49126.686401975414 
0023000077 (0028000076) : 49668.392042162624 
0076000078 (0023000077) : 50014.607977295076 
0014000079 (0076000078) : 50020.89404235208 
0060000080 (0014000079) : 50263.75917778606 
0010000081 (0060000080) : 50360.60652213435 
0045000082 (0010000081) : 50501.6347964984 
0055000083 (0045000082) : 53776.62486116507 
0053000084 (0055000083) : 53903.305064024695 
0079000085 (0053000084) : 54035.5288860595 
0023000086 (0079000085) : 54135.26027209112 
0081000087 (0023000086) : 56579.17044968121 
0022000088 (0081000087) : 56763.400984861466 
0030000089 (0022000088) : 57298.10954038124 
0023000090 (0030000089) : 58171.39962305334 
0037000091 (0023000090) : 58181.8983624035 
0039000092 (0037000091) : 58506.65347729116 
0043000093 (0039000092) : 58969.08988076671 
0045000094 (0043000093) : 59060.86105172667 
0089000095 (0045000094) : 59684.842641473115 
0039000096 (0089000095) : 60226.42538730883 
0083000097 (0039000096) : 61737.83743035043 
0093000098 (0083000097) : 62032.32773532247 
0091000099 (0093000098) : 62153.567945899194 
0041000100 (0091000099) : 62375.31297443553 
0022000101 (0041000100) : 62387.71492910196 
0035000102 (0022000101) : 62820.21721740588 
0026000103 (0035000102) : 63309.26846960539 
0023000104 (0026000103) : 64190.79660941456 
0085000105 (0023000104) : 64400.896513893145 
0081000106 (0085000105) : 64428.362053707606 
0050000107 (0081000106) : 65228.9625821638 
0037000108 (0050000107) : 65298.981363849896 
0059000109 (0037000108) : 67367.12328792056 
0031000110 (0059000109) : 68927.83807850469 
0049000111 (0031000110) : 69454.28849719412 
0045000112 (0049000111) : 69458.621515069 
0018000113 (0045000112) : 69646.46069926448 
0023000114 (0018000113) : 70277.82772993785 
0096000115 (0023000114) : 70320.09636800173 
0011000116 (0096000115) : 70597.95211813546 
0098000117 (0011000116) : 71496.81332940373 
0077000118 (0098000117) : 72498.80654882557 
0040000119 (0077000118) : 72499.72460725617 
0084000120 (0040000119) : 73616.29531090838 
0090000121 (0084000120) : 73830.60734041467 
0001000122 (0090000121) : 74472.50004817777 
0087000123 (0001000122) : 77280.38040094281 
0006000124 (0087000123) : 77676.28400076002 
0023000125 (0006000124) : 78257.01700705948 
0056000126 (0023000125) : 78493.1635681652 
0038000127 (0056000126) : 79015.91048272273 
0070000128 (0038000127) : 79098.2750974935 
0014000129 (0070000128) : 79556.98006025712 
0069000130 (0014000129) : 79939.73700660064 
0088000131 (0069000130) : 80545.95100337731 
0072000132 (0088000131) : 80654.54436097933 
0074000133 (0072000132) : 80803.74339715682 
0024000134 (0074000133) : 81735.39665971095 
0073000135 (0024000134) : 81926.96059000609 
0070000136 (0073000135) : 82676.48758042244 
0098000137 (0070000136) : 82732.20543744626 
0013000138 (0098000137) : 82921.32276206076 
0023000139 (0013000138) : 83323.4550053321 
0096000140 (0023000139) : 83798.61343819958 
0033000141 (0096000140) : 84445.59536572012 
0030000142 (0033000141) : 84864.67381784601 
0009000143 (0030000142) : 85436.2838915656 
0042000144 (0009000143) : 85533.08560578791 
0018000145 (0042000144) : 85910.38568040752 
0063000146 (0018000145) : 86117.84779448868 
0014000147 (0063000146) : 86466.26291251465 
0026000148 (0014000147) : 89028.79429968385 
0002000149 (0026000148) : 89515.41603059541 
0016000150 (0002000149) : 89836.59918389916 
0044000151 (0016000150) : 89868.09133548429 
0099000152 (0044000151) : 90619.84380395991 
0001000153 (0099000152) : 90920.03325422692 
0058000154 (0001000153) : 90983.1809859291 
0096000155 (0058000154) : 91391.15836883905 
0023000156 (0096000155) : 93325.6088386057 
0053000157 (0023000156) : 93431.22185843415 
0085000158 (0053000157) : 93651.92829239272 
0043000159 (0085000158) : 94009.2594983517 
0067000160 (0043000159) : 94220.4290558555 
0085000161 (0067000160) : 95333.21726334745 
0029000162 (0085000161) : 95866.08111553385 
0067000163 (0029000162) : 96849.59838809096 
0032000164 (0067000163) : 97030.34139524586 
0001000165 (0032000164) : 98896.55043541217 
0002000166 (0001000165) : 99636.03500489208 
0023000167 (0002000166) : 99826.46293560836 
