0000000000 (genesis block) : 0 
0023000001 (0000000000) : 383.3106286925847 
0072000002 (0023000001) : 693.3273030767715 
0025000003 (0072000002) : 1163.9704854954537 
0076000004 (0025000003) : 1307.483843145905 
0003000005 (0076000004) : 1808.4098575131206 
0035000006 (0003000005) : 2647.5107636192515 
0010000007 (0035000006) : 3066.595115573723 
0026000008 (0010000007) : 3082.282767854288 
0048000009 (0026000008) : 3308.1647791180817 
0022000010 (0048000009) : 3550.1987873152384 
0031000011 (0022000010) : 4287.900036401614 
0045000012 (0031000011) : 5127.174191445424 
0086000013 (0045000012) : 6639.331161907264 
0050000014 (0086000013) : 7432.266302292808 
0078000015 (0050000014) : 7682.781342830998 
0049000016 (0078000015) : 7713.888350689726 
0087000017 (0049000016) : 8129.8108632124295 
0000000018 (0087000017) : 8462.674426420179 
0009000019 (0000000018) : 8836.691472103239 
0016000020 (0009000019) : 9080.30817321519 
0063000021 (0016000020) : 10088.928941080347 
0023000022 (0063000021) : 10419.610093730751 
0092000023 (0023000022) : 10470.755782480257 
0061000024 (0092000023) : 10550.959002442274 
0017000025 (0061000024) : 10806.203777851326 
0088000026 (0017000025) : 11452.54958490178 
0023000027 (0088000026) : 11960.594963606232 
0001000028 (0023000027) : 12269.855237761976 
0030000029 (0001000028) : 14501.072079226335 
0040000030 (0030000029) : 15673.820383633765 
0071000031 (0040000030) : 16868.944974813356 
0023000032 (0071000031) : 17122.17117451013 
0024000033 (0023000032) : 17596.195609309823 
0095000034 (0024000033) : 18244.787040370316 
0088000035 (0095000034) : 19221.78707744645 
0018000036 (0088000035) : 20304.36673591059 
0038000037 (0018000036) : 20351.937550108163 
0080000038 (0038000037) : 20753.493078754167 
0074000039 (0080000038) : 21056.009661640015 
0090000040 (0074000039) : 21209.70888825227 
0080000041 (0090000040) : 22284.95541321364 
0099000042 (0080000041) : 22645.003786085195 
0060000043 (0099000042) : 26117.85723750581 
0012000044 (0060000043) : 26871.985900178002 
0023000045 (0012000044) : 27437.459711027834 
0089000046 (0023000045) : 27598.167027505657 
0004000047 (0089000046) : 28641.81669645567 
0093000048 (0004000047) : 29340.401653500012 
0023000049 (0093000048) : 29730.305842043857 
0076000050 (0023000049) : 30331.962246783776 
0032000051 (0076000050) : 31104.587859038566 
0023000052 (0032000051) : 32641.874682422887 
0074000053 (0023000052) : 32659.437952573513 
0042000054 (0074000053) : 34281.09274093655 
0097000055 (0042000054) : 34656.11979952777 
0038000056 (0097000055) : 34788.46179634486 
0035000057 (0038000056) : 34853.71738692802 
0071000058 (0035000057) : 35066.18491748107 
0068000059 (0071000058) : 35917.12226968812 
0018000060 (0068000059) : 36140.65417072481 
0040000061 (0018000060) : 36401.98477802143 
0075000062 (0040000061) : 38032.81115382302 
0017000063 (0075000062) : 38107.24250286207 
0032000064 (0017000063) : 38168.08336619998 
0080000065 (0032000064) : 39059.167881410795 
0012000066 (0080000065) : 40061.11271511816 
0073000067 (0012000066) : 42129.3647413155 
0058000068 (0073000067) : 42664.49402639621 
0047000069 (0058000068) : 43189.63877753643 
0081000070 (0047000069) : 44595.97873378829 
0011000071 (0081000070) : 45334.92075177914 
0049000072 (0011000071) : 45453.591974575764 
0023000073 (0049000072) : 46755.90570986099 
0049000074 (0023000073) : 47969.43385156973 
0093000075 (0049000074) : 48708.95882781238 
0028000076 (0093000075) : 49126.8496954166 
0023000077 (0028000076) : 49668.62886652455 
0076000078 (0023000077) : 50014.927433489924 
0014000079 (0076000078) : 50021.22707601419 
0060000080 (0014000079) : 50264.173534967354 
0010000081 (0060000080) : 50360.595485599086 
0045000082 (0010000081) : 50501.62215089608 
0055000083 (0045000082) : 53776.67310521458 
0053000084 (0055000083) : 53903.65741165121 
0079000085 (0053000084) : 54036.04291764745 
0023000086 (0079000085) : 54135.49891834395 
0081000087 (0023000086) : 56579.241595455765 
0022000088 (0081000087) : 56763.53807750415 
0030000089 (0022000088) : 57297.976104358015 
0023000090 (0030000089) : 58171.641015918096 
0037000091 (0023000090) : 58182.21497677663 
0039000092 (0037000091) : 58506.969996002204 
0043000093 (0039000092) : 58969.249232782655 
0045000094 (0043000093) : 59060.84089468676 
0089000095 (0045000094) : 59685.09566699277 
0039000096 (0089000095) : 60226.732347414974 
0083000097 (0039000096) : 61738.08473854764 
0093000098 (0083000097) : 62032.50477585339 
0091000099 (0093000098) : 62153.37662938967 
0041000100 (0091000099) : 62375.86897607067 
0022000101 (0041000100) : 62387.84860069871 
0035000102 (0022000101) : 62819.9651892759 
0026000103 (0035000102) : 63309.47309662461 
0023000104 (0026000103) : 64191.03969397254 
0085000105 (0023000104) : 64401.34017857786 
0081000106 (0085000105) : 64428.4326396999 
0050000107 (0081000106) : 65229.03855892392 
0037000108 (0050000107) : 65299.29857058506 
0059000109 (0037000108) : 67367.44299794399 
0031000110 (0059000109) : 68927.53301719809 
0049000111 (0031000110) : 69454.48659883541 
0045000112 (0049000111) : 69458.60833762377 
0018000113 (0045000112) : 69646.79275429287 
0023000114 (0018000113) : 70278.06211742271 
0096000115 (0023000114) : 70320.30065832156 
0011000116 (0096000115) : 70597.86321664017 
0098000117 (0011000116) : 71496.7069104045 
0077000118 (0098000117) : 72499.13565909125 
0040000119 (0077000118) : 72499.78515663026 
0084000120 (0040000119) : 73616.93422674898 
0090000121 (0084000120) : 73830.45492134219 
0001000122 (0090000121) : 74472.58771545097 
0087000123 (0001000122) : 77280.42336877361 
0006000124 (0087000123) : 77676.55634712153 
0023000125 (0006000124) : 78257.25849645509 
0056000126 (0023000125) : 78493.40182559896 
0038000127 (0056000126) : 79016.15112477355 
0070000128 (0038000127) : 79098.59918358027 
0014000129 (0070000128) : 79557.31996926438 
0069000130 (0014000129) : 79939.91949663514 
0088000131 (0069000130) : 80546.28890940962 
0072000132 (0088000131) : 80654.61173729399 
0074000133 (0072000132) : 80803.70943494655 
0024000134 (0074000133) : 81736.03880876981 
0073000135 (0024000134) : 81926.89957411506 
0070000136 (0073000135) : 82676.81213447772 
0098000137 (0070000136) : 82732.09699200535 
0013000138 (0098000137) : 82921.21373619176 
0023000139 (0013000138) : 83323.69248789702 
0096000140 (0023000139) : 83798.81317758611 
0033000141 (0096000140) : 84445.91673601972 
0030000142 (0033000141) : 84864.54318767352 
0009000143 (0030000142) : 85436.12244068932 
0042000144 (0009000143) : 85533.13652982608 
0018000145 (0042000144) : 85910.72331864022 
0063000146 (0018000145) : 86118.04314010195 
0014000147 (0063000146) : 86466.60454598507 
0026000148 (0014000147) : 89028.99747628174 
0002000149 (0026000148) : 89515.61481497387 
0016000150 (0002000149) : 89836.26174726788 
0044000151 (0016000150) : 89868.16071756589 
0099000152 (0044000151) : 90620.07611950926 
0001000153 (0099000152) : 90920.12279400218 
0058000154 (0001000153) : 90983.32119656376 
0096000155 (0058000154) : 91391.36170026242 
0023000156 (0096000155) : 93325.845803549 
0053000157 (0023000156) : 93431.57492466467 
0085000158 (0053000157) : 93652.37704266481 
0043000159 (0085000158) : 94009.4156056848 
0067000160 (0043000159) : 94220.4615481099 
0085000161 (0067000160) : 95333.66351717958 
0029000162 (0085000161) : 95866.16927758451 
0067000163 (0029000162) : 96849.62962835106 
0032000164 (0067000163) : 97030.56879381904 
0001000165 (0032000164) : 98896.63985060883 
0002000166 (0001000165) : 99636.23678270506 
0023000167 (0002000166) : 99826.70878597803 
