0000000000 (genesis block) : 0 
0023000001 (0000000000) : 383.23767241899 
0072000002 (0023000001) : 693.4047275513274 
0025000003 (0072000002) : 1164.3392843594158 
0076000004 (0025000003) : 1307.3282915399143 
0003000005 (0076000004) : 1808.4292704579223 
0035000006 (0003000005) : 2647.6984189995565 
0010000007 (0035000006) : 3066.6809519206668 
0026000008 (0010000007) : 3082.2382656052173 
0048000009 (0026000008) : 3308.0989831357488 
0022000010 (0048000009) : 3549.8989419171576 
0031000011 (0022000010) : 4288.179108252221 
0045000012 (0031000011) : 5127.126412833566 
0086000013 (0045000012) : 6638.682972222923 
0050000014 (0086000013) : 7432.039994215173 
0078000015 (0050000014) : 7682.501355232951 
0049000016 (0078000015) : 7713.802521524264 
0087000017 (0049000016) : 8129.753210170106 
0000000018 (0087000017) : 8462.630555183228 
0009000019 (0000000018) : 8836.744678053105 
0016000020 (0009000019) : 9080.767811398771 
0063000021 (0016000020) : 10088.87560855896 
0023000022 (0063000021) : 10419.532490546393 
0092000023 (0023000022) : 10470.351959426735 
0061000024 (0092000023) : 10550.765365351757 
0017000025 (0061000024) : 10806.387794030521 
0088000026 (0017000025) : 11452.37498155364 
0023000027 (0088000026) : 11960.52505072966 
0001000028 (0023000027) : 12269.714823183498 
0030000029 (0001000028) : 14501.190557388089 
0040000030 (0030000029) : 15673.785409394712 
0071000031 (0040000030) : 16869.663109835397 
0023000032 (0071000031) : 17122.095510793148 
0024000033 (0023000032) : 17595.719750010616 
0095000034 (0024000033) : 18244.311612792237 
0088000035 (0095000034) : 19221.614615486724 
0018000036 (0088000035) : 20304.17167991021 
0038000037 (0018000036) : 20351.641018765153 
0080000038 (0038000037) : 20753.227572854645 
0074000039 (0080000038) : 21055.979980023363 
0090000040 (0074000039) : 21209.79414854672 
0080000041 (0090000040) : 22284.68863191865 
0099000042 (0080000041) : 22644.76591420489 
0060000043 (0099000042) : 26117.575659060323 
0012000044 (0060000043) : 26871.744107280912 
0023000045 (0012000044) : 27437.381864871684 
0089000046 (0023000045) : 27598.04178795502 
0004000047 (0089000046) : 28641.595684746288 
0093000048 (0004000047) : 29340.367081268756 
0023000049 (0093000048) : 29730.23070757051 
0076000050 (0023000049) : 30331.81175689064 
0032000051 (0076000050) : 31104.348380178704 
0023000052 (0032000051) : 32641.799184520976 
0074000053 (0023000052) : 32659.410567033876 
0042000054 (0074000053) : 34281.17547523673 
0097000055 (0042000054) : 34655.72271290553 
0038000056 (0097000055) : 34788.177101039604 
0035000057 (0038000056) : 34853.90174486616 
0071000058 (0035000057) : 35066.90350049062 
0068000059 (0071000058) : 35916.98552568697 
0018000060 (0068000059) : 36140.452000855534 
0040000061 (0018000060) : 36401.95224344531 
0075000062 (0040000061) : 38032.09200285297 
0017000063 (0075000062) : 38107.427006220554 
0032000064 (0017000063) : 38167.845524803226 
0080000065 (0032000064) : 39058.907676424926 
0012000066 (0080000065) : 40060.87275120894 
0073000067 (0012000066) : 42129.4447656818 
0058000068 (0073000067) : 42664.38327327699 
0047000069 (0058000068) : 43189.473439713234 
0081000070 (0047000069) : 44595.848363663536 
0011000071 (0081000070) : 45334.94346753105 
0049000072 (0011000071) : 45453.51122075757 
0023000073 (0049000072) : 46755.824861937435 
0049000074 (0023000073) : 47969.351584360586 
0093000075 (0049000074) : 48708.92324253048 
0028000076 (0093000075) : 49126.826806728815 
0023000077 (0028000076) : 49668.554790496186 
0076000078 (0023000077) : 50014.76978244923 
0014000079 (0076000078) : 50021.055388932684 
0060000080 (0014000079) : 50263.88908552602 
0010000081 (0060000080) : 50360.67944804906 
0045000082 (0010000081) : 50501.578699831625 
0055000083 (0045000082) : 53776.72880531949 
0053000084 (0055000083) : 53903.46632809287 
0079000085 (0053000084) : 54035.367016357624 
0023000086 (0079000085) : 54135.42241727748 
0081000087 (0023000086) : 56579.105652246995 
0022000088 (0081000087) : 56763.23958648983 
0030000089 (0022000088) : 57298.097021132686 
0023000090 (0030000089) : 58171.562189309814 
0037000091 (0023000090) : 58181.96917199974 
0039000092 (0037000091) : 58506.79902755618 
0043000093 (0039000092) : 58968.92861898629 
0045000094 (0043000093) : 59060.79213463447 
0089000095 (0045000094) : 59684.97327509811 
0039000096 (0089000095) : 60226.56884453037 
0083000097 (0039000096) : 61737.801564616915 
0093000098 (0083000097) : 62032.46909908078 
0091000099 (0093000098) : 62153.42862795286 
0041000100 (0091000099) : 62375.47437648299 
0022000101 (0041000100) : 62387.55073057521 
0035000102 (0022000101) : 62820.14770878298 
0026000103 (0035000102) : 63309.430520958886 
0023000104 (0026000103) : 64190.95806149431 
0085000105 (0023000104) : 64401.05997256541 
0081000106 (0085000105) : 64428.29854120223 
0050000107 (0081000106) : 65228.81690696264 
0037000108 (0050000107) : 65299.05410606311 
0059000109 (0037000108) : 67367.25160392422 
0031000110 (0059000109) : 68927.81006596153 
0049000111 (0031000110) : 69454.40902635347 
0045000112 (0049000111) : 69458.55745548583 
0018000113 (0045000112) : 69646.60047132675 
0023000114 (0018000113) : 70277.98939947071 
0096000115 (0023000114) : 70320.2219383197 
0011000116 (0096000115) : 70597.88679115805 
0098000117 (0011000116) : 71496.7537115687 
0077000118 (0098000117) : 72498.96995007548 
0040000119 (0077000118) : 72499.7489703862 
0084000120 (0040000119) : 73616.45833613323 
0090000121 (0084000120) : 73830.54177785502 
0001000122 (0090000121) : 74472.44325353715 
0087000123 (0001000122) : 77280.36466780341 
0006000124 (0087000123) : 77676.12261757991 
0023000125 (0006000124) : 78257.17966441435 
0056000126 (0023000125) : 78493.32158989736 
0038000127 (0056000126) : 79015.86719189065 
0070000128 (0038000127) : 79098.3625170088 
0014000129 (0070000128) : 79557.14284845465 
0069000130 (0014000129) : 79939.80979849811 
0088000131 (0069000130) : 80546.11321026097 
0072000132 (0088000131) : 80654.68905633551 
0074000133 (0072000132) : 80803.68267234598 
0024000134 (0074000133) : 81735.55793214134 
0073000135 (0024000134) : 81926.98625805973 
0070000136 (0073000135) : 82676.57471464317 
0098000137 (0070000136) : 82732.14359215985 
0013000138 (0098000137) : 82921.26547702198 
0023000139 (0013000138) : 83323.61694785341 
0096000140 (0023000139) : 83798.73161590593 
0033000141 (0096000140) : 84445.72209086268 
0030000142 (0033000141) : 84864.66255497393 
0009000143 (0030000142) : 85436.18020405684 
0042000144 (0009000143) : 85533.22131376807 
0018000145 (0042000144) : 85910.51723678088 
0063000146 (0018000145) : 86117.97654881526 
0014000147 (0063000146) : 86466.42629879557 
0026000148 (0014000147) : 89028.95683683825 
0002000149 (0026000148) : 89515.40811765629 
0016000150 (0002000149) : 89836.72115438938 
0044000151 (0016000150) : 89868.07696038505 
0099000152 (0044000151) : 90619.83021620607 
0001000153 (0099000152) : 90919.97674398756 
0058000154 (0001000153) : 90983.20668274173 
0096000155 (0058000154) : 91391.27913348199 
0023000156 (0096000155) : 93325.77092588208 
0053000157 (0023000156) : 93431.38342196727 
0085000158 (0053000157) : 93652.0900205676 
0043000159 (0085000158) : 94009.09544031054 
0067000160 (0043000159) : 94220.37119932681 
0085000161 (0067000160) : 95333.37900017989 
0029000162 (0085000161) : 95866.21180857392 
0067000163 (0029000162) : 96849.53538517636 
0032000164 (0067000163) : 97030.32913653846 
0001000165 (0032000164) : 98896.4997401247 
0002000166 (0001000165) : 99636.02081422241 
0023000167 (0002000166) : 99826.62507726962 
