0000000000 (genesis block) : 0 
0023000001 (0000000000) : 383.0036412833521 
0072000002 (0023000001) : 693.1233481918897 
0025000003 (0072000002) : 1164.2878211009302 
0076000004 (0025000003) : 1306.8233257433112 
0003000005 (0076000004) : 1808.4487089679517 
0035000006 (0003000005) : 2647.5663419827265 
0010000007 (0035000006) : 3066.648688944542 
0026000008 (0010000007) : 3081.7311155172056 
0048000009 (0026000008) : 3308.1592759565215 
0022000010 (0048000009) : 3549.9872522971814 
0031000011 (0022000010) : 4288.048538562136 
0045000012 (0031000011) : 5126.994532836721 
0086000013 (0045000012) : 6639.033324105304 
0050000014 (0086000013) : 7432.089777759839 
0078000015 (0050000014) : 7682.428116635722 
0049000016 (0078000015) : 7713.642063096334 
0087000017 (0049000016) : 8129.6294120790535 
0000000018 (0087000017) : 8462.12490702919 
0009000019 (0000000018) : 8836.612904718419 
0016000020 (0009000019) : 9080.667199443791 
0063000021 (0016000020) : 10088.471975077184 
0023000022 (0063000021) : 10419.306371559409 
0092000023 (0023000022) : 10470.39607638324 
0061000024 (0092000023) : 10550.708277981352 
0017000025 (0061000024) : 10806.133081698375 
0088000026 (0017000025) : 11452.207562370768 
0023000027 (0088000026) : 11960.287522613206 
0001000028 (0023000027) : 12269.549695191214 
0030000029 (0001000028) : 14501.04025008858 
0040000030 (0030000029) : 15673.515721769461 
0071000031 (0040000030) : 16869.605431099786 
0023000032 (0071000031) : 17121.865091921012 
0024000033 (0023000032) : 17595.77556699888 
0095000034 (0024000033) : 18244.333025991713 
0088000035 (0095000034) : 19221.447338064227 
0018000036 (0088000035) : 20303.912282855203 
0038000037 (0018000036) : 20351.624279675165 
0080000038 (0038000037) : 20753.18812745956 
0074000039 (0080000038) : 21055.937562500447 
0090000040 (0074000039) : 21209.911274320806 
0080000041 (0090000040) : 22284.6492872388 
0099000042 (0080000041) : 22644.835951189227 
0060000043 (0099000042) : 26117.62094856945 
0012000044 (0060000043) : 26871.81691256983 
0023000045 (0012000044) : 27437.1542019659 
0089000046 (0023000045) : 27597.64706804035 
0004000047 (0089000046) : 28641.637539721774 
0093000048 (0004000047) : 29339.871735627115 
0023000049 (0093000048) : 29729.996912812658 
0076000050 (0023000049) : 30331.299601891038 
0032000051 (0076000050) : 31104.420195324456 
0023000052 (0032000051) : 32641.568477291636 
0074000053 (0023000052) : 32659.366055539056 
0042000054 (0074000053) : 34281.13410013135 
0097000055 (0042000054) : 34655.88494326089 
0038000056 (0097000055) : 34788.16088623013 
0035000057 (0038000056) : 34853.769103071056 
0071000058 (0035000057) : 35066.844381084964 
0068000059 (0071000058) : 35916.812198601496 
0018000060 (0068000059) : 36140.19219205681 
0040000061 (0018000060) : 36401.68072803291 
0075000062 (0040000061) : 38032.597006984215 
0017000063 (0075000062) : 38107.17643325009 
0032000064 (0017000063) : 38167.91873935862 
0080000065 (0032000064) : 39058.85973556517 
0012000066 (0080000065) : 40060.94492873491 
0073000067 (0012000066) : 42129.396943184154 
0058000068 (0073000067) : 42664.46003307185 
0047000069 (0058000068) : 43189.307762002085 
0081000070 (0047000069) : 44595.79840141178 
0011000071 (0081000070) : 45334.81259259665 
0049000072 (0011000071) : 45453.343948042464 
0023000073 (0049000072) : 46755.598374624846 
0049000074 (0023000073) : 47969.18626975544 
0093000075 (0049000074) : 48708.43523348733 
0028000076 (0093000075) : 49126.3422728679 
0023000077 (0028000076) : 49668.321825135296 
0076000078 (0023000077) : 50014.26501985618 
0014000079 (0076000078) : 50020.88798895558 
0060000080 (0014000079) : 50263.93452587783 
0010000081 (0060000080) : 50360.64825213319 
0045000082 (0010000081) : 50501.44318972766 
0055000083 (0045000082) : 53776.59608209399 
0053000084 (0055000083) : 53903.39500703046 
0079000085 (0053000084) : 54035.83399705015 
0023000086 (0079000085) : 54135.193785888485 
0081000087 (0023000086) : 56579.061119011676 
0022000088 (0081000087) : 56763.33053914452 
0030000089 (0022000088) : 57297.94092078236 
0023000090 (0030000089) : 58171.33473920112 
0037000091 (0023000090) : 58181.684718435834 
0039000092 (0037000091) : 58506.66211578623 
0043000093 (0039000092) : 58968.99456956617 
0045000094 (0043000093) : 59060.66313160424 
0089000095 (0045000094) : 59684.57582611658 
0039000096 (0089000095) : 60226.42864993149 
0083000097 (0039000096) : 61737.78162827386 
0093000098 (0083000097) : 62031.98266750643 
0091000099 (0093000098) : 62153.3328367699 
0041000100 (0091000099) : 62375.30881447476 
0022000101 (0041000100) : 62387.64020130542 
0035000102 (0022000101) : 62820.01618108907 
0026000103 (0035000102) : 63308.92255363153 
0023000104 (0026000103) : 64190.73082280684 
0085000105 (0023000104) : 64401.016979187196 
0081000106 (0085000105) : 64428.25285944635 
0050000107 (0081000106) : 65228.85402625134 
0037000108 (0050000107) : 65298.771431187364 
0059000109 (0037000108) : 67367.19616190095 
0031000110 (0059000109) : 68927.68534695863 
0049000111 (0031000110) : 69454.23923007674 
0045000112 (0049000111) : 69458.42876029653 
0018000113 (0045000112) : 69646.3350277818 
0023000114 (0018000113) : 70277.7607871446 
0096000115 (0023000114) : 70320.27309894047 
0011000116 (0096000115) : 70597.75609160966 
0098000117 (0011000116) : 71496.62007483108 
0077000118 (0098000117) : 72499.02381903121 
0040000119 (0077000118) : 72499.48073361703 
0084000120 (0040000119) : 73616.64391561321 
0090000121 (0084000120) : 73830.66206565524 
0001000122 (0090000121) : 74472.28355975417 
0087000123 (0001000122) : 77280.24257467622 
0006000124 (0087000123) : 77676.2521268913 
0023000125 (0006000124) : 78256.94973489764 
0056000126 (0023000125) : 78493.3493602398 
0038000127 (0056000126) : 79015.84699623586 
0070000128 (0038000127) : 79098.07627237707 
0014000129 (0070000128) : 79556.9763650992 
0069000130 (0014000129) : 79939.61857964973 
0088000131 (0069000130) : 80545.94762595595 
0072000132 (0088000131) : 80654.40922060715 
0074000133 (0072000132) : 80803.63346705656 
0024000134 (0074000133) : 81735.61451960028 
0073000135 (0024000134) : 81926.93567377978 
0070000136 (0073000135) : 82676.28710234152 
0098000137 (0070000136) : 82732.0117405654 
0013000138 (0098000137) : 82921.07661480016 
0023000139 (0013000138) : 83323.38686341066 
0096000140 (0023000139) : 83798.78750235519 
0033000141 (0096000140) : 84445.66934424457 
0030000142 (0033000141) : 84864.50463877278 
0009000143 (0030000142) : 85436.0470763949 
0042000144 (0009000143) : 85533.17837863337 
0018000145 (0042000144) : 85910.25792397997 
0063000146 (0018000145) : 86117.58230780909 
0014000147 (0063000146) : 86466.25828866672 
0026000148 (0014000147) : 89028.44836595087 
0002000149 (0026000148) : 89515.4764719542 
0016000150 (0002000149) : 89836.61885459349 
0044000151 (0016000150) : 89868.1515555903 
0099000152 (0044000151) : 90619.90553329747 
0001000153 (0099000152) : 90919.81713322479 
0058000154 (0001000153) : 90983.2841180885 
0096000155 (0058000154) : 91391.33473930719 
0023000156 (0096000155) : 93325.54286729856 
0053000157 (0023000156) : 93431.31461905118 
0085000158 (0053000157) : 93652.04799516175 
0043000159 (0085000158) : 94009.16222002644 
0067000160 (0043000159) : 94220.32148600617 
0085000161 (0067000160) : 95333.33842550324 
0029000162 (0085000161) : 95865.99668780898 
0067000163 (0029000162) : 96849.49101305375 
0032000164 (0067000163) : 97030.40170498972 
0001000165 (0032000164) : 98896.3319129803 
0002000166 (0001000165) : 99636.09573402269 
0023000167 (0002000166) : 99826.40154228418 
