0000000000 (genesis block) : 0 
0023000001 (0000000000) : 383.1570938989025 
0072000002 (0023000001) : 692.7288426033294 
0025000003 (0072000002) : 1164.4320036809 
0076000004 (0025000003) : 1307.2169266227872 
0003000005 (0076000004) : 1808.7092779831153 
0035000006 (0003000005) : 2647.504899116729 
0010000007 (0035000006) : 3066.7683422025443 
0026000008 (0010000007) : 3082.0169146101516 
0048000009 (0026000008) : 3308.2463970182894 
0022000010 (0048000009) : 3549.990816851014 
0031000011 (0022000010) : 4288.194072850582 
0045000012 (0031000011) : 5127.167039803022 
0086000013 (0045000012) : 6639.087130850306 
0050000014 (0086000013) : 7432.244419692271 
0078000015 (0050000014) : 7682.4051009323675 
0049000016 (0078000015) : 7714.03521130768 
0087000017 (0049000016) : 8129.8038049600045 
0000000018 (0087000017) : 8462.40758586051 
0009000019 (0000000018) : 8836.823109917013 
0016000020 (0009000019) : 9080.609884160942 
0063000021 (0016000020) : 10088.870340512192 
0023000022 (0063000021) : 10419.454333175028 
0092000023 (0023000022) : 10470.374327789465 
0061000024 (0092000023) : 10550.952190296362 
0017000025 (0061000024) : 10806.194661407775 
0088000026 (0017000025) : 11452.346290282103 
0023000027 (0088000026) : 11960.438199885622 
0001000028 (0023000027) : 12269.299658825092 
0030000029 (0001000028) : 14501.062957940096 
0040000030 (0030000029) : 15673.688341038787 
0071000031 (0040000030) : 16869.54605766623 
0023000032 (0071000031) : 17122.015672703765 
0024000033 (0023000032) : 17596.08509504493 
0095000034 (0024000033) : 18244.674409131818 
0088000035 (0095000034) : 19221.586348438293 
0018000036 (0088000035) : 20304.170147242137 
0038000037 (0018000036) : 20351.68044816062 
0080000038 (0038000037) : 20753.16763667222 
0074000039 (0080000038) : 21056.102953226957 
0090000040 (0074000039) : 21209.96219794806 
0080000041 (0090000040) : 22284.630630432668 
0099000042 (0080000041) : 22644.85856595335 
0060000043 (0099000042) : 26117.977680145497 
0012000044 (0060000043) : 26871.84114125096 
0023000045 (0012000044) : 27437.303975959538 
0089000046 (0023000045) : 27598.041721524813 
0004000047 (0089000046) : 28641.695802069746 
0093000048 (0004000047) : 29340.152989720285 
0023000049 (0093000048) : 29730.14556029226 
0076000050 (0023000049) : 30331.694436907153 
0032000051 (0076000050) : 31104.440878683938 
0023000052 (0032000051) : 32641.72483577204 
0074000053 (0023000052) : 32659.536488029877 
0042000054 (0074000053) : 34281.260960098814 
0097000055 (0042000054) : 34656.08939598821 
0038000056 (0097000055) : 34788.21184930723 
0035000057 (0038000056) : 34853.70752657191 
0071000058 (0035000057) : 35066.783238492186 
0068000059 (0071000058) : 35916.962466029225 
0018000060 (0068000059) : 36140.45575324823 
0040000061 (0018000060) : 36401.856939471545 
0075000062 (0040000061) : 38032.764868645594 
0017000063 (0075000062) : 38107.23430467237 
0032000064 (0017000063) : 38167.94098535364 
0080000065 (0032000064) : 39058.84138394551 
0012000066 (0080000065) : 40060.96917642054 
0073000067 (0012000066) : 42129.57063022332 
0058000068 (0073000067) : 42664.65955009046 
0047000069 (0058000068) : 43189.44612678808 
0081000070 (0047000069) : 44595.91622655392 
0011000071 (0081000070) : 45334.982017013266 
0049000072 (0011000071) : 45453.73783894509 
0023000073 (0049000072) : 46755.74725099966 
0049000074 (0023000073) : 47969.58158535046 
0093000075 (0049000074) : 48708.71799334066 
0028000076 (0093000075) : 49126.624424127345 
0023000077 (0028000076) : 49668.48056497403 
0076000078 (0023000077) : 50014.65953702943 
0014000079 (0076000078) : 50021.02633748336 
0060000080 (0014000079) : 50264.285362240254 
0010000081 (0060000080) : 50360.770261677535 
0045000082 (0010000081) : 50501.615242492284 
0055000083 (0045000082) : 53776.28935002156 
0053000084 (0055000083) : 53903.64955588181 
0079000085 (0053000084) : 54035.94181634886 
0023000086 (0079000085) : 54135.34410894557 
0081000087 (0023000086) : 56579.17931305714 
0022000088 (0081000087) : 56763.33329122541 
0030000089 (0022000088) : 57297.96539954006 
0023000090 (0030000089) : 58171.483851802965 
0037000091 (0023000090) : 58181.967652205276 
0039000092 (0037000091) : 58506.585494942425 
0043000093 (0039000092) : 58969.14326656622 
0045000094 (0043000093) : 59060.835548785035 
0089000095 (0045000094) : 59684.97176361437 
0039000096 (0089000095) : 60226.35300997663 
0083000097 (0039000096) : 61737.837328735965 
0093000098 (0083000097) : 62032.26541039885 
0091000099 (0093000098) : 62153.50603623919 
0041000100 (0091000099) : 62375.4490369825 
0022000101 (0041000100) : 62387.64874057761 
0035000102 (0022000101) : 62819.95380164686 
0026000103 (0035000102) : 63309.2054663959 
0023000104 (0026000103) : 64190.879200073054 
0085000105 (0023000104) : 64400.99430628586 
0081000106 (0085000105) : 64428.37688510224 
0050000107 (0081000106) : 65229.021993822775 
0037000108 (0050000107) : 65299.053757211994 
0059000109 (0037000108) : 67367.43430193629 
0031000110 (0059000109) : 68927.82658218726 
0049000111 (0031000110) : 69454.63414541342 
0045000112 (0049000111) : 69458.5992695254 
0018000113 (0045000112) : 69646.59557428748 
0023000114 (0018000113) : 70277.9083293769 
0096000115 (0023000114) : 70320.59428357852 
0011000116 (0096000115) : 70597.92759877328 
0098000117 (0011000116) : 71496.79190717229 
0077000118 (0098000117) : 72499.33194279012 
0040000119 (0077000118) : 72499.65619219799 
0084000120 (0040000119) : 73616.82133481355 
0090000121 (0084000120) : 73830.7059061135 
0001000122 (0090000121) : 74472.029876927 
0087000123 (0001000122) : 77280.41475159855 
0006000124 (0087000123) : 77676.30361777199 
0023000125 (0006000124) : 78257.10133408188 
0056000126 (0023000125) : 78493.53635437836 
0038000127 (0056000126) : 79015.90308609184 
0070000128 (0038000127) : 79098.35835127113 
0014000129 (0070000128) : 79557.11626878123 
0069000130 (0014000129) : 79939.66721011786 
0088000131 (0069000130) : 80546.08668006712 
0072000132 (0088000131) : 80654.01480039873 
0074000133 (0072000132) : 80803.80667313885 
0024000134 (0074000133) : 81735.92481991854 
0073000135 (0024000134) : 81927.1132154185 
0070000136 (0073000135) : 82676.57007369304 
0098000137 (0070000136) : 82732.18320632042 
0013000138 (0098000137) : 82921.25429297514 
0023000139 (0013000138) : 83323.53846616037 
0096000140 (0023000139) : 83799.11087444973 
0033000141 (0096000140) : 84445.84833013774 
0030000142 (0033000141) : 84864.5320803042 
0009000143 (0030000142) : 85436.25718234571 
0042000144 (0009000143) : 85533.30938757365 
0018000145 (0042000144) : 85910.52077217143 
0063000146 (0018000145) : 86117.97574703013 
0014000147 (0063000146) : 86466.39689429458 
0026000148 (0014000147) : 89028.7294572803 
0002000149 (0026000148) : 89515.4976129776 
0016000150 (0002000149) : 89836.55914338067 
0044000151 (0016000150) : 89868.15216088487 
0099000152 (0044000151) : 90619.92872590407 
0001000153 (0099000152) : 90919.56410494073 
0058000154 (0001000153) : 90983.48628511916 
0096000155 (0058000154) : 91391.65891819567 
0023000156 (0096000155) : 93325.68943542037 
0053000157 (0023000156) : 93431.56822231345 
0085000158 (0053000157) : 93652.0305648831 
0043000159 (0085000158) : 94009.3142924776 
0067000160 (0043000159) : 94220.49247936493 
0085000161 (0067000160) : 95333.31447155378 
0029000162 (0085000161) : 95865.60302966961 
0067000163 (0029000162) : 96849.65895917297 
0032000164 (0067000163) : 97030.42311411089 
0001000165 (0032000164) : 98896.08318781345 
0002000166 (0001000165) : 99636.11400663044 
0023000167 (0002000166) : 99826.55081301417 
