0000000000 (genesis block) : 0 
0023000001 (0000000000) : 383.24391874627287 
0072000002 (0023000001) : 693.2778465240219 
0025000003 (0072000002) : 1164.2091536927458 
0076000004 (0025000003) : 1307.3522326024743 
0003000005 (0076000004) : 1808.6334058858918 
0035000006 (0003000005) : 2647.6015492980896 
0010000007 (0035000006) : 3066.6773447618284 
0026000008 (0010000007) : 3082.1692131465475 
0048000009 (0026000008) : 3307.828916247827 
0022000010 (0048000009) : 3549.7694825779945 
0031000011 (0022000010) : 4288.198268271087 
0045000012 (0031000011) : 5127.263560725776 
0086000013 (0045000012) : 6639.140925373767 
0050000014 (0086000013) : 7432.298956845108 
0078000015 (0050000014) : 7682.489709598038 
0049000016 (0078000015) : 7714.068533004499 
0087000017 (0049000016) : 8129.430094455155 
0000000018 (0087000017) : 8462.558513453509 
0009000019 (0000000018) : 8836.776300187563 
0016000020 (0009000019) : 9080.704002055725 
0063000021 (0016000020) : 10088.908381535593 
0023000022 (0063000021) : 10419.544417204794 
0092000023 (0023000022) : 10470.464007082175 
0061000024 (0092000023) : 10550.835632049497 
0017000025 (0061000024) : 10806.182057355532 
0088000026 (0017000025) : 11452.291996799471 
0023000027 (0088000026) : 11960.524717066892 
0001000028 (0023000027) : 12269.524837526336 
0030000029 (0001000028) : 14500.867799230744 
0040000030 (0030000029) : 15673.77682713806 
0071000031 (0040000030) : 16869.639950543 
0023000032 (0071000031) : 17122.102421159085 
0024000033 (0023000032) : 17596.023187814793 
0095000034 (0024000033) : 18244.614070927673 
0088000035 (0095000034) : 19221.531863786284 
0018000036 (0088000035) : 20304.016696797167 
0038000037 (0018000036) : 20351.616294165608 
0080000038 (0038000037) : 20753.058295509698 
0074000039 (0080000038) : 21056.1120900626 
0090000040 (0074000039) : 21209.959299451148 
0080000041 (0090000040) : 22284.518608647068 
0099000042 (0080000041) : 22644.311216851987 
0060000043 (0099000042) : 26117.830562099563 
0012000044 (0060000043) : 26871.419270004695 
0023000045 (0012000044) : 27437.394754717527 
0089000046 (0023000045) : 27598.17362810304 
0004000047 (0089000046) : 28641.32547735077 
0093000048 (0004000047) : 29340.305334161207 
0023000049 (0093000048) : 29730.236231449602 
0076000050 (0023000049) : 30331.824789641574 
0032000051 (0076000050) : 31104.022342846867 
0023000052 (0032000051) : 32641.81280774795 
0074000053 (0023000052) : 32659.54331935449 
0042000054 (0074000053) : 34281.173848889885 
0097000055 (0042000054) : 34655.94715369676 
0038000056 (0097000055) : 34788.1462924703 
0035000057 (0038000056) : 34853.802102260066 
0071000058 (0035000057) : 35066.879095860386 
0068000059 (0071000058) : 35917.05016511312 
0018000060 (0068000059) : 36140.299729388855 
0040000061 (0018000060) : 36401.94589979432 
0075000062 (0040000061) : 38032.54786523436 
0017000063 (0075000062) : 38107.21965140408 
0032000064 (0017000063) : 38167.520278565244 
0080000065 (0032000064) : 39058.73505101673 
0012000066 (0080000065) : 40060.5485669017 
0073000067 (0012000066) : 42129.58052806091 
0058000068 (0073000067) : 42664.382588529545 
0047000069 (0058000068) : 43189.28787131776 
0081000070 (0047000069) : 44596.00632822513 
0011000071 (0081000070) : 45334.984999771026 
0049000072 (0011000071) : 45453.77760304302 
0023000073 (0049000072) : 46755.83652918792 
0049000074 (0023000073) : 47969.614917556464 
0093000075 (0049000074) : 48708.87209978284 
0028000076 (0093000075) : 49126.476143831685 
0023000077 (0028000076) : 49668.56591487774 
0076000078 (0023000077) : 50014.793262928426 
0014000079 (0076000078) : 50020.972091035335 
0060000080 (0014000079) : 50264.14571420259 
0010000081 (0060000080) : 50360.67828332971 
0045000082 (0010000081) : 50501.71186087801 
0055000083 (0045000082) : 53776.705788823005 
0053000084 (0055000083) : 53903.74585198624 
0079000085 (0053000084) : 54035.82588097045 
0023000086 (0079000085) : 54135.432582735426 
0081000087 (0023000086) : 56579.266577508584 
0022000088 (0081000087) : 56763.11248140426 
0030000089 (0022000088) : 57297.77368064006 
0023000090 (0030000089) : 58171.57280938376 
0037000091 (0023000090) : 58181.81160227587 
0039000092 (0037000091) : 58506.67307336252 
0043000093 (0039000092) : 58968.77524270666 
0045000094 (0043000093) : 59060.933044423255 
0089000095 (0045000094) : 59685.101164637046 
0039000096 (0089000095) : 60226.440202566184 
0083000097 (0039000096) : 61737.77221097151 
0093000098 (0083000097) : 62032.41309887068 
0091000099 (0093000098) : 62153.46261965414 
0041000100 (0091000099) : 62375.42396495606 
0022000101 (0041000100) : 62387.42293382001 
0035000102 (0022000101) : 62820.04805934656 
0026000103 (0035000102) : 63309.36157161188 
0023000104 (0026000103) : 64190.970509360064 
0085000105 (0023000104) : 64401.08164496515 
0081000106 (0085000105) : 64428.459500234516 
0050000107 (0081000106) : 65229.072523008064 
0037000108 (0050000107) : 65298.89659815304 
0059000109 (0037000108) : 67367.32126235282 
0031000110 (0059000109) : 68927.83114892428 
0049000111 (0031000110) : 69454.67393830462 
0045000112 (0049000111) : 69458.69704263122 
0018000113 (0045000112) : 69646.44018449553 
0023000114 (0018000113) : 70277.99690172829 
0096000115 (0023000114) : 70320.4847326985 
0011000116 (0096000115) : 70597.93449169773 
0098000117 (0011000116) : 71496.79737651028 
0077000118 (0098000117) : 72499.18590899759 
0040000119 (0077000118) : 72499.74569503928 
0084000120 (0040000119) : 73616.76192635405 
0090000121 (0084000120) : 73830.70463512278 
0001000122 (0090000121) : 74472.25702253057 
0087000123 (0001000122) : 77280.04205173916 
0006000124 (0087000123) : 77676.09255941011 
0023000125 (0006000124) : 78257.18883392401 
0056000126 (0023000125) : 78493.48494795713 
0038000127 (0056000126) : 79015.84019744217 
0070000128 (0038000127) : 79098.20444408666 
0014000129 (0070000128) : 79557.06089038787 
0069000130 (0014000129) : 79939.7561592896 
0088000131 (0069000130) : 80546.03201343109 
0072000132 (0088000131) : 80654.56095116209 
0074000133 (0072000132) : 80803.81477368041 
0024000134 (0074000133) : 81735.8657090544 
0073000135 (0024000134) : 81927.12118651177 
0070000136 (0073000135) : 82676.41512318277 
0098000137 (0070000136) : 82732.18834444266 
0013000138 (0098000137) : 82921.29921499874 
0023000139 (0013000138) : 83323.62488787045 
0096000140 (0023000139) : 83799.00092944718 
0033000141 (0096000140) : 84445.47931447886 
0030000142 (0033000141) : 84864.33873620493 
0009000143 (0030000142) : 85436.21664218305 
0042000144 (0009000143) : 85533.22106100226 
0018000145 (0042000144) : 85910.36581903501 
0063000146 (0018000145) : 86118.02085936452 
0014000147 (0063000146) : 86466.34230689332 
0026000148 (0014000147) : 89028.88470630489 
0002000149 (0026000148) : 89515.07869947156 
0016000150 (0002000149) : 89836.6529481784 
0044000151 (0016000150) : 89867.75486912917 
0099000152 (0044000151) : 90619.37895509836 
0001000153 (0099000152) : 90919.79232556597 
0058000154 (0001000153) : 90983.21260214724 
0096000155 (0058000154) : 91391.54375135097 
0023000156 (0096000155) : 93325.78003335642 
0053000157 (0023000156) : 93431.6616622968 
0085000158 (0053000157) : 93652.11451252026 
0043000159 (0085000158) : 94008.94211792634 
0067000160 (0043000159) : 94220.56520820763 
0085000161 (0067000160) : 95333.40221383756 
0029000162 (0085000161) : 95866.15193061756 
0067000163 (0029000162) : 96849.73365014877 
0032000164 (0067000163) : 97030.00559609558 
0001000165 (0032000164) : 98896.31164875088 
0002000166 (0001000165) : 99635.69886352055 
0023000167 (0002000166) : 99826.6377220747 
