0000000000 (genesis block) : 0 
0023000001 (0000000000) : 383.36139479032016 
0072000002 (0023000001) : 692.9545566572493 
0025000003 (0072000002) : 1164.6530198196492 
0076000004 (0025000003) : 1307.4436609969532 
0003000005 (0076000004) : 1808.7911650895403 
0035000006 (0003000005) : 2647.730897047953 
0010000007 (0035000006) : 3066.8522341157286 
0026000008 (0010000007) : 3082.246077640562 
0048000009 (0026000008) : 3308.297657813966 
0022000010 (0048000009) : 3550.21663469962 
0031000011 (0022000010) : 4288.241321846992 
0045000012 (0031000011) : 5127.364233368851 
0086000013 (0045000012) : 6639.316845313774 
0050000014 (0086000013) : 7432.365436931395 
0078000015 (0050000014) : 7682.631640725967 
0049000016 (0078000015) : 7714.118438020899 
0087000017 (0049000016) : 8129.996396552058 
0000000018 (0087000017) : 8462.633438732604 
0009000019 (0000000018) : 8836.599505305172 
0016000020 (0009000019) : 9080.836484766825 
0063000021 (0016000020) : 10089.096923712334 
0023000022 (0063000021) : 10419.660030164974 
0092000023 (0023000022) : 10470.600187793805 
0061000024 (0092000023) : 10550.725781123763 
0017000025 (0061000024) : 10806.421093237646 
0088000026 (0017000025) : 11452.308886626168 
0023000027 (0088000026) : 11960.64596212301 
0001000028 (0023000027) : 12269.073463053615 
0030000029 (0001000028) : 14501.289132300559 
0040000030 (0030000029) : 15673.897345884756 
0071000031 (0040000030) : 16869.73059912475 
0023000032 (0071000031) : 17122.22307012657 
0024000033 (0023000032) : 17596.201067040616 
0095000034 (0024000033) : 18244.75815509967 
0088000035 (0095000034) : 19221.549689755615 
0018000036 (0088000035) : 20304.135523642406 
0038000037 (0018000036) : 20351.909331835646 
0080000038 (0038000037) : 20753.39459025264 
0074000039 (0080000038) : 21055.99856698601 
0090000040 (0074000039) : 21210.188013421866 
0080000041 (0090000040) : 22284.85642618497 
0099000042 (0080000041) : 22645.085152050757 
0060000043 (0099000042) : 26117.929760957304 
0012000044 (0060000043) : 26872.06783364896 
0023000045 (0012000044) : 27437.51101827915 
0089000046 (0023000045) : 27598.26827897404 
0004000047 (0089000046) : 28641.730244115995 
0093000048 (0004000047) : 29340.38026337324 
0023000049 (0093000048) : 29730.348898705262 
0076000050 (0023000049) : 30331.92041053084 
0032000051 (0076000050) : 31104.667015476643 
0023000052 (0032000051) : 32641.925376276045 
0074000053 (0023000052) : 32659.427336109973 
0042000054 (0074000053) : 34281.346291437316 
0097000055 (0042000054) : 34656.186814268454 
0038000056 (0097000055) : 34788.43920770067 
0035000057 (0038000056) : 34853.934296272964 
0071000058 (0035000057) : 35066.97154431558 
0068000059 (0071000058) : 35917.18844102272 
0018000060 (0068000059) : 36140.42054933563 
0040000061 (0018000060) : 36402.067723918284 
0075000062 (0040000061) : 38032.92957492891 
0017000063 (0075000062) : 38107.46073635612 
0032000064 (0017000063) : 38168.16815506735 
0080000065 (0032000064) : 39059.068321233346 
0012000066 (0080000065) : 40061.19644571754 
0073000067 (0012000066) : 42129.46326842683 
0058000068 (0073000067) : 42664.829663540775 
0047000069 (0058000068) : 43189.408520261 
0081000070 (0047000069) : 44596.03019672305 
0011000071 (0081000070) : 45335.18185982618 
0049000072 (0011000071) : 45453.82616133569 
0023000073 (0049000072) : 46755.95340010994 
0049000074 (0023000073) : 47969.66470544297 
0093000075 (0049000074) : 48708.94422667435 
0028000076 (0093000075) : 49126.85176973692 
0023000077 (0028000076) : 49668.676332393894 
0076000078 (0023000077) : 50014.88584484202 
0014000079 (0076000078) : 50020.93638589954 
0060000080 (0014000079) : 50264.23833312013 
0010000081 (0060000080) : 50360.84805394971 
0045000082 (0010000081) : 50501.812610986555 
0055000083 (0045000082) : 53776.06135243477 
0053000084 (0055000083) : 53903.75614408992 
0079000085 (0053000084) : 54036.14832865015 
0023000086 (0079000085) : 54135.54750648673 
0081000087 (0023000086) : 56579.28924382689 
0022000088 (0081000087) : 56763.55909114386 
0030000089 (0022000088) : 57298.19252447128 
0023000090 (0030000089) : 58171.68916852921 
0037000091 (0023000090) : 58181.983049369635 
0039000092 (0037000091) : 58506.81120581807 
0043000093 (0039000092) : 58969.236076679896 
0045000094 (0043000093) : 59061.033140349304 
0089000095 (0045000094) : 59685.198307366714 
0039000096 (0089000095) : 60226.57995509661 
0083000097 (0039000096) : 61738.06476718425 
0093000098 (0083000097) : 62032.49215303787 
0091000099 (0093000098) : 62153.45374335309 
0041000100 (0091000099) : 62375.62681164419 
0022000101 (0041000100) : 62387.87501717766 
0035000102 (0022000101) : 62820.18103050917 
0026000103 (0035000102) : 63309.431172433666 
0023000104 (0026000103) : 64191.08243232951 
0085000105 (0023000104) : 64401.220472970585 
0081000106 (0085000105) : 64428.48386665449 
0050000107 (0081000106) : 65229.142379458266 
0037000108 (0050000107) : 65299.06828448555 
0059000109 (0037000108) : 67367.2104457608 
0031000110 (0059000109) : 68927.8748908136 
0049000111 (0031000110) : 69454.71932516634 
0045000112 (0049000111) : 69458.79987856018 
0018000113 (0045000112) : 69646.55896164727 
0023000114 (0018000113) : 70278.11514754454 
0096000115 (0023000114) : 70320.57792916727 
0011000116 (0096000115) : 70598.12414247709 
0098000117 (0011000116) : 71496.99133604064 
0077000118 (0098000117) : 72499.22587954605 
0040000119 (0077000118) : 72499.86241639059 
0084000120 (0040000119) : 73617.00541396746 
0090000121 (0084000120) : 73830.9322706985 
0001000122 (0090000121) : 74471.80399566874 
0087000123 (0001000122) : 77280.6094419325 
0006000124 (0087000123) : 77676.5297334589 
0023000125 (0006000124) : 78257.30545196813 
0056000126 (0023000125) : 78493.40360323006 
0038000127 (0056000126) : 79016.13235133018 
0070000128 (0038000127) : 79098.37603279731 
0014000129 (0070000128) : 79557.02503486237 
0069000130 (0014000129) : 79939.89402691893 
0088000131 (0069000130) : 80546.05101104696 
0072000132 (0088000131) : 80654.2411608613 
0074000133 (0072000132) : 80803.70289676715 
0024000134 (0074000133) : 81736.03962761698 
0073000135 (0024000134) : 81927.00270360538 
0070000136 (0073000135) : 82676.58746851631 
0098000137 (0070000136) : 82732.38024086789 
0013000138 (0098000137) : 82921.29475002491 
0023000139 (0013000138) : 83323.74265003974 
0096000140 (0023000139) : 83799.09402292075 
0033000141 (0096000140) : 84445.6848163013 
0030000142 (0033000141) : 84864.75848644607 
0009000143 (0030000142) : 85436.03245759697 
0042000144 (0009000143) : 85533.39390216437 
0018000145 (0042000144) : 85910.48465111502 
0063000146 (0018000145) : 86118.20272420773 
0014000147 (0063000146) : 86466.3084754104 
0026000148 (0014000147) : 89028.9552551881 
0002000149 (0026000148) : 89515.72397890125 
0016000150 (0002000149) : 89836.78517791667 
0044000151 (0016000150) : 89868.34166696062 
0099000152 (0044000151) : 90620.15492195306 
0001000153 (0099000152) : 90919.33744996416 
0058000154 (0001000153) : 90983.65660176234 
0096000155 (0058000154) : 91391.63809498392 
0023000156 (0096000155) : 93325.90024347651 
0053000157 (0023000156) : 93431.67420756345 
0085000158 (0053000157) : 93652.257651832 
0043000159 (0085000158) : 94009.40437660327 
0067000160 (0043000159) : 94220.45033217988 
0085000161 (0067000160) : 95333.54018569361 
0029000162 (0085000161) : 95865.37487418216 
0067000163 (0029000162) : 96849.61866196156 
0032000164 (0067000163) : 97030.64967789575 
0001000165 (0032000164) : 98895.85696190289 
0002000166 (0001000165) : 99636.33995456218 
0023000167 (0002000166) : 99826.75519582299 
