0000000000 (genesis block) : 0 
0023000001 (0000000000) : 383.1879386319216 
0072000002 (0023000001) : 693.372595220677 
0025000003 (0072000002) : 1164.3645275829701 
0076000004 (0025000003) : 1307.113199468747 
0003000005 (0076000004) : 1808.1950380509347 
0035000006 (0003000005) : 2647.6428291393904 
0010000007 (0035000006) : 3066.4950443452353 
0026000008 (0010000007) : 3082.0207445752962 
0048000009 (0026000008) : 3307.969529123153 
0022000010 (0048000009) : 3550.1398156785112 
0031000011 (0022000010) : 4288.125478666192 
0045000012 (0031000011) : 5127.073922614158 
0086000013 (0045000012) : 6638.925466190176 
0050000014 (0086000013) : 7432.077411752843 
0078000015 (0050000014) : 7682.4684171032295 
0049000016 (0078000015) : 7713.5688489134845 
0087000017 (0049000016) : 8129.705603962103 
0000000018 (0087000017) : 8462.413734721515 
0009000019 (0000000018) : 8836.767017916447 
0016000020 (0009000019) : 9080.532621370568 
0063000021 (0016000020) : 10088.626728980234 
0023000022 (0063000021) : 10419.484142082336 
0092000023 (0023000022) : 10470.320704992911 
0061000024 (0092000023) : 10550.52367453181 
0017000025 (0061000024) : 10806.284176604377 
0088000026 (0017000025) : 11452.324793980995 
0023000027 (0088000026) : 11960.475816694134 
0001000028 (0023000027) : 12269.666688965948 
0030000029 (0001000028) : 14501.203088862749 
0040000030 (0030000029) : 15673.80518052541 
0071000031 (0040000030) : 16869.473430148173 
0023000032 (0071000031) : 17122.046807209084 
0024000033 (0023000032) : 17595.671362765777 
0095000034 (0024000033) : 18244.262166799042 
0088000035 (0095000034) : 19221.56412062171 
0018000036 (0088000035) : 20304.15071877525 
0038000037 (0018000036) : 20351.56462182614 
0080000038 (0038000037) : 20753.236579353947 
0074000039 (0080000038) : 21055.926380288907 
0090000040 (0074000039) : 21209.89586007006 
0080000041 (0090000040) : 22284.698950504127 
0099000042 (0080000041) : 22644.80894874497 
0060000043 (0099000042) : 26117.331215710714 
0012000044 (0060000043) : 26871.790879885135 
0023000045 (0012000044) : 27437.334024346197 
0089000046 (0023000045) : 27597.797009909158 
0004000047 (0089000046) : 28641.6318288273 
0093000048 (0004000047) : 29340.16091939879 
0023000049 (0093000048) : 29730.184467365692 
0076000050 (0023000049) : 30331.589284275375 
0032000051 (0076000050) : 31104.390975381353 
0023000052 (0032000051) : 32641.75001654023 
0074000053 (0023000052) : 32659.35925182056 
0042000054 (0074000053) : 34280.990031853486 
0097000055 (0042000054) : 34655.593396786826 
0038000056 (0097000055) : 34788.09991143287 
0035000057 (0038000056) : 34853.84610348142 
0071000058 (0035000057) : 35066.70972931513 
0068000059 (0071000058) : 35917.017698916396 
0018000060 (0068000059) : 36140.43724809957 
0040000061 (0018000060) : 36401.97283807779 
0075000062 (0040000061) : 38032.33596964945 
0017000063 (0075000062) : 38107.326854031104 
0032000064 (0017000063) : 38167.88918614916 
0080000065 (0032000064) : 39058.91292728858 
0012000066 (0080000065) : 40060.91742363293 
0073000067 (0012000066) : 42129.39119752523 
0058000068 (0073000067) : 42664.2776640093 
0047000069 (0058000068) : 43189.425211782815 
0081000070 (0047000069) : 44595.795181016234 
0011000071 (0081000070) : 45334.894583203335 
0049000072 (0011000071) : 45453.27962511383 
0023000073 (0049000072) : 46755.77618948376 
0049000074 (0023000073) : 47969.11639764604 
0093000075 (0049000074) : 48708.726708756374 
0028000076 (0093000075) : 49126.61885666076 
0023000077 (0028000076) : 49668.50512057374 
0076000078 (0023000077) : 50014.55441528704 
0014000079 (0076000078) : 50021.00788259762 
0060000080 (0014000079) : 50263.64496470061 
0010000081 (0060000080) : 50360.4929151563 
0045000082 (0010000081) : 50501.52205069197 
0055000083 (0045000082) : 53776.65588395334 
0053000084 (0055000083) : 53903.42116196433 
0079000085 (0053000084) : 54035.608497974405 
0023000086 (0079000085) : 54135.37516256833 
0081000087 (0023000086) : 56579.05774382006 
0022000088 (0081000087) : 56763.47962604861 
0030000089 (0022000088) : 57298.11026291735 
0023000090 (0030000089) : 58171.51459271966 
0037000091 (0023000090) : 58181.780644991835 
0039000092 (0037000091) : 58506.76810682289 
0043000093 (0039000092) : 58969.152210757115 
0045000094 (0043000093) : 59060.7458172448 
0089000095 (0045000094) : 59684.7273811469 
0039000096 (0089000095) : 60226.539575706425 
0083000097 (0039000096) : 61737.72214925955 
0093000098 (0083000097) : 62032.27172894747 
0091000099 (0093000098) : 62153.45329230735 
0041000100 (0091000099) : 62375.42736642991 
0022000101 (0041000100) : 62387.792421077276 
0035000102 (0022000101) : 62820.09470735934 
0026000103 (0035000102) : 63309.216159035 
0023000104 (0026000103) : 64190.90937207667 
0085000105 (0023000104) : 64400.92909765257 
0081000106 (0085000105) : 64428.24819335235 
0050000107 (0081000106) : 65228.84923941866 
0037000108 (0050000107) : 65298.86728880595 
0059000109 (0037000108) : 67367.0099756226 
0031000110 (0059000109) : 68927.75700184431 
0049000111 (0031000110) : 69454.1737764146 
0045000112 (0049000111) : 69458.50512622982 
0018000113 (0045000112) : 69646.57386354003 
0023000114 (0018000113) : 70277.94008869317 
0096000115 (0023000114) : 70319.98291492694 
0011000116 (0096000115) : 70597.8378270878 
0098000117 (0011000116) : 71496.69847784356 
0077000118 (0098000117) : 72498.92045323557 
0040000119 (0077000118) : 72499.77100812906 
0084000120 (0040000119) : 73616.40965806706 
0090000121 (0084000120) : 73830.63775421213 
0001000122 (0090000121) : 74472.39910623131 
0087000123 (0001000122) : 77280.32199814953 
0006000124 (0087000123) : 77676.19288027381 
0023000125 (0006000124) : 78257.13105947751 
0056000126 (0023000125) : 78493.27744351802 
0038000127 (0056000126) : 79015.79147580481 
0070000128 (0038000127) : 79098.1756277379 
0014000129 (0070000128) : 79557.09299159095 
0069000130 (0014000129) : 79939.7947237333 
0088000131 (0069000130) : 80546.07109947257 
0072000132 (0088000131) : 80654.66154889198 
0074000133 (0072000132) : 80803.62957756536 
0024000134 (0074000133) : 81735.51239132803 
0073000135 (0024000134) : 81926.93073575244 
0070000136 (0073000135) : 82676.38497886603 
0098000137 (0070000136) : 82732.09112575292 
0013000138 (0098000137) : 82921.2960691962 
0023000139 (0013000138) : 83323.56786835112 
0096000140 (0023000139) : 83798.49871691226 
0033000141 (0096000140) : 84445.48004908631 
0030000142 (0033000141) : 84864.67946165426 
0009000143 (0030000142) : 85436.19941184523 
0042000144 (0009000143) : 85533.03695183928 
0018000145 (0042000144) : 85910.50040610085 
0063000146 (0018000145) : 86117.73403381168 
0014000147 (0063000146) : 86466.37753083647 
0026000148 (0014000147) : 89028.73773666237 
0002000149 (0026000148) : 89515.44781051237 
0016000150 (0002000149) : 89836.48604736893 
0044000151 (0016000150) : 89868.12280609524 
0099000152 (0044000151) : 90619.87624655991 
0001000153 (0099000152) : 90919.93106503025 
0058000154 (0001000153) : 90983.10442811785 
0096000155 (0058000154) : 91391.04553542439 
0023000156 (0096000155) : 93325.72231424761 
0053000157 (0023000156) : 93431.33620649677 
0085000158 (0053000157) : 93651.9607916349 
0043000159 (0085000158) : 94009.32111342279 
0067000160 (0043000159) : 94220.31528837256 
0085000161 (0067000160) : 95333.24931300111 
0029000162 (0085000161) : 95865.96741817797 
0067000163 (0029000162) : 96849.48437918111 
0032000164 (0067000163) : 97030.37669303239 
0001000165 (0032000164) : 98896.45134427634 
0002000166 (0001000165) : 99636.06799613166 
0023000167 (0002000166) : 99826.57650464967 
