0000000000 (genesis block) : 0 
0023000001 (0000000000) : 383.04490291773635 
0072000002 (0023000001) : 693.0799104033176 
0025000003 (0072000002) : 1164.3211846174338 
0076000004 (0025000003) : 1307.1917541249902 
0003000005 (0076000004) : 1808.4872220316315 
0035000006 (0003000005) : 2647.781459980831 
0010000007 (0035000006) : 3066.545795193617 
0026000008 (0010000007) : 3081.9885702997803 
0048000009 (0026000008) : 3308.1167324762855 
0022000010 (0048000009) : 3549.8803255570965 
0031000011 (0022000010) : 4288.2691176053295 
0045000012 (0031000011) : 5127.220330610726 
0086000013 (0045000012) : 6638.977292773762 
0050000014 (0086000013) : 7432.135018706475 
0078000015 (0050000014) : 7682.177021120021 
0049000016 (0078000015) : 7713.862004897312 
0087000017 (0049000016) : 8129.734978775855 
0000000018 (0087000017) : 8462.371641506037 
0009000019 (0000000018) : 8836.714178202834 
0016000020 (0009000019) : 9080.82537054876 
0063000021 (0016000020) : 10088.84331382591 
0023000022 (0063000021) : 10419.341034692374 
0092000023 (0023000022) : 10470.027106166075 
0061000024 (0092000023) : 10550.815390088614 
0017000025 (0061000024) : 10806.441350935185 
0088000026 (0017000025) : 11452.391873208317 
0023000027 (0088000026) : 11960.326876890189 
0001000028 (0023000027) : 12269.58709678247 
0030000029 (0001000028) : 14501.052100689994 
0040000030 (0030000029) : 15673.580617020998 
0071000031 (0040000030) : 16869.671973372166 
0023000032 (0071000031) : 17121.903719376718 
0024000033 (0023000032) : 17595.73685408831 
0095000034 (0024000033) : 18244.327451789515 
0088000035 (0095000034) : 19221.62991896547 
0018000036 (0088000035) : 20304.154714839566 
0038000037 (0018000036) : 20351.571577383696 
0080000038 (0038000037) : 20752.945316344307 
0074000039 (0080000038) : 21056.077107607314 
0090000040 (0074000039) : 21209.737624494293 
0080000041 (0090000040) : 22284.405344973475 
0099000042 (0080000041) : 22644.748980891738 
0060000043 (0099000042) : 26117.627839777957 
0012000044 (0060000043) : 26871.731319177456 
0023000045 (0012000044) : 27437.19467010471 
0089000046 (0023000045) : 27598.019971570164 
0004000047 (0089000046) : 28641.585077600175 
0093000048 (0004000047) : 29340.1305441748 
0023000049 (0093000048) : 29730.034144003024 
0076000050 (0023000049) : 30331.67032078632 
0032000051 (0076000050) : 31104.32940842081 
0023000052 (0032000051) : 32641.61358883609 
0074000053 (0023000052) : 32659.503795312874 
0042000054 (0074000053) : 34281.03810996427 
0097000055 (0042000054) : 34655.74007304762 
0038000056 (0097000055) : 34788.101150242575 
0035000057 (0038000056) : 34853.986216627716 
0071000058 (0035000057) : 35066.91185961633 
0068000059 (0071000058) : 35916.85134735534 
0018000060 (0068000059) : 36140.43754894933 
0040000061 (0018000060) : 36401.74500733078 
0075000062 (0040000061) : 38032.416748216274 
0017000063 (0075000062) : 38107.481030842224 
0032000064 (0017000063) : 38167.83030096271 
0080000065 (0032000064) : 39058.61760358552 
0012000066 (0080000065) : 40060.85785145205 
0073000067 (0012000066) : 42129.534571530756 
0058000068 (0073000067) : 42664.53161420279 
0047000069 (0058000068) : 43189.49036764239 
0081000070 (0047000069) : 44595.80780425624 
0011000071 (0081000070) : 45335.033565721526 
0049000072 (0011000071) : 45453.57377419933 
0023000073 (0049000072) : 46755.63582973092 
0049000074 (0023000073) : 47969.40777797353 
0093000075 (0049000074) : 48708.6935282973 
0028000076 (0093000075) : 49126.59889165672 
0023000077 (0028000076) : 49668.36632021945 
0076000078 (0023000077) : 50014.63546371272 
0014000079 (0076000078) : 50021.0733873041 
0060000080 (0014000079) : 50263.937720480775 
0010000081 (0060000080) : 50360.54748909262 
0045000082 (0010000081) : 50501.66631494401 
0055000083 (0045000082) : 53776.63824922062 
0053000084 (0055000083) : 53903.48412417113 
0079000085 (0053000084) : 54035.59268771601 
0023000086 (0079000085) : 54135.232836499315 
0081000087 (0023000086) : 56579.07081568073 
0022000088 (0081000087) : 56763.222459192446 
0030000089 (0022000088) : 57297.9552714765 
0023000090 (0030000089) : 58171.37333805059 
0037000091 (0023000090) : 58181.944392387166 
0039000092 (0037000091) : 58506.47473036813 
0043000093 (0039000092) : 58969.0316821955 
0045000094 (0043000093) : 59060.8882690802 
0089000095 (0045000094) : 59684.94784543475 
0039000096 (0089000095) : 60226.24532800085 
0083000097 (0039000096) : 61737.72653371158 
0093000098 (0083000097) : 62032.241243836 
0091000099 (0093000098) : 62153.394603885026 
0041000100 (0091000099) : 62375.49267749281 
0022000101 (0041000100) : 62387.53538817455 
0035000102 (0022000101) : 62820.23199523041 
0026000103 (0035000102) : 63309.18223676484 
0023000104 (0026000103) : 64190.770661627816 
0085000105 (0023000104) : 64400.77087908158 
0081000106 (0085000105) : 64428.26258103558 
0050000107 (0081000106) : 65228.91169058002 
0037000108 (0050000107) : 65299.028654743954 
0059000109 (0037000108) : 67367.30218361306 
0031000110 (0059000109) : 68927.90500678685 
0049000111 (0031000110) : 69454.46851201539 
0045000112 (0049000111) : 69458.64931886586 
0018000113 (0045000112) : 69646.5796743722 
0023000114 (0018000113) : 70277.7987282884 
0096000115 (0023000114) : 70320.27463414603 
0011000116 (0096000115) : 70597.9774018489 
0098000117 (0011000116) : 71496.84060037821 
0077000118 (0098000117) : 72498.98517232871 
0040000119 (0077000118) : 72499.54487142248 
0084000120 (0040000119) : 73616.47483075157 
0090000121 (0084000120) : 73830.48246039242 
0001000122 (0090000121) : 74472.32042968133 
0087000123 (0001000122) : 77280.34848606883 
0006000124 (0087000123) : 77676.19179058197 
0023000125 (0006000124) : 78256.99291382392 
0056000126 (0023000125) : 78493.34344038808 
0038000127 (0056000126) : 79015.79437035655 
0070000128 (0038000127) : 79098.334070959 
0014000129 (0070000128) : 79557.15873407082 
0069000130 (0014000129) : 79939.5570683287 
0088000131 (0069000130) : 80546.12969171522 
0072000132 (0088000131) : 80654.36342579704 
0074000133 (0072000132) : 80803.77322891506 
0024000134 (0074000133) : 81735.57740508342 
0073000135 (0024000134) : 81927.07572989758 
0070000136 (0073000135) : 82676.54610473978 
0098000137 (0070000136) : 82732.23301773593 
0013000138 (0098000137) : 82921.14401666194 
0023000139 (0013000138) : 83323.42921020045 
0096000140 (0023000139) : 83798.79327384125 
0033000141 (0096000140) : 84445.73909218065 
0030000142 (0033000141) : 84864.52218004808 
0009000143 (0030000142) : 85436.1427650017 
0042000144 (0009000143) : 85533.08621208918 
0018000145 (0042000144) : 85910.50108963413 
0063000146 (0018000145) : 86117.95255404316 
0014000147 (0063000146) : 86466.44371654528 
0026000148 (0014000147) : 89028.70719931649 
0002000149 (0026000148) : 89515.38668348244 
0016000150 (0002000149) : 89836.77848968448 
0044000151 (0016000150) : 89868.06066585955 
0099000152 (0044000151) : 90619.81770267437 
0001000153 (0099000152) : 90919.8545081656 
0058000154 (0001000153) : 90983.35933169386 
0096000155 (0058000154) : 91391.33676775264 
0023000156 (0096000155) : 93325.57962041814 
0053000157 (0023000156) : 93431.40248446533 
0085000158 (0053000157) : 93651.80222515584 
0043000159 (0085000158) : 94009.20326118064 
0067000160 (0043000159) : 94220.46280785749 
0085000161 (0067000160) : 95333.09069908196 
0029000162 (0085000161) : 95865.95256315262 
0067000163 (0029000162) : 96849.62810620722 
0032000164 (0067000163) : 97030.31159895039 
0001000165 (0032000164) : 98896.3698685051 
0002000166 (0001000165) : 99636.00469549096 
0023000167 (0002000166) : 99826.43968883256 
