0000000000 (genesis block) : 0 
0023000001 (0000000000) : 383.1813491313729 
0072000002 (0023000001) : 693.2972954505951 
0025000003 (0072000002) : 1164.1957209476336 
0076000004 (0025000003) : 1306.9976945786764 
0003000005 (0076000004) : 1808.2770264115738 
0035000006 (0003000005) : 2647.535421061253 
0010000007 (0035000006) : 3066.8179115729904 
0026000008 (0010000007) : 3081.904006968531 
0048000009 (0026000008) : 3308.2946201534696 
0022000010 (0048000009) : 3550.1608764178477 
0031000011 (0022000010) : 4287.958166341111 
0045000012 (0031000011) : 5127.0284411782795 
0086000013 (0045000012) : 6639.207830090392 
0050000014 (0086000013) : 7432.120317011995 
0078000015 (0050000014) : 7682.602994163673 
0049000016 (0078000015) : 7713.673707020717 
0087000017 (0049000016) : 8129.66270764502 
0000000018 (0087000017) : 8462.297287744848 
0009000019 (0000000018) : 8836.78502183218 
0016000020 (0009000019) : 9080.638854386103 
0063000021 (0016000020) : 10088.299357066662 
0023000022 (0063000021) : 10419.479809864763 
0092000023 (0023000022) : 10470.569259178768 
0061000024 (0092000023) : 10550.815717665993 
0017000025 (0061000024) : 10805.959997877397 
0088000026 (0017000025) : 11452.380396264096 
0023000027 (0088000026) : 11960.459267060916 
0001000028 (0023000027) : 12269.722258739828 
0030000029 (0001000028) : 14501.095737343181 
0040000030 (0030000029) : 15673.68762478231 
0071000031 (0040000030) : 16869.57630684627 
0023000032 (0071000031) : 17122.037316367227 
0024000033 (0023000032) : 17595.945158584756 
0095000034 (0024000033) : 18244.50587694829 
0088000035 (0095000034) : 19221.620205376803 
0018000036 (0088000035) : 20304.086596208195 
0038000037 (0018000036) : 20351.79859107157 
0080000038 (0038000037) : 20753.361546559187 
0074000039 (0080000038) : 21055.95473813931 
0090000040 (0074000039) : 21209.845191775763 
0080000041 (0090000040) : 22284.822960240588 
0099000042 (0080000041) : 22644.9186389226 
0060000043 (0099000042) : 26117.65494910004 
0012000044 (0060000043) : 26871.896996277123 
0023000045 (0012000044) : 27437.326336804435 
0089000046 (0023000045) : 27597.68195221193 
0004000047 (0089000046) : 28641.670675706246 
0093000048 (0004000047) : 29340.0449457104 
0023000049 (0093000048) : 29730.170348102132 
0076000050 (0023000049) : 30331.472545925273 
0032000051 (0076000050) : 31104.50248080022 
0023000052 (0032000051) : 32641.741093113713 
0074000053 (0023000052) : 32659.3887410887 
0042000054 (0074000053) : 34281.244541556924 
0097000055 (0042000054) : 34655.91696418815 
0038000056 (0097000055) : 34788.3356289857 
0035000057 (0038000056) : 34853.73903784509 
0071000058 (0035000057) : 35066.81494035952 
0068000059 (0071000058) : 35916.9868272614 
0018000060 (0068000059) : 36140.36426496801 
0040000061 (0018000060) : 36401.85513480155 
0075000062 (0040000061) : 38032.66025402692 
0017000063 (0075000062) : 38107.00178827183 
0032000064 (0017000063) : 38167.9986252041 
0080000065 (0032000064) : 39059.03468520365 
0012000066 (0080000065) : 40061.02697047065 
0073000067 (0012000066) : 42129.42094535481 
0058000068 (0073000067) : 42664.36092728237 
0047000069 (0058000068) : 43189.48161053135 
0081000070 (0047000069) : 44595.831958278664 
0011000071 (0081000070) : 45334.747301917516 
0049000072 (0011000071) : 45453.37745816191 
0023000073 (0049000072) : 46755.77580548727 
0049000074 (0023000073) : 47969.219383635216 
0093000075 (0049000074) : 48708.608937527504 
0028000076 (0093000075) : 49126.51441307787 
0023000077 (0028000076) : 49668.495665245086 
0076000078 (0023000077) : 50014.43760959617 
0014000079 (0076000078) : 50021.04100321659 
0060000080 (0014000079) : 50263.96861799863 
0010000081 (0060000080) : 50360.81684498403 
0045000082 (0010000081) : 50501.47789877107 
0055000083 (0045000082) : 53776.770091043174 
0053000084 (0055000083) : 53903.50972538558 
0079000085 (0053000084) : 54035.89684785671 
0023000086 (0079000085) : 54135.366241168136 
0081000087 (0023000086) : 56579.09470601946 
0022000088 (0081000087) : 56763.50300513374 
0030000089 (0022000088) : 57297.99755683966 
0023000090 (0030000089) : 58171.50708164116 
0037000091 (0023000090) : 58181.8588472196 
0039000092 (0037000091) : 58506.83702194816 
0043000093 (0039000092) : 58969.16755186138 
0045000094 (0043000093) : 59060.696138637824 
0089000095 (0045000094) : 59684.6093871248 
0039000096 (0089000095) : 60226.60303496915 
0083000097 (0039000096) : 61737.95449068362 
0093000098 (0083000097) : 62032.15503256071 
0091000099 (0093000098) : 62153.49091912462 
0041000100 (0091000099) : 62375.48471322871 
0022000101 (0041000100) : 62387.81311877339 
0035000102 (0022000101) : 62819.9854509724 
0026000103 (0035000102) : 63309.100198411965 
0023000104 (0026000103) : 64190.90597595564 
0085000105 (0023000104) : 64401.19127328283 
0081000106 (0085000105) : 64428.285527939064 
0050000107 (0081000106) : 65228.88763090584 
0037000108 (0050000107) : 65298.94609894793 
0059000109 (0037000108) : 67367.29600415757 
0031000110 (0059000109) : 68927.59027853304 
0049000111 (0031000110) : 69454.27303133882 
0045000112 (0049000111) : 69458.46231830634 
0018000113 (0045000112) : 69646.51162753525 
0023000114 (0018000113) : 70277.93474553616 
0096000115 (0023000114) : 70320.28663191467 
0011000116 (0096000115) : 70597.69082468966 
0098000117 (0011000116) : 71496.53148276081 
0077000118 (0098000117) : 72499.07585385899 
0040000119 (0077000118) : 72499.65520692203 
0084000120 (0040000119) : 73616.73239461267 
0090000121 (0084000120) : 73830.59246848662 
0001000122 (0090000121) : 74472.45790429018 
0087000123 (0001000122) : 77280.27705886799 
0006000124 (0087000123) : 77676.42582405254 
0023000125 (0006000124) : 78257.1220814104 
0056000126 (0023000125) : 78493.51908342744 
0038000127 (0056000126) : 79016.02213523834 
0070000128 (0038000127) : 79098.24903087501 
0014000129 (0070000128) : 79557.13093559194 
0069000130 (0014000129) : 79939.79195660773 
0088000131 (0069000130) : 80546.12071458338 
0072000132 (0088000131) : 80654.58464577737 
0074000133 (0072000132) : 80803.66073634896 
0024000134 (0074000133) : 81735.78478420817 
0073000135 (0024000134) : 81926.95792107342 
0070000136 (0073000135) : 82676.46020191915 
0098000137 (0070000136) : 82731.92509692728 
0013000138 (0098000137) : 82921.25042793796 
0023000139 (0013000138) : 83323.56423885845 
0096000140 (0023000139) : 83798.80353114872 
0033000141 (0096000140) : 84445.77065069578 
0030000142 (0033000141) : 84864.56375379098 
0009000143 (0030000142) : 85436.22022667063 
0042000144 (0009000143) : 85533.29145967521 
0018000145 (0042000144) : 85910.43302842694 
0063000146 (0018000145) : 86117.40956990386 
0014000147 (0063000146) : 86466.41072334092 
0026000148 (0014000147) : 89028.62076056162 
0002000149 (0026000148) : 89515.5618330315 
0016000150 (0002000149) : 89836.59032309613 
0044000151 (0016000150) : 89868.18360609905 
0099000152 (0044000151) : 90619.98585274314 
0001000153 (0099000152) : 90919.99036951925 
0058000154 (0001000153) : 90983.18787518675 
0096000155 (0058000154) : 91391.35138960551 
0023000156 (0096000155) : 93325.71509146426 
0053000157 (0023000156) : 93431.42581011786 
0085000158 (0053000157) : 93652.22115720896 
0043000159 (0085000158) : 94009.33399469095 
0067000160 (0043000159) : 94220.34673156012 
0085000161 (0067000160) : 95333.51122575082 
0029000162 (0085000161) : 95866.1699490071 
0067000163 (0029000162) : 96849.51134967207 
0032000164 (0067000163) : 97030.48566824131 
0001000165 (0032000164) : 98896.50390989544 
0002000166 (0001000165) : 99636.17620199059 
0023000167 (0002000166) : 99826.57353333944 
