0000000000 (genesis block) : 0 
0023000001 (0000000000) : 383.05399735202553 
0072000002 (0023000001) : 693.2127182703839 
0025000003 (0072000002) : 1164.3536722492158 
0076000004 (0025000003) : 1307.2547052532175 
0003000005 (0076000004) : 1808.5594012300755 
0035000006 (0003000005) : 2647.7176000925306 
0010000007 (0035000006) : 3066.7938951317165 
0026000008 (0010000007) : 3082.0498234991073 
0048000009 (0026000008) : 3307.9751274783052 
0022000010 (0048000009) : 3549.914811447038 
0031000011 (0022000010) : 4288.274140345567 
0045000012 (0031000011) : 5127.222342031317 
0086000013 (0045000012) : 6638.983453140892 
0050000014 (0086000013) : 7432.141035148195 
0078000015 (0050000014) : 7682.42909033492 
0049000016 (0078000015) : 7713.931406380452 
0087000017 (0049000016) : 8129.569193630882 
0000000018 (0087000017) : 8462.446366451128 
0009000019 (0000000018) : 8836.71988490823 
0016000020 (0009000019) : 9080.816734890197 
0063000021 (0016000020) : 10088.902593326047 
0023000022 (0063000021) : 10419.348597145381 
0092000023 (0023000022) : 10470.399885275561 
0061000024 (0092000023) : 10550.893760985817 
0017000025 (0061000024) : 10806.32472117313 
0088000026 (0017000025) : 11452.464460663448 
0023000027 (0088000026) : 11960.334221715571 
0001000028 (0023000027) : 12269.59375564763 
0030000029 (0001000028) : 14501.009404869925 
0040000030 (0030000029) : 15673.5856497305 
0071000031 (0040000030) : 16869.682432083486 
0023000032 (0071000031) : 17121.91267997068 
0024000033 (0023000032) : 17596.016698097697 
0095000034 (0024000033) : 18244.576474397672 
0088000035 (0095000034) : 19221.706620763947 
0018000036 (0088000035) : 20304.1848125603 
0038000037 (0018000036) : 20351.338647969525 
0080000038 (0038000037) : 20752.92546517781 
0074000039 (0080000038) : 21056.08347082724 
0090000040 (0074000039) : 21209.986684787178 
0080000041 (0090000040) : 22284.387328438846 
0099000042 (0080000041) : 22644.58392366185 
0060000043 (0099000042) : 26117.703654409608 
0012000044 (0060000043) : 26871.561618419288 
0023000045 (0012000044) : 27437.200220480754 
0089000046 (0023000045) : 27598.078290503658 
0004000047 (0089000046) : 28641.46914324699 
0093000048 (0004000047) : 29340.168468800235 
0023000049 (0093000048) : 29730.042763204143 
0076000050 (0023000049) : 30331.72837879413 
0032000051 (0076000050) : 31104.16470056678 
0023000052 (0032000051) : 32641.619496922143 
0074000053 (0023000052) : 32659.511675093436 
0042000054 (0074000053) : 34281.271652530646 
0097000055 (0042000054) : 34655.96441257786 
0038000056 (0097000055) : 34787.87389937206 
0035000057 (0038000056) : 34853.92012033043 
0071000058 (0035000057) : 35066.91885759456 
0068000059 (0071000058) : 35916.8605195972 
0018000060 (0068000059) : 36140.46746918338 
0040000061 (0018000060) : 36401.757522335996 
0075000062 (0040000061) : 38032.393365022 
0017000063 (0075000062) : 38107.361635417554 
0032000064 (0017000063) : 38167.6630620578 
0080000065 (0032000064) : 39058.60029294664 
0012000066 (0080000065) : 40060.69030895521 
0073000067 (0012000066) : 42129.54204458626 
0058000068 (0073000067) : 42664.64085056662 
0047000069 (0058000068) : 43189.55961455575 
0081000070 (0047000069) : 44595.815189188026 
0011000071 (0081000070) : 45335.04276279341 
0049000072 (0011000071) : 45453.63821015587 
0023000073 (0049000072) : 46755.641920125585 
0049000074 (0023000073) : 47969.48069736995 
0093000075 (0049000074) : 48708.72528301018 
0028000076 (0093000075) : 49126.63143562424 
0023000077 (0028000076) : 49668.371693335655 
0076000078 (0023000077) : 50014.697500068716 
0014000079 (0076000078) : 50021.145216329656 
0060000080 (0014000079) : 50264.016799253935 
0010000081 (0060000080) : 50360.79590668706 
0045000082 (0010000081) : 50501.673142941596 
0055000083 (0045000082) : 53776.70175163838 
0053000084 (0055000083) : 53903.622884284494 
0079000085 (0053000084) : 54035.556503191336 
0023000086 (0079000085) : 54135.241372688324 
0081000087 (0023000086) : 56579.07282601073 
0022000088 (0081000087) : 56763.25243891177 
0030000089 (0022000088) : 57297.91716768838 
0023000090 (0030000089) : 58171.38062352082 
0037000091 (0023000090) : 58181.97890338591 
0039000092 (0037000091) : 58506.611802621264 
0043000093 (0039000092) : 58969.04015189383 
0045000094 (0043000093) : 59060.891661054906 
0089000095 (0045000094) : 59685.011249153664 
0039000096 (0089000095) : 60226.37903273093 
0083000097 (0039000096) : 61737.49609403932 
0093000098 (0083000097) : 62032.272301647914 
0091000099 (0093000098) : 62153.40428071549 
0041000100 (0091000099) : 62375.56822981303 
0022000101 (0041000100) : 62387.56726298397 
0035000102 (0022000101) : 62820.16477107004 
0026000103 (0035000102) : 63309.24023492772 
0023000104 (0026000103) : 64190.777416310666 
0085000105 (0023000104) : 64401.01832812221 
0081000106 (0085000105) : 64428.26769058634 
0050000107 (0081000106) : 65228.91590186526 
0037000108 (0050000107) : 65299.06285410973 
0059000109 (0037000108) : 67367.3826660773 
0031000110 (0059000109) : 68927.90846755692 
0049000111 (0031000110) : 69454.53437585096 
0045000112 (0049000111) : 69458.655218637 
0018000113 (0045000112) : 69646.60629422343 
0023000114 (0018000113) : 70277.80406689875 
0096000115 (0023000114) : 70320.34942331554 
0011000116 (0096000115) : 70597.9836839608 
0098000117 (0011000116) : 71496.84957522384 
0077000118 (0098000117) : 72499.26580077442 
0040000119 (0077000118) : 72499.55419463805 
0084000120 (0040000119) : 73616.7601610342 
0090000121 (0084000120) : 73830.73251365947 
0001000122 (0090000121) : 74472.32668191724 
0087000123 (0001000122) : 77280.18338895439 
0006000124 (0087000123) : 77675.82054124332 
0023000125 (0006000124) : 78256.99729306772 
0056000126 (0023000125) : 78493.4339199225 
0038000127 (0056000126) : 79015.56582040407 
0070000128 (0038000127) : 79098.36867824476 
0014000129 (0070000128) : 79557.23470830463 
0069000130 (0014000129) : 79939.56565248156 
0088000131 (0069000130) : 80546.20570543801 
0072000132 (0088000131) : 80654.49634432803 
0074000133 (0072000132) : 80803.7795663545 
0024000134 (0074000133) : 81735.856609042 
0073000135 (0024000134) : 81927.08144365993 
0070000136 (0073000135) : 82676.57826626266 
0098000137 (0070000136) : 82732.24057763632 
0013000138 (0098000137) : 82921.15005298611 
0023000139 (0013000138) : 83323.43432186045 
0096000140 (0023000139) : 83798.85956703681 
0033000141 (0096000140) : 84445.6204712781 
0030000142 (0033000141) : 84864.48060312979 
0009000143 (0030000142) : 85436.15441493384 
0042000144 (0009000143) : 85533.31934180767 
0018000145 (0042000144) : 85910.53373978382 
0063000146 (0018000145) : 86118.0106728339 
0014000147 (0063000146) : 86466.51803686592 
0026000148 (0014000147) : 89028.76304576216 
0002000149 (0026000148) : 89515.188233033 
0016000150 (0002000149) : 89836.76889991626 
0044000151 (0016000150) : 89867.86318002602 
0099000152 (0044000151) : 90619.65120040123 
0001000153 (0099000152) : 90919.86030406767 
0058000154 (0001000153) : 90983.46899850601 
0096000155 (0058000154) : 91391.41261108525 
0023000156 (0096000155) : 93325.58665631551 
0053000157 (0023000156) : 93431.53863569074 
0085000158 (0053000157) : 93652.05177522471 
0043000159 (0085000158) : 94009.21080058257 
0067000160 (0043000159) : 94220.47043686437 
0085000161 (0067000160) : 95333.33954984006 
0029000162 (0085000161) : 95866.08991120204 
0067000163 (0029000162) : 96849.63429177726 
0032000164 (0067000163) : 97030.14739510659 
0001000165 (0032000164) : 98896.37758201515 
0002000166 (0001000165) : 99635.81037083612 
0023000167 (0002000166) : 99826.44723642945 
