0000000000 (genesis block) : 0 
0023000001 (0000000000) : 383.11652111568486 
0072000002 (0023000001) : 693.1948489250765 
0025000003 (0072000002) : 1164.1282836178636 
0076000004 (0025000003) : 1307.2825677492508 
0003000005 (0076000004) : 1808.640211217043 
0035000006 (0003000005) : 2647.711755389139 
0010000007 (0035000006) : 3066.742874778834 
0026000008 (0010000007) : 3082.0834660387627 
0048000009 (0026000008) : 3307.9426221522317 
0022000010 (0048000009) : 3549.685698525226 
0031000011 (0022000010) : 4288.116775459409 
0045000012 (0031000011) : 5127.1455338504775 
0086000013 (0045000012) : 6638.895014821617 
0050000014 (0086000013) : 7432.1518554417025 
0078000015 (0050000014) : 7682.411565894047 
0049000016 (0078000015) : 7714.015483455768 
0087000017 (0049000016) : 8129.540029964841 
0000000018 (0087000017) : 8462.479429494735 
0009000019 (0000000018) : 8836.533730493824 
0016000020 (0009000019) : 9080.816970227117 
0063000021 (0016000020) : 10088.935064020567 
0023000022 (0063000021) : 10419.41591533553 
0092000023 (0023000022) : 10470.379729558972 
0061000024 (0092000023) : 10550.85113490456 
0017000025 (0061000024) : 10806.250078760955 
0088000026 (0017000025) : 11452.363741825156 
0023000027 (0088000026) : 11960.40192485208 
0001000028 (0023000027) : 12269.591807099392 
0030000029 (0001000028) : 14500.978875278925 
0040000030 (0030000029) : 15673.651796238993 
0071000031 (0040000030) : 16869.452524304423 
0023000032 (0071000031) : 17121.976647024454 
0024000033 (0023000032) : 17595.9301912251 
0095000034 (0024000033) : 18244.522376262084 
0088000035 (0095000034) : 19221.604325258475 
0018000036 (0088000035) : 20303.96109441898 
0038000037 (0018000036) : 20351.686276740136 
0080000038 (0038000037) : 20753.16755612441 
0074000039 (0080000038) : 21055.999581243028 
0090000040 (0074000039) : 21209.96765269883 
0080000041 (0090000040) : 22284.63050942915 
0099000042 (0080000041) : 22644.5513036614 
0060000043 (0099000042) : 26117.78690209858 
0012000044 (0060000043) : 26871.53209392311 
0023000045 (0012000044) : 27437.264417618786 
0089000046 (0023000045) : 27598.112720775014 
0004000047 (0089000046) : 28641.392621000436 
0093000048 (0004000047) : 29340.219183779955 
0023000049 (0093000048) : 29730.10753437755 
0076000050 (0023000049) : 30331.765212697657 
0032000051 (0076000050) : 31104.13620959778 
0023000052 (0032000051) : 32641.68161310107 
0074000053 (0023000052) : 32659.434837505116 
0042000054 (0074000053) : 34281.23998411828 
0097000055 (0042000054) : 34655.933633859946 
0038000056 (0097000055) : 34788.216055238154 
0035000057 (0038000056) : 34853.91325583867 
0071000058 (0035000057) : 35066.692799508164 
0068000059 (0071000058) : 35916.88799293907 
0018000060 (0068000059) : 36140.24137202068 
0040000061 (0018000060) : 36401.818885358334 
0075000062 (0040000061) : 38032.30257246198 
0017000063 (0075000062) : 38107.28609600781 
0032000064 (0017000063) : 38167.63480504549 
0080000065 (0032000064) : 39058.84722725224 
0012000066 (0080000065) : 40060.660949980964 
0073000067 (0012000066) : 42129.465966631215 
0058000068 (0073000067) : 42664.509276784855 
0047000069 (0058000068) : 43189.36439550981 
0081000070 (0047000069) : 44595.86720459499 
0011000071 (0081000070) : 45334.90227763005 
0049000072 (0011000071) : 45453.72214968366 
0023000073 (0049000072) : 46755.70907036729 
0049000074 (0023000073) : 47969.56279099309 
0093000075 (0049000074) : 48708.788372608025 
0028000076 (0093000075) : 49126.69659839242 
0023000077 (0028000076) : 49668.4340539168 
0076000078 (0023000077) : 50014.729999395706 
0014000079 (0076000078) : 50021.0442535155 
0060000080 (0014000079) : 50264.10132189445 
0010000081 (0060000080) : 50360.741248197184 
0045000082 (0010000081) : 50501.59410708545 
0055000083 (0045000082) : 53776.51836237988 
0053000084 (0055000083) : 53903.54283148168 
0079000085 (0053000084) : 54035.57789223894 
0023000086 (0079000085) : 54135.305646596215 
0081000087 (0023000086) : 56579.12843772222 
0022000088 (0081000087) : 56763.02915596493 
0030000089 (0022000088) : 57297.886589005044 
0023000090 (0030000089) : 58171.44608668243 
0037000091 (0023000090) : 58182.03625922273 
0039000092 (0037000091) : 58506.59090509034 
0043000093 (0039000092) : 58969.015763409334 
0045000094 (0043000093) : 59060.81730717891 
0089000095 (0045000094) : 59685.04020454848 
0039000096 (0089000095) : 60226.358239477864 
0083000097 (0039000096) : 61737.84396663007 
0093000098 (0083000097) : 62032.33247132615 
0091000099 (0093000098) : 62153.21823094168 
0041000100 (0091000099) : 62375.48900771272 
0022000101 (0041000100) : 62387.33959328149 
0035000102 (0022000101) : 62820.15953331991 
0026000103 (0035000102) : 63309.27691786632 
0023000104 (0026000103) : 64190.8425216643 
0085000105 (0023000104) : 64400.99976156518 
0081000106 (0085000105) : 64428.320156301575 
0050000107 (0081000106) : 65228.923219562384 
0037000108 (0050000107) : 65299.1224229045 
0059000109 (0037000108) : 67367.32974555413 
0031000110 (0059000109) : 68927.74818436525 
0049000111 (0031000110) : 69454.6239514608 
0045000112 (0049000111) : 69458.57898974765 
0018000113 (0045000112) : 69646.38837660545 
0023000114 (0018000113) : 70277.8709865437 
0096000115 (0023000114) : 70320.36235472772 
0011000116 (0096000115) : 70597.85037815529 
0098000117 (0011000116) : 71496.71426439229 
0077000118 (0098000117) : 72499.18033403065 
0040000119 (0077000118) : 72499.61836580354 
0084000120 (0040000119) : 73616.66967811255 
0090000121 (0084000120) : 73830.71071558115 
0001000122 (0090000121) : 74472.32181484229 
0087000123 (0001000122) : 77280.15400438495 
0006000124 (0087000123) : 77676.20450014707 
0023000125 (0006000124) : 78257.06234643831 
0056000126 (0023000125) : 78493.49676681633 
0038000127 (0056000126) : 79015.90983204977 
0070000128 (0038000127) : 79098.42723729982 
0014000129 (0070000128) : 79557.13642549884 
0069000130 (0014000129) : 79939.67258582266 
0088000131 (0069000130) : 80546.10321361307 
0072000132 (0088000131) : 80654.47836589915 
0074000133 (0072000132) : 80803.70233232707 
0024000134 (0074000133) : 81735.76833162793 
0073000135 (0024000134) : 81927.00318111916 
0070000136 (0073000135) : 82676.63734109787 
0098000137 (0070000136) : 82732.10351777644 
0013000138 (0098000137) : 82921.05499093767 
0023000139 (0013000138) : 83323.49962842061 
0096000140 (0023000139) : 83798.88162895261 
0033000141 (0096000140) : 84445.5437988025 
0030000142 (0033000141) : 84864.45081361219 
0009000143 (0030000142) : 85435.96878659484 
0042000144 (0009000143) : 85533.28440916148 
0018000145 (0042000144) : 85910.3067241415 
0063000146 (0018000145) : 86118.0428421595 
0014000147 (0063000146) : 86466.41679260312 
0026000148 (0014000147) : 89028.79907851055 
0002000149 (0026000148) : 89515.19536597043 
0016000150 (0002000149) : 89836.76519871608 
0044000151 (0016000150) : 89867.8659226253 
0099000152 (0044000151) : 90619.61979164946 
0001000153 (0099000152) : 90919.85598585714 
0058000154 (0001000153) : 90983.3343287871 
0096000155 (0058000154) : 91391.42910270658 
0023000156 (0096000155) : 93325.65199203268 
0053000157 (0023000156) : 93431.45845996148 
0085000158 (0053000157) : 93652.03167135277 
0043000159 (0085000158) : 94009.18350195153 
0067000160 (0043000159) : 94220.38730353696 
0085000161 (0067000160) : 95333.32001698096 
0029000162 (0085000161) : 95866.01069236321 
0067000163 (0029000162) : 96849.55702729204 
0032000164 (0067000163) : 97030.11817615191 
0001000165 (0032000164) : 98896.37876072242 
0002000166 (0001000165) : 99635.81001502581 
0023000167 (0002000166) : 99826.51433822262 
