0000000000 (genesis block) : 0 
0023000001 (0000000000) : 383.27309907783206 
0072000002 (0023000001) : 693.0794034059772 
0025000003 (0072000002) : 1164.2395008411643 
0076000004 (0025000003) : 1307.143219386062 
0003000005 (0076000004) : 1808.6922182830292 
0035000006 (0003000005) : 2647.793737030674 
0010000007 (0035000006) : 3066.854764549931 
0026000008 (0010000007) : 3082.051271001058 
0048000009 (0026000008) : 3308.054959871816 
0022000010 (0048000009) : 3549.7975056074324 
0031000011 (0022000010) : 4287.844963336401 
0045000012 (0031000011) : 5127.245317737887 
0086000013 (0045000012) : 6639.165602729338 
0050000014 (0086000013) : 7432.338019772503 
0078000015 (0050000014) : 7682.51951341294 
0049000016 (0078000015) : 7713.962778420873 
0087000017 (0049000016) : 8129.651542073817 
0000000018 (0087000017) : 8462.445047145977 
0009000019 (0000000018) : 8836.80580533262 
0016000020 (0009000019) : 9080.588764286373 
0063000021 (0016000020) : 10088.793567083556 
0023000022 (0063000021) : 10419.570531944566 
0092000023 (0023000022) : 10470.491617008842 
0061000024 (0092000023) : 10551.01501377498 
0017000025 (0061000024) : 10806.361075783436 
0088000026 (0017000025) : 11452.476665125914 
0023000027 (0088000026) : 11960.554784892389 
0001000028 (0023000027) : 12269.648654050927 
0030000029 (0001000028) : 14501.090771626974 
0040000030 (0030000029) : 15673.806186412647 
0071000031 (0040000030) : 16869.530760968864 
0023000032 (0071000031) : 17122.13123360789 
0024000033 (0023000032) : 17596.09578151237 
0095000034 (0024000033) : 18244.654359135726 
0088000035 (0095000034) : 19221.716277723022 
0018000036 (0088000035) : 20304.073812940536 
0038000037 (0018000036) : 20351.547376246865 
0080000038 (0038000037) : 20753.279148146772 
0074000039 (0080000038) : 21055.9527663431 
0090000040 (0074000039) : 21209.962660549176 
0080000041 (0090000040) : 22284.74273206321 
0099000042 (0080000041) : 22644.664797115405 
0060000043 (0099000042) : 26117.942335377036 
0012000044 (0060000043) : 26871.644641417213 
0023000045 (0012000044) : 27437.42384415318 
0089000046 (0023000045) : 27597.967829666526 
0004000047 (0089000046) : 28641.503606632206 
0093000048 (0004000047) : 29340.19249227124 
0023000049 (0093000048) : 29730.263982467917 
0076000050 (0023000049) : 30331.619532962948 
0032000051 (0076000050) : 31104.248878912033 
0023000052 (0032000051) : 32641.846042020745 
0074000053 (0023000052) : 32659.381784831556 
0042000054 (0074000053) : 34281.352115659705 
0097000055 (0042000054) : 34656.16987083984 
0038000056 (0097000055) : 34788.08015998677 
0035000057 (0038000056) : 34853.99805461902 
0071000058 (0035000057) : 35066.768584868914 
0068000059 (0071000058) : 35917.07910329123 
0018000060 (0068000059) : 36140.35459270766 
0040000061 (0018000060) : 36401.974692055504 
0075000062 (0040000061) : 38032.57494382982 
0017000063 (0075000062) : 38107.39869570933 
0032000064 (0017000063) : 38167.74669171735 
0080000065 (0032000064) : 39058.96164089365 
0012000066 (0080000065) : 40060.772302071295 
0073000067 (0012000066) : 42129.308652155276 
0058000068 (0073000067) : 42664.62177999804 
0047000069 (0058000068) : 43189.47689770223 
0081000070 (0047000069) : 44595.95413061634 
0011000071 (0081000070) : 45334.86424963178 
0049000072 (0011000071) : 45453.664299374075 
0023000073 (0049000072) : 46755.86385223052 
0049000074 (0023000073) : 47969.50688535828 
0093000075 (0049000074) : 48708.755362432195 
0028000076 (0093000075) : 49126.662829896035 
0023000077 (0028000076) : 49668.59487304525 
0076000078 (0023000077) : 50014.585502781374 
0014000079 (0076000078) : 50021.1560616555 
0060000080 (0014000079) : 50264.25441477342 
0010000081 (0060000080) : 50360.8536676655 
0045000082 (0010000081) : 50501.69787804941 
0055000083 (0045000082) : 53776.64019789593 
0053000084 (0055000083) : 53903.71531724198 
0079000085 (0053000084) : 54035.85211131699 
0023000086 (0079000085) : 54135.46161502735 
0081000087 (0023000086) : 56579.2152156434 
0022000088 (0081000087) : 56763.14057103676 
0030000089 (0022000088) : 57297.99894534228 
0023000090 (0030000089) : 58171.60221063929 
0037000091 (0023000090) : 58182.00599070572 
0039000092 (0037000091) : 58506.703132448034 
0043000093 (0039000092) : 58969.12794259292 
0045000094 (0043000093) : 59060.914471008 
0089000095 (0045000094) : 59684.89664215606 
0039000096 (0089000095) : 60226.472205727034 
0083000097 (0039000096) : 61737.95501713337 
0093000098 (0083000097) : 62032.304148074116 
0091000099 (0093000098) : 62153.48981737244 
0041000100 (0091000099) : 62375.586802926795 
0022000101 (0041000100) : 62387.45220796243 
0035000102 (0022000101) : 62820.244783670256 
0026000103 (0035000102) : 63309.247871299136 
0023000104 (0026000103) : 64191.00018970296 
0085000105 (0023000104) : 64401.110973748604 
0081000106 (0085000105) : 64428.40917151818 
0050000107 (0081000106) : 65229.10682648229 
0037000108 (0050000107) : 65299.09183024269 
0059000109 (0037000108) : 67367.51655521429 
0031000110 (0059000109) : 68927.47770719604 
0049000111 (0031000110) : 69454.559436135 
0045000112 (0049000111) : 69458.67869996474 
0018000113 (0045000112) : 69646.49557935464 
0023000114 (0018000113) : 70278.02748042128 
0096000115 (0023000114) : 70320.58021268457 
0011000116 (0096000115) : 70597.80797011754 
0098000117 (0011000116) : 71496.64966197872 
0077000118 (0098000117) : 72499.07979837929 
0040000119 (0077000118) : 72499.77591944937 
0084000120 (0040000119) : 73616.94038673396 
0090000121 (0084000120) : 73830.71105650028 
0001000122 (0090000121) : 74472.37994099925 
0087000123 (0001000122) : 77280.2649767604 
0006000124 (0087000123) : 77676.31711169331 
0023000125 (0006000124) : 78257.21936429157 
0056000126 (0023000125) : 78493.60264544365 
0038000127 (0056000126) : 79015.7718191391 
0070000128 (0038000127) : 79098.39610592302 
0014000129 (0070000128) : 79557.24730894729 
0069000130 (0014000129) : 79939.78429404598 
0088000131 (0069000130) : 80546.21534652829 
0072000132 (0088000131) : 80654.36393440297 
0074000133 (0072000132) : 80803.65547609942 
0024000134 (0074000133) : 81735.93438469774 
0073000135 (0024000134) : 81926.84376691791 
0070000136 (0073000135) : 82676.60714797575 
0098000137 (0070000136) : 82732.04144827381 
0013000138 (0098000137) : 82921.32531454715 
0023000139 (0013000138) : 83323.65586510072 
0096000140 (0023000139) : 83799.10332294222 
0033000141 (0096000140) : 84445.65700007645 
0030000142 (0033000141) : 84864.56390029877 
0009000143 (0030000142) : 85436.2455045037 
0042000144 (0009000143) : 85533.39712008255 
0018000145 (0042000144) : 85910.4211510071 
0063000146 (0018000145) : 86117.90230399267 
0014000147 (0063000146) : 86466.5291152942 
0026000148 (0014000147) : 89028.76865746647 
0002000149 (0026000148) : 89515.3068163006 
0016000150 (0002000149) : 89836.54354704253 
0044000151 (0016000150) : 89867.97791100047 
0099000152 (0044000151) : 90619.73365232597 
0001000153 (0099000152) : 90919.91538480108 
0058000154 (0001000153) : 90983.44525436968 
0096000155 (0058000154) : 91391.6443211548 
0023000156 (0096000155) : 93325.81064061829 
0053000157 (0023000156) : 93431.63494338338 
0085000158 (0053000157) : 93652.1436608227 
0043000159 (0085000158) : 94009.29542248815 
0067000160 (0043000159) : 94220.40443373837 
0085000161 (0067000160) : 95333.43273169776 
0029000162 (0085000161) : 95865.95200199295 
0067000163 (0029000162) : 96849.5738040093 
0032000164 (0067000163) : 97030.22982324721 
0001000165 (0032000164) : 98896.43329165518 
0002000166 (0001000165) : 99635.9219583213 
0023000167 (0002000166) : 99826.66864863076 
