0000000000 (genesis block) : 0 
0023000001 (0000000000) : 383.23640456791617 
0072000002 (0023000001) : 693.1679065677124 
0025000003 (0072000002) : 1164.3069916957645 
0076000004 (0025000003) : 1307.237049112448 
0003000005 (0076000004) : 1808.5442436757 
0035000006 (0003000005) : 2647.3532385515705 
0010000007 (0035000006) : 3066.7419799266395 
0026000008 (0010000007) : 3082.0337182903863 
0048000009 (0026000008) : 3307.9462928554676 
0022000010 (0048000009) : 3549.884844004437 
0031000011 (0022000010) : 4288.046753322904 
0045000012 (0031000011) : 5127.018539434464 
0086000013 (0045000012) : 6639.167345041116 
0050000014 (0086000013) : 7432.108749925305 
0078000015 (0050000014) : 7682.482973408438 
0049000016 (0078000015) : 7714.005706852832 
0087000017 (0049000016) : 8129.543114957709 
0000000018 (0087000017) : 8462.427447562675 
0009000019 (0000000018) : 8836.79187427857 
0016000020 (0009000019) : 9080.457602002978 
0063000021 (0016000020) : 10088.771603794587 
0023000022 (0063000021) : 10419.533477323643 
0092000023 (0023000022) : 10470.4554156674 
0061000024 (0092000023) : 10550.801542222238 
0017000025 (0061000024) : 10806.045575100354 
0088000026 (0017000025) : 11452.392755061997 
0023000027 (0088000026) : 11960.517857285991 
0001000028 (0023000027) : 12269.640334197069 
0030000029 (0001000028) : 14500.622265783612 
0040000030 (0030000029) : 15673.769296941242 
0071000031 (0040000030) : 16869.394768624647 
0023000032 (0071000031) : 17122.0954727218 
0024000033 (0023000032) : 17596.138982882112 
0095000034 (0024000033) : 18244.701569446494 
0088000035 (0095000034) : 19221.62924162007 
0018000036 (0088000035) : 20304.158864790537 
0038000037 (0018000036) : 20351.730776950197 
0080000038 (0038000037) : 20753.173059126195 
0074000039 (0080000038) : 21055.952512575746 
0090000040 (0074000039) : 21209.856096855485 
0080000041 (0090000040) : 22284.634233341563 
0099000042 (0080000041) : 22644.557057662223 
0060000043 (0099000042) : 26117.910595792502 
0012000044 (0060000043) : 26871.53533543868 
0023000045 (0012000044) : 27437.38502911752 
0089000046 (0023000045) : 27598.00951078677 
0004000047 (0089000046) : 28641.441665050294 
0093000048 (0004000047) : 29340.148706940454 
0023000049 (0093000048) : 29730.22711072036 
0076000050 (0023000049) : 30331.71534584281 
0032000051 (0076000050) : 31104.139722085543 
0023000052 (0032000051) : 32641.805519707428 
0074000053 (0023000052) : 32659.386074730024 
0042000054 (0074000053) : 34281.23176256744 
0097000055 (0042000054) : 34656.061873908715 
0038000056 (0097000055) : 34788.26168897674 
0035000057 (0038000056) : 34853.55754183351 
0071000058 (0035000057) : 35066.63266005061 
0068000059 (0071000058) : 35917.04261083979 
0018000060 (0068000059) : 36140.44018776074 
0040000061 (0018000060) : 36401.93675082982 
0075000062 (0040000061) : 38032.65922784829 
0017000063 (0075000062) : 38107.084816798095 
0032000064 (0017000063) : 38167.636537210616 
0080000065 (0032000064) : 39058.85123061271 
0012000066 (0080000065) : 40060.66402164906 
0073000067 (0012000066) : 42129.41927437727 
0058000068 (0073000067) : 42664.29315229399 
0047000069 (0058000068) : 43189.490267712565 
0081000070 (0047000069) : 44595.8194120055 
0011000071 (0081000070) : 45334.836500590136 
0049000072 (0011000071) : 45453.712483020674 
0023000073 (0049000072) : 46755.82586701489 
0049000074 (0023000073) : 47969.55092436177 
0093000075 (0049000074) : 48708.71443233484 
0028000076 (0093000075) : 49126.61660498688 
0023000077 (0028000076) : 49668.5575619665 
0076000078 (0023000077) : 50014.678223755815 
0014000079 (0076000078) : 50021.06956637365 
0060000080 (0014000079) : 50264.22719244457 
0010000081 (0060000080) : 50360.74081205367 
0045000082 (0010000081) : 50501.46432190154 
0055000083 (0045000082) : 53776.72863367538 
0053000084 (0055000083) : 53903.498033098185 
0079000085 (0053000084) : 54035.88466955437 
0023000086 (0079000085) : 54135.424460746726 
0081000087 (0023000086) : 56579.08055265109 
0022000088 (0081000087) : 56763.226597898254 
0030000089 (0022000088) : 57297.52630921475 
0023000090 (0030000089) : 58171.56479941171 
0037000091 (0023000090) : 58181.960784504394 
0039000092 (0037000091) : 58506.66560497889 
0043000093 (0039000092) : 58969.02059979381 
0045000094 (0043000093) : 59060.68822077861 
0089000095 (0045000094) : 59684.93783735526 
0039000096 (0089000095) : 60226.43515876044 
0083000097 (0039000096) : 61737.8845618828 
0093000098 (0083000097) : 62032.256852416904 
0091000099 (0093000098) : 62153.48073236539 
0041000100 (0091000099) : 62375.54144655955 
0022000101 (0041000100) : 62387.53977523539 
0035000102 (0022000101) : 62819.80321407542 
0026000103 (0035000102) : 63309.22550892173 
0023000104 (0026000103) : 64190.96066127762 
0085000105 (0023000104) : 64401.07496054988 
0081000106 (0085000105) : 64428.27498670338 
0050000107 (0081000106) : 65228.877831084166 
0037000108 (0050000107) : 65299.04779814619 
0059000109 (0037000108) : 67367.28367628815 
0031000110 (0059000109) : 68927.68069556444 
0049000111 (0031000110) : 69454.60243835836 
0045000112 (0049000111) : 69458.44890800059 
0018000113 (0045000112) : 69646.58098015364 
0023000114 (0018000113) : 70277.98958883247 
0096000115 (0023000114) : 70320.44531150462 
0011000116 (0096000115) : 70597.77808625402 
0098000117 (0011000116) : 71496.64220216799 
0077000118 (0098000117) : 72498.94095981959 
0040000119 (0077000118) : 72499.73625143486 
0084000120 (0040000119) : 73616.87676598554 
0090000121 (0084000120) : 73830.60186331852 
0001000122 (0090000121) : 74472.37336567974 
0087000123 (0001000122) : 77280.1601505647 
0006000124 (0087000123) : 77676.21064642727 
0023000125 (0006000124) : 78257.18020052213 
0056000126 (0023000125) : 78493.5485035328 
0038000127 (0056000126) : 79015.95230132462 
0070000128 (0038000127) : 79098.35367067972 
0014000129 (0070000128) : 79557.15969018379 
0069000130 (0014000129) : 79939.74942122535 
0088000131 (0069000130) : 80546.13096875617 
0072000132 (0088000131) : 80654.4542073359 
0074000133 (0072000132) : 80803.65630606966 
0024000134 (0074000133) : 81735.97909109331 
0073000135 (0024000134) : 81926.95870256008 
0070000136 (0073000135) : 82676.56306373015 
0098000137 (0070000136) : 82732.03468453012 
0013000138 (0098000137) : 82921.31643698628 
0023000139 (0013000138) : 83323.619003991 
0096000140 (0023000139) : 83798.95901601714 
0033000141 (0096000140) : 84445.59414766367 
0030000142 (0033000141) : 84864.09201126796 
0009000143 (0030000142) : 85436.22809124937 
0042000144 (0009000143) : 85533.27664235656 
0018000145 (0042000144) : 85910.50605572516 
0063000146 (0018000145) : 86117.88528754286 
0014000147 (0063000146) : 86466.44241454075 
0026000148 (0014000147) : 89028.74954438579 
0002000149 (0026000148) : 89515.19548490997 
0016000150 (0002000149) : 89836.40776734242 
0044000151 (0016000150) : 89867.87043569276 
0099000152 (0044000151) : 90619.62432099812 
0001000153 (0099000152) : 90919.90682093364 
0058000154 (0001000153) : 90983.12010230272 
0096000155 (0058000154) : 91391.51343187384 
0023000156 (0096000155) : 93325.77113506202 
0053000157 (0023000156) : 93431.41646802156 
0085000158 (0053000157) : 93652.10685942012 
0043000159 (0085000158) : 94009.18895615143 
0067000160 (0043000159) : 94220.34118941339 
0085000161 (0067000160) : 95333.39598800929 
0029000162 (0085000161) : 95866.04395239768 
0067000163 (0029000162) : 96849.50959182758 
0032000164 (0067000163) : 97030.12055230633 
0001000165 (0032000164) : 98896.4272886274 
0002000166 (0001000165) : 99635.8152201922 
0023000167 (0002000166) : 99826.63432072413 
