0000000000 (genesis block) : 0 
0023000001 (0000000000) : 382.95020484374163 
0072000002 (0023000001) : 693.3393303320526 
0025000003 (0072000002) : 1164.5052427684718 
0076000004 (0025000003) : 1307.298696135079 
0003000005 (0076000004) : 1808.3018799734043 
0035000006 (0003000005) : 2647.9194205274016 
0010000007 (0035000006) : 3066.4397581704998 
0026000008 (0010000007) : 3082.0973263975357 
0048000009 (0026000008) : 3308.114873315632 
0022000010 (0048000009) : 3550.1808131773814 
0031000011 (0022000010) : 4288.310412286173 
0045000012 (0031000011) : 5127.3461512145 
0086000013 (0045000012) : 6639.014395564535 
0050000014 (0086000013) : 7432.347231630961 
0078000015 (0050000014) : 7682.661425564253 
0049000016 (0078000015) : 7713.936857252616 
0087000017 (0049000016) : 8129.883742839651 
0000000018 (0087000017) : 8462.339408828908 
0009000019 (0000000018) : 8836.910236402973 
0016000020 (0009000019) : 9080.800017820231 
0063000021 (0016000020) : 10088.94424661557 
0023000022 (0063000021) : 10419.24604703756 
0092000023 (0023000022) : 10470.511997339603 
0061000024 (0092000023) : 10550.634694187753 
0017000025 (0061000024) : 10806.558831575667 
0088000026 (0017000025) : 11452.26900540656 
0023000027 (0088000026) : 11960.234750147785 
0001000028 (0023000027) : 12269.853267674822 
0030000029 (0001000028) : 14501.306758819837 
0040000030 (0030000029) : 15673.856154213046 
0071000031 (0040000030) : 16869.73747021667 
0023000032 (0071000031) : 17121.80848211221 
0024000033 (0023000032) : 17595.742045474006 
0095000034 (0024000033) : 18244.29681120663 
0088000035 (0095000034) : 19221.508329735563 
0018000036 (0088000035) : 20304.092444290884 
0038000037 (0018000036) : 20351.965101675818 
0080000038 (0038000037) : 20753.432496852678 
0074000039 (0080000038) : 21056.06473916721 
0090000040 (0074000039) : 21210.126042239543 
0080000041 (0090000040) : 22284.892388397035 
0099000042 (0080000041) : 22644.896712109294 
0060000043 (0099000042) : 26117.753734847844 
0012000044 (0060000043) : 26871.877077625533 
0023000045 (0012000044) : 27437.097838586644 
0089000046 (0023000045) : 27598.118596572767 
0004000047 (0089000046) : 28641.737733232276 
0093000048 (0004000047) : 29340.213163201937 
0023000049 (0093000048) : 29729.9349979275 
0076000050 (0023000049) : 30331.77111320021 
0032000051 (0076000050) : 31104.48056547655 
0023000052 (0032000051) : 32641.512697102884 
0074000053 (0023000052) : 32659.498533552607 
0042000054 (0074000053) : 34280.93155439527 
0097000055 (0042000054) : 34655.86669365445 
0038000056 (0097000055) : 34788.502412499955 
0035000057 (0038000056) : 34854.118868259415 
0071000058 (0035000057) : 35066.97935713857 
0068000059 (0071000058) : 35917.1534934525 
0018000060 (0068000059) : 36140.378602951554 
0040000061 (0018000060) : 36402.020830605805 
0075000062 (0040000061) : 38032.42446983079 
0017000063 (0075000062) : 38107.60136278526 
0032000064 (0017000063) : 38167.97965969634 
0080000065 (0032000064) : 39059.10785022141 
0012000066 (0080000065) : 40061.00544572799 
0073000067 (0012000066) : 42129.53068513798 
0058000068 (0073000067) : 42664.04953278471 
0047000069 (0058000068) : 43189.36885472441 
0081000070 (0047000069) : 44596.011537784616 
0011000071 (0081000070) : 45335.169858290465 
0049000072 (0011000071) : 45453.64531824198 
0023000073 (0049000072) : 46755.54115069719 
0049000074 (0023000073) : 47969.48637436504 
0093000075 (0049000074) : 48708.775039851665 
0028000076 (0093000075) : 49126.6829566476 
0023000077 (0028000076) : 49668.26770394648 
0076000078 (0023000077) : 50014.736174474056 
0014000079 (0076000078) : 50020.94818866045 
0060000080 (0014000079) : 50264.067856994705 
0010000081 (0060000080) : 50360.43653466572 
0045000082 (0010000081) : 50501.79400886117 
0055000083 (0045000082) : 53776.682814567794 
0053000084 (0055000083) : 53903.4513919304 
0079000085 (0053000084) : 54035.698479512495 
0023000086 (0079000085) : 54135.13501233822 
0081000087 (0023000086) : 56579.27245544419 
0022000088 (0081000087) : 56763.5211146373 
0030000089 (0022000088) : 57298.209040226626 
0023000090 (0030000089) : 58171.27617908895 
0037000091 (0023000090) : 58181.68402890077 
0039000092 (0037000091) : 58506.95752817529 
0043000093 (0039000092) : 58968.92259370976 
0045000094 (0043000093) : 59061.011773049184 
0089000095 (0045000094) : 59685.04881868202 
0039000096 (0089000095) : 60226.730099141605 
0083000097 (0039000096) : 61738.12077843406 
0093000098 (0083000097) : 62032.320337028315 
0091000099 (0093000098) : 62153.67184764528 
0041000100 (0091000099) : 62375.37003553473 
0022000101 (0041000100) : 62387.83074971863 
0035000102 (0022000101) : 62820.363975986314 
0026000103 (0035000102) : 63309.288199876144 
0023000104 (0026000103) : 64190.66993062301 
0085000105 (0023000104) : 64401.179716588755 
0081000106 (0085000105) : 64428.46651607167 
0050000107 (0081000106) : 65229.12329256054 
0037000108 (0050000107) : 65298.77321144925 
0059000109 (0037000108) : 67367.19063631509 
0031000110 (0059000109) : 68927.9460740618 
0049000111 (0031000110) : 69454.5415355038 
0045000112 (0049000111) : 69458.7808990705 
0018000113 (0045000112) : 69646.51646100626 
0023000114 (0018000113) : 70277.70032912167 
0096000115 (0023000114) : 70320.2187508866 
0011000116 (0096000115) : 70598.10418347747 
0098000117 (0011000116) : 71496.9754042822 
0077000118 (0098000117) : 72498.98734668267 
0040000119 (0077000118) : 72499.81809722848 
0084000120 (0040000119) : 73616.60511348557 
0090000121 (0084000120) : 73830.87349102528 
0001000122 (0090000121) : 74472.58324458386 
0087000123 (0001000122) : 77280.49866029514 
0006000124 (0087000123) : 77676.45535541211 
0023000125 (0006000124) : 78256.89162148257 
0056000126 (0023000125) : 78492.99000074847 
0038000127 (0056000126) : 79016.19456642253 
0070000128 (0038000127) : 79098.03142718894 
0014000129 (0070000128) : 79557.03687666568 
0069000130 (0014000129) : 79939.95425636035 
0088000131 (0069000130) : 80546.00777437753 
0072000132 (0088000131) : 80654.62498310632 
0074000133 (0072000132) : 80803.76673480659 
0024000134 (0074000133) : 81735.57589785155 
0073000135 (0024000134) : 81927.06924429881 
0070000136 (0073000135) : 82676.2444761138 
0098000137 (0070000136) : 82732.36405416304 
0013000138 (0098000137) : 82921.41690647097 
0023000139 (0013000138) : 83323.33274692287 
0096000140 (0023000139) : 83798.73746428803 
0033000141 (0096000140) : 84445.67011058169 
0030000142 (0033000141) : 84864.77927931918 
0009000143 (0030000142) : 85436.34208235166 
0042000144 (0009000143) : 85532.9801508394 
0018000145 (0042000144) : 85910.44136336997 
0063000146 (0018000145) : 86118.05500483043 
0014000147 (0063000146) : 86466.31932769615 
0026000148 (0014000147) : 89028.81666737617 
0002000149 (0026000148) : 89515.53664450134 
0016000150 (0002000149) : 89836.75114936182 
0044000151 (0016000150) : 89868.21210035257 
0099000152 (0044000151) : 90619.96412919126 
0001000153 (0099000152) : 90920.11645499324 
0058000154 (0001000153) : 90982.87484463026 
0096000155 (0058000154) : 91391.29421523098 
0023000156 (0096000155) : 93325.481657088 
0053000157 (0023000156) : 93431.37247118256 
0085000158 (0053000157) : 93652.21498985695 
0043000159 (0085000158) : 94009.08998789609 
0067000160 (0043000159) : 94220.52228641373 
0085000161 (0067000160) : 95333.50481132542 
0029000162 (0085000161) : 95866.15409436304 
0067000163 (0029000162) : 96849.68851722484 
0032000164 (0067000163) : 97030.461475382 
0001000165 (0032000164) : 98896.6374109007 
0002000166 (0001000165) : 99636.15666840084 
0023000167 (0002000166) : 99826.34035228717 
