0000000000 (genesis block) : 0 
0023000001 (0000000000) : 383.3125088666241 
0072000002 (0023000001) : 693.4770658745709 
0025000003 (0072000002) : 1164.410235656603 
0076000004 (0025000003) : 1307.3897670487763 
0003000005 (0076000004) : 1808.5729364367091 
0035000006 (0003000005) : 2647.720128175916 
0010000007 (0035000006) : 3066.8757920292855 
0026000008 (0010000007) : 3082.1854850891104 
0048000009 (0026000008) : 3308.076564221906 
0022000010 (0048000009) : 3549.969512300692 
0031000011 (0022000010) : 4288.201425588619 
0045000012 (0031000011) : 5127.146912144465 
0086000013 (0045000012) : 6639.20871507016 
0050000014 (0086000013) : 7432.150327472603 
0078000015 (0050000014) : 7682.690536951477 
0049000016 (0078000015) : 7713.947315615579 
0087000017 (0049000016) : 8129.673925077862 
0000000018 (0087000017) : 8462.576527863472 
0009000019 (0000000018) : 8836.82194004555 
0016000020 (0009000019) : 9080.821150026391 
0063000021 (0016000020) : 10088.966905347484 
0023000022 (0063000021) : 10419.613925404823 
0092000023 (0023000022) : 10470.662311977694 
0061000024 (0092000023) : 10550.511544968851 
0017000025 (0061000024) : 10806.382290285246 
0088000026 (0017000025) : 11452.521718844202 
0023000027 (0088000026) : 11960.59474510663 
0001000028 (0023000027) : 12269.65673141522 
0030000029 (0001000028) : 14501.11458779374 
0040000030 (0030000029) : 15673.891656645716 
0071000031 (0040000030) : 16869.756979144113 
0023000032 (0071000031) : 17122.1789931044 
0024000033 (0023000032) : 17595.985527969915 
0095000034 (0024000033) : 18244.543780136868 
0088000035 (0095000034) : 19221.761735758555 
0018000036 (0088000035) : 20304.244081132492 
0038000037 (0018000036) : 20351.86329178447 
0080000038 (0038000037) : 20753.305049642855 
0074000039 (0080000038) : 21056.00319643519 
0090000040 (0074000039) : 21210.066763718234 
0080000041 (0090000040) : 22284.76588231409 
0099000042 (0080000041) : 22644.687825716992 
0060000043 (0099000042) : 26117.713466865385 
0012000044 (0060000043) : 26871.66705146052 
0023000045 (0012000044) : 27437.460224870192 
0089000046 (0023000045) : 27598.14194765318 
0004000047 (0089000046) : 28641.526560700633 
0093000048 (0004000047) : 29340.298019540784 
0023000049 (0093000048) : 29730.300927865657 
0076000050 (0023000049) : 30331.86620620088 
0032000051 (0076000050) : 31104.27104262522 
0023000052 (0032000051) : 32641.872238711752 
0074000053 (0023000052) : 32659.434197024435 
0042000054 (0074000053) : 34281.27941568648 
0097000055 (0042000054) : 34655.970945964116 
0038000056 (0097000055) : 34788.39251774852 
0035000057 (0038000056) : 34853.92571591381 
0071000058 (0035000057) : 35066.995787015716 
0068000059 (0071000058) : 35917.08941759763 
0018000060 (0068000059) : 36140.52467207771 
0040000061 (0018000060) : 36402.05944842874 
0075000062 (0040000061) : 38032.71420076205 
0017000063 (0075000062) : 38107.42140886264 
0032000064 (0017000063) : 38167.76872594172 
0080000065 (0032000064) : 39058.98350321326 
0012000066 (0080000065) : 40060.79590960483 
0073000067 (0012000066) : 42129.46585260395 
0058000068 (0073000067) : 42664.61380154264 
0047000069 (0058000068) : 43189.62236568937 
0081000070 (0047000069) : 44595.81416880695 
0011000071 (0081000070) : 45334.96636769014 
0049000072 (0011000071) : 45453.65859162537 
0023000073 (0049000072) : 46755.903342107646 
0049000074 (0023000073) : 47969.494478742614 
0093000075 (0049000074) : 48708.861078080015 
0028000076 (0093000075) : 49126.767568323725 
0023000077 (0028000076) : 49668.62622028601 
0076000078 (0023000077) : 50014.8286323286 
0014000079 (0076000078) : 50021.20312063084 
0060000080 (0014000079) : 50264.02434850346 
0010000081 (0060000080) : 50360.870965508184 
0045000082 (0010000081) : 50501.59839201707 
0055000083 (0045000082) : 53776.64442692762 
0053000084 (0055000083) : 53903.540932357064 
0079000085 (0053000084) : 54035.933375292625 
0023000086 (0079000085) : 54135.500671780734 
0081000087 (0023000086) : 56579.077275762415 
0022000088 (0081000087) : 56763.31623531562 
0030000089 (0022000088) : 57298.02038864584 
0023000090 (0030000089) : 58171.63938067917 
0037000091 (0023000090) : 58181.76842931561 
0039000092 (0037000091) : 58506.8736783306 
0043000093 (0039000092) : 58969.15274124375 
0045000094 (0043000093) : 59060.81768991945 
0089000095 (0045000094) : 59685.07476007479 
0039000096 (0089000095) : 60226.64117441283 
0083000097 (0039000096) : 61738.0145200886 
0093000098 (0083000097) : 62032.40967504771 
0091000099 (0093000098) : 62153.50692455884 
0041000100 (0091000099) : 62375.62549539807 
0022000101 (0041000100) : 62387.6221154216 
0035000102 (0022000101) : 62820.16702861853 
0026000103 (0035000102) : 63309.37596536658 
0023000104 (0026000103) : 64191.03332912406 
0085000105 (0023000104) : 64401.282310536255 
0081000106 (0085000105) : 64428.26961080862 
0050000107 (0081000106) : 65228.92825763752 
0037000108 (0050000107) : 65298.85411013302 
0059000109 (0037000108) : 67366.99547020187 
0031000110 (0059000109) : 68927.83247806817 
0049000111 (0031000110) : 69454.55333437075 
0045000112 (0049000111) : 69458.58361666685 
0018000113 (0045000112) : 69646.66594110732 
0023000114 (0018000113) : 70278.0626091195 
0096000115 (0023000114) : 70320.36336739364 
0011000116 (0096000115) : 70597.9080325314 
0098000117 (0011000116) : 71496.77624570893 
0077000118 (0098000117) : 72499.2296204899 
0040000119 (0077000118) : 72499.85995497653 
0084000120 (0040000119) : 73616.78806569084 
0090000121 (0084000120) : 73830.81548989611 
0001000122 (0090000121) : 74472.38744029227 
0087000123 (0001000122) : 77280.28870711912 
0006000124 (0087000123) : 77676.34046602537 
0023000125 (0006000124) : 78257.25307569545 
0056000126 (0023000125) : 78493.44638447894 
0038000127 (0056000126) : 79016.08361224589 
0070000128 (0038000127) : 79098.16142706804 
0014000129 (0070000128) : 79557.29116828249 
0069000130 (0014000129) : 79939.95560985479 
0088000131 (0069000130) : 80546.26117007766 
0072000132 (0088000131) : 80654.76201028837 
0074000133 (0072000132) : 80803.70380833895 
0024000134 (0074000133) : 81735.82440382884 
0073000135 (0024000134) : 81927.00681043908 
0070000136 (0073000135) : 82676.37221413989 
0098000137 (0070000136) : 82732.16634716623 
0013000138 (0098000137) : 82921.34499765304 
0023000139 (0013000138) : 83323.69784600759 
0096000140 (0023000139) : 83798.87937707287 
0033000141 (0096000140) : 84445.10207616247 
0030000142 (0033000141) : 84864.58581704112 
0009000143 (0030000142) : 85436.25436359142 
0042000144 (0009000143) : 85533.32655723346 
0018000145 (0042000144) : 85910.58900788552 
0063000146 (0018000145) : 86118.07783964268 
0014000147 (0063000146) : 86466.57555645192 
0026000148 (0014000147) : 89028.90608015202 
0002000149 (0026000148) : 89515.32821631689 
0016000150 (0002000149) : 89836.7704824963 
0044000151 (0016000150) : 89868.00379084269 
0099000152 (0044000151) : 90619.75559437794 
0001000153 (0099000152) : 90919.91803087252 
0058000154 (0001000153) : 90983.4397668409 
0096000155 (0058000154) : 91391.42511200256 
0023000156 (0096000155) : 93325.84719475632 
0053000157 (0023000156) : 93431.45958667829 
0085000158 (0053000157) : 93652.3160352915 
0043000159 (0085000158) : 94009.3221659859 
0067000160 (0043000159) : 94220.38811970041 
0085000161 (0067000160) : 95333.60255756081 
0029000162 (0085000161) : 95865.95463658326 
0067000163 (0029000162) : 96849.55821558314 
0032000164 (0067000163) : 97030.2515252403 
0001000165 (0032000164) : 98896.43830791973 
0002000166 (0001000165) : 99635.94596663097 
0023000167 (0002000166) : 99826.70341616563 
