0000000000 (genesis block) : 0 
0023000001 (0000000000) : 382.88350862795306 
0072000002 (0023000001) : 693.4062785686633 
0025000003 (0072000002) : 1164.5094965943788 
0076000004 (0025000003) : 1307.2476840491358 
0003000005 (0076000004) : 1808.3672183666768 
0035000006 (0003000005) : 2647.8567086113885 
0010000007 (0035000006) : 3066.3731365377316 
0026000008 (0010000007) : 3082.101147378624 
0048000009 (0026000008) : 3308.1167769384656 
0022000010 (0048000009) : 3550.2462767936117 
0031000011 (0022000010) : 4288.243052178664 
0045000012 (0031000011) : 5127.281889834544 
0086000013 (0045000012) : 6639.079253743382 
0050000014 (0086000013) : 7432.285251707237 
0078000015 (0050000014) : 7682.596409895587 
0049000016 (0078000015) : 7713.8710446103405 
0087000017 (0049000016) : 8129.914575758728 
0000000018 (0087000017) : 8462.34298401448 
0009000019 (0000000018) : 8836.962041965238 
0016000020 (0009000019) : 9080.732052635496 
0063000021 (0016000020) : 10088.894672751303 
0023000022 (0063000021) : 10419.180763118722 
0092000023 (0023000022) : 10470.447087845214 
0061000024 (0092000023) : 10550.567773763325 
0017000025 (0061000024) : 10806.547450397851 
0088000026 (0017000025) : 11452.33596803751 
0023000027 (0088000026) : 11960.166013308231 
0001000028 (0023000027) : 12269.806753008874 
0030000029 (0001000028) : 14501.371620157906 
0040000030 (0030000029) : 15673.85827038245 
0071000031 (0040000030) : 16869.67228878175 
0023000032 (0071000031) : 17121.742988600385 
0024000033 (0023000032) : 17595.674410915322 
0095000034 (0024000033) : 18244.229144791025 
0088000035 (0095000034) : 19221.574582059988 
0018000036 (0088000035) : 20304.159687872685 
0038000037 (0018000036) : 20351.9162038734 
0080000038 (0038000037) : 20753.366239131585 
0074000039 (0080000038) : 21055.998262319594 
0090000040 (0074000039) : 21210.085516452487 
0080000041 (0090000040) : 22284.82511878882 
0099000042 (0080000041) : 22644.926111413664 
0060000043 (0099000042) : 26117.68899782638 
0012000044 (0060000043) : 26871.942579865685 
0023000045 (0012000044) : 27437.03044843381 
0089000046 (0023000045) : 27598.06891270282 
0004000047 (0089000046) : 28641.80385659359 
0093000048 (0004000047) : 29340.21479352286 
0023000049 (0093000048) : 29729.870599642385 
0076000050 (0023000049) : 30331.723859339174 
0032000051 (0076000050) : 31104.548755462605 
0023000052 (0032000051) : 32641.44596832007 
0074000053 (0023000052) : 32659.431018573305 
0042000054 (0074000053) : 34280.86740904216 
0097000055 (0042000054) : 34655.800317903195 
0038000056 (0097000055) : 34788.458137991394 
0035000057 (0038000056) : 34854.054594135356 
0071000058 (0035000057) : 35066.912657956134 
0068000059 (0071000058) : 35917.14320089141 
0018000060 (0068000059) : 36140.443860566214 
0040000061 (0018000060) : 36402.02526214678 
0075000062 (0040000061) : 38032.490219925785 
0017000063 (0075000062) : 38107.58306847871 
0032000064 (0017000063) : 38168.04456999395 
0080000065 (0032000064) : 39059.04056115862 
0012000066 (0080000065) : 40061.0712524891 
0073000067 (0012000066) : 42129.46434208767 
0058000068 (0073000067) : 42664.11412582191 
0047000069 (0058000068) : 43189.433604184516 
0081000070 (0047000069) : 44595.967273032664 
0011000071 (0081000070) : 45335.10437383564 
0049000072 (0011000071) : 45453.578727683554 
0023000073 (0049000072) : 46755.47374771622 
0049000074 (0023000073) : 47969.42140328746 
0093000075 (0049000074) : 48708.777860867216 
0028000076 (0093000075) : 49126.68567213025 
0023000077 (0028000076) : 49668.19882100195 
0076000078 (0023000077) : 50014.690994890996 
0014000079 (0076000078) : 50021.013589269474 
0060000080 (0014000079) : 50264.00121059647 
0010000081 (0060000080) : 50360.370695926285 
0045000082 (0010000081) : 50501.73059201173 
0055000083 (0045000082) : 53776.617140623304 
0053000084 (0055000083) : 53903.386534843776 
0079000085 (0053000084) : 54035.72911146083 
0023000086 (0079000085) : 54135.070485127995 
0081000087 (0023000086) : 56579.227061157195 
0022000088 (0081000087) : 56763.58738946354 
0030000089 (0022000088) : 57298.27440800887 
0023000090 (0030000089) : 58171.21085726132 
0037000091 (0023000090) : 58181.685294730814 
0039000092 (0037000091) : 58506.89313362135 
0043000093 (0039000092) : 58968.98704956821 
0045000094 (0043000093) : 59060.947210254184 
0089000095 (0045000094) : 59684.99856339634 
0039000096 (0089000095) : 60226.66463068426 
0083000097 (0039000096) : 61738.08094800288 
0093000098 (0083000097) : 62032.32367420219 
0091000099 (0093000098) : 62153.64598410454 
0041000100 (0091000099) : 62375.434645019006 
0022000101 (0041000100) : 62387.89519169279 
0035000102 (0022000101) : 62820.30401501678 
0026000103 (0035000102) : 63309.291802804015 
0023000104 (0026000103) : 64190.60256327034 
0085000105 (0023000104) : 64401.11533696787 
0081000106 (0085000105) : 64428.42287156187 
0050000107 (0081000106) : 65229.060440966736 
0037000108 (0050000107) : 65298.77414073733 
0059000109 (0037000108) : 67367.15008423125 
0031000110 (0059000109) : 68927.87998318319 
0049000111 (0031000110) : 69454.47487582613 
0045000112 (0049000111) : 69458.71432564867 
0018000113 (0045000112) : 69646.58193160946 
0023000114 (0018000113) : 70277.63467804571 
0096000115 (0023000114) : 70320.15270789171 
0011000116 (0096000115) : 70598.0446910878 
0098000117 (0011000116) : 71496.9124821652 
0077000118 (0098000117) : 72498.91981166837 
0040000119 (0077000118) : 72499.82081327806 
0084000120 (0040000119) : 73616.5405205293 
0090000121 (0084000120) : 73830.82590670238 
0001000122 (0090000121) : 74472.53281803081 
0087000123 (0001000122) : 77280.53182943085 
0006000124 (0087000123) : 77676.48602378934 
0023000125 (0006000124) : 78256.82542624943 
0056000126 (0023000125) : 78492.92385188355 
0038000127 (0056000126) : 79016.15085826493 
0070000128 (0038000127) : 79098.03534840884 
0014000129 (0070000128) : 79557.10351615178 
0069000130 (0014000129) : 79939.9452396512 
0088000131 (0069000130) : 80546.07245558019 
0072000132 (0088000131) : 80654.69025529492 
0074000133 (0072000132) : 80803.70133938377 
0024000134 (0074000133) : 81735.51114700515 
0073000135 (0024000134) : 81927.0030319001 
0070000136 (0073000135) : 82676.24767223823 
0098000137 (0070000136) : 82732.30297269394 
0013000138 (0098000137) : 82921.41910170914 
0023000139 (0013000138) : 83323.26787613913 
0096000140 (0023000139) : 83798.66979254641 
0033000141 (0096000140) : 84445.61898568601 
0030000142 (0033000141) : 84864.84603878691 
0009000143 (0030000142) : 85436.39322449265 
0042000144 (0009000143) : 85532.91364662517 
0018000145 (0042000144) : 85910.50858490601 
0063000146 (0018000145) : 86118.00547035348 
0014000147 (0063000146) : 86466.38458347457 
0026000148 (0014000147) : 89028.8208570899 
0002000149 (0026000148) : 89515.60272138898 
0016000150 (0002000149) : 89836.68536982627 
0044000151 (0016000150) : 89868.27799211052 
0099000152 (0044000151) : 90619.98759439444 
0001000153 (0099000152) : 90920.06788754954 
0058000154 (0001000153) : 90982.94084230055 
0096000155 (0058000154) : 91391.22391029098 
0023000156 (0096000155) : 93325.41687303764 
0053000157 (0023000156) : 93431.30252832 
0085000158 (0053000157) : 93652.15019214716 
0043000159 (0085000158) : 94009.15475218433 
0067000160 (0043000159) : 94220.45255592579 
0085000161 (0067000160) : 95333.43867502676 
0029000162 (0085000161) : 95866.10742779671 
0067000163 (0029000162) : 96849.62158433406 
0032000164 (0067000163) : 97030.52974499438 
0001000165 (0032000164) : 98896.59070984655 
0002000166 (0001000165) : 99636.22302641552 
0023000167 (0002000166) : 99826.27465327243 
