0000000000 (genesis block) : 0 
0023000001 (0000000000) : 383.2644761935316 
0072000002 (0023000001) : 693.2100965853942 
0025000003 (0072000002) : 1164.3091582465802 
0076000004 (0025000003) : 1307.1657719742564 
0003000005 (0076000004) : 1808.653934283221 
0035000006 (0003000005) : 2647.5896988109057 
0010000007 (0035000006) : 3066.8401705108818 
0026000008 (0010000007) : 3082.069678228409 
0048000009 (0026000008) : 3308.155539784562 
0022000010 (0048000009) : 3550.028495525734 
0031000011 (0022000010) : 4288.070893283158 
0045000012 (0031000011) : 5127.017784927936 
0086000013 (0045000012) : 6639.189728802772 
0050000014 (0086000013) : 7432.110412065981 
0078000015 (0050000014) : 7682.659427040463 
0049000016 (0078000015) : 7713.727000004327 
0087000017 (0049000016) : 8129.650319471896 
0000000018 (0087000017) : 8462.461793402266 
0009000019 (0000000018) : 8836.508432107443 
0016000020 (0009000019) : 9080.688379421406 
0063000021 (0016000020) : 10088.793973015532 
0023000022 (0063000021) : 10419.561263882022 
0092000023 (0023000022) : 10470.550151703268 
0061000024 (0092000023) : 10550.802292701683 
0017000025 (0061000024) : 10806.277073237592 
0088000026 (0017000025) : 11451.919674898058 
0023000027 (0088000026) : 11960.547113429113 
0001000028 (0023000027) : 12269.462425539125 
0030000029 (0001000028) : 14501.146692215269 
0040000030 (0030000029) : 15673.80924586762 
0071000031 (0040000030) : 16869.6280318606 
0023000032 (0071000031) : 17122.13035367912 
0024000033 (0023000032) : 17595.902624135626 
0095000034 (0024000033) : 18244.491475686136 
0088000035 (0095000034) : 19221.15936292508 
0018000036 (0088000035) : 20303.744409431485 
0038000037 (0018000036) : 20351.92209966249 
0080000038 (0038000037) : 20753.379810931343 
0074000039 (0080000038) : 21055.95341234034 
0090000040 (0074000039) : 21209.934871503752 
0080000041 (0090000040) : 22284.844915987676 
0099000042 (0080000041) : 22644.736748972744 
0060000043 (0099000042) : 26117.79405621958 
0012000044 (0060000043) : 26871.745610185255 
0023000045 (0012000044) : 27437.41049376477 
0089000046 (0023000045) : 27597.987007471467 
0004000047 (0089000046) : 28641.591981912446 
0093000048 (0004000047) : 29340.20713620188 
0023000049 (0093000048) : 29730.253258797664 
0076000050 (0023000049) : 30331.638237701736 
0032000051 (0076000050) : 31104.347775819726 
0023000052 (0032000051) : 32641.826019152864 
0074000053 (0023000052) : 32659.38679729003 
0042000054 (0074000053) : 34281.23347351449 
0097000055 (0042000054) : 34655.90851466605 
0038000056 (0097000055) : 34788.45300980759 
0035000057 (0038000056) : 34853.79093634582 
0071000058 (0035000057) : 35066.867441316965 
0068000059 (0071000058) : 35917.04244518581 
0018000060 (0068000059) : 36140.028703128955 
0040000061 (0018000060) : 36401.97443367339 
0075000062 (0040000061) : 38032.60053756566 
0017000063 (0075000062) : 38107.32005391605 
0032000064 (0017000063) : 38167.84753037074 
0080000065 (0032000064) : 39059.06044340406 
0012000066 (0080000065) : 40060.87882646302 
0073000067 (0012000066) : 42129.41843050497 
0058000068 (0073000067) : 42664.44930407441 
0047000069 (0058000068) : 43189.018710765406 
0081000070 (0047000069) : 44595.82080359588 
0011000071 (0081000070) : 45334.83388046603 
0049000072 (0011000071) : 45453.43408009983 
0023000073 (0049000072) : 46755.85571951288 
0049000074 (0023000073) : 47969.27578053264 
0093000075 (0049000074) : 48708.776061553915 
0028000076 (0093000075) : 49126.67792687896 
0023000077 (0028000076) : 49668.57900043556 
0076000078 (0023000077) : 50014.60561244492 
0014000079 (0076000078) : 50020.547490759825 
0060000080 (0014000079) : 50264.10291352644 
0010000081 (0060000080) : 50360.84273763396 
0045000082 (0010000081) : 50501.46549247183 
0055000083 (0045000082) : 53776.27760390422 
0053000084 (0055000083) : 53903.497600189236 
0079000085 (0053000084) : 54035.872987780655 
0023000086 (0079000085) : 54135.44849774198 
0081000087 (0023000086) : 56579.083377181 
0022000088 (0081000087) : 56763.36766481199 
0030000089 (0022000088) : 57298.05034158582 
0023000090 (0030000089) : 58171.59186458181 
0037000091 (0023000090) : 58182.02049778528 
0039000092 (0037000091) : 58506.84316478693 
0043000093 (0039000092) : 58969.19342014855 
0045000094 (0043000093) : 59060.68262416121 
0089000095 (0045000094) : 59684.915169140506 
0039000096 (0089000095) : 60226.60992930169 
0083000097 (0039000096) : 61738.07462273354 
0093000098 (0083000097) : 62032.319662287875 
0091000099 (0093000098) : 62153.36224914909 
0041000100 (0091000099) : 62375.23776469106 
0022000101 (0041000100) : 62387.67858295701 
0035000102 (0022000101) : 62820.03844883099 
0026000103 (0035000102) : 63309.26319349559 
0023000104 (0026000103) : 64190.986637047565 
0085000105 (0023000104) : 64401.23967304152 
0081000106 (0085000105) : 64428.27480439948 
0050000107 (0081000106) : 65228.87576949096 
0037000108 (0050000107) : 65299.10885680229 
0059000109 (0037000108) : 67367.28579798587 
0031000110 (0059000109) : 68927.70490321603 
0049000111 (0031000110) : 69454.32953776958 
0045000112 (0049000111) : 69458.44820547306 
0018000113 (0045000112) : 69646.16849138465 
0023000114 (0018000113) : 70278.01553828001 
0096000115 (0023000114) : 70320.44080334314 
0011000116 (0096000115) : 70597.7778522787 
0098000117 (0011000116) : 71496.64558118144 
0077000118 (0098000117) : 72499.15420814553 
0040000119 (0077000118) : 72499.7716930732 
0084000120 (0040000119) : 73616.64113954117 
0090000121 (0084000120) : 73830.68255844663 
0001000122 (0090000121) : 74472.19288580991 
0087000123 (0001000122) : 77280.26563882633 
0006000124 (0087000123) : 77676.41788426637 
0023000125 (0006000124) : 78257.2060619909 
0056000126 (0023000125) : 78493.39165721864 
0038000127 (0056000126) : 79016.13941265774 
0070000128 (0038000127) : 79098.414327928 
0014000129 (0070000128) : 79556.63593620739 
0069000130 (0014000129) : 79939.909952272 
0088000131 (0069000130) : 80545.66006056558 
0072000132 (0088000131) : 80654.49336203517 
0074000133 (0072000132) : 80803.65671051742 
0024000134 (0074000133) : 81735.74090646364 
0073000135 (0024000134) : 81926.96262159318 
0070000136 (0073000135) : 82676.62358739752 
0098000137 (0070000136) : 82732.03460414539 
0013000138 (0098000137) : 82921.2034589862 
0023000139 (0013000138) : 83323.64912523936 
0096000140 (0023000139) : 83798.95761837107 
0033000141 (0096000140) : 84445.7574619448 
0030000142 (0033000141) : 84864.62242150858 
0009000143 (0030000142) : 85435.94055863145 
0042000144 (0009000143) : 85533.27780539329 
0018000145 (0042000144) : 85910.09316837954 
0063000146 (0018000145) : 86117.90409398761 
0014000147 (0063000146) : 86465.91701346905 
0026000148 (0014000147) : 89028.78526277422 
0002000149 (0026000148) : 89515.40791739302 
0016000150 (0002000149) : 89836.64162755631 
0044000151 (0016000150) : 89868.08580461353 
0099000152 (0044000151) : 90619.80360302978 
0001000153 (0099000152) : 90919.72868201387 
0058000154 (0001000153) : 90983.27487437337 
0096000155 (0058000154) : 91391.50633226316 
0023000156 (0096000155) : 93325.80043490633 
0053000157 (0023000156) : 93431.41312378518 
0085000158 (0053000157) : 93652.2736344933 
0043000159 (0085000158) : 94009.36278587974 
0067000160 (0043000159) : 94220.3415913001 
0085000161 (0067000160) : 95333.56059580373 
0029000162 (0085000161) : 95865.77033233938 
0067000163 (0029000162) : 96849.50925252524 
0032000164 (0067000163) : 97030.33072687541 
0001000165 (0032000164) : 98896.24807323854 
0002000166 (0001000165) : 99636.02457142853 
0023000167 (0002000166) : 99826.65922805191 
