0000000000 (genesis block) : 0 
0023000001 (0000000000) : 383.2740259258875 
0072000002 (0023000001) : 693.0413674641944 
0025000003 (0072000002) : 1164.5677803331246 
0076000004 (0025000003) : 1307.445605307448 
0003000005 (0076000004) : 1808.7654480685296 
0035000006 (0003000005) : 2647.8171018625953 
0010000007 (0035000006) : 3066.766013431978 
0026000008 (0010000007) : 3082.240016996981 
0048000009 (0026000008) : 3308.384217301557 
0022000010 (0048000009) : 3550.2275377536594 
0031000011 (0022000010) : 4288.154419880874 
0045000012 (0031000011) : 5127.295624249806 
0086000013 (0045000012) : 6639.331248474684 
0050000014 (0086000013) : 7432.304140194326 
0078000015 (0050000014) : 7682.718184654947 
0049000016 (0078000015) : 7714.031639534212 
0087000017 (0049000016) : 8129.917124796747 
0000000018 (0087000017) : 8462.635575899849 
0009000019 (0000000018) : 8836.51254721058 
0016000020 (0009000019) : 9080.840431134002 
0063000021 (0016000020) : 10089.094735440693 
0023000022 (0063000021) : 10419.572369588755 
0092000023 (0023000022) : 10470.686723649314 
0061000024 (0092000023) : 10550.812603220922 
0017000025 (0061000024) : 10806.507843485462 
0088000026 (0017000025) : 11452.22223291564 
0023000027 (0088000026) : 11960.55974608349 
0001000028 (0023000027) : 12269.160082977976 
0030000029 (0001000028) : 14501.376068521038 
0040000030 (0030000029) : 15673.811214963542 
0071000031 (0040000030) : 16869.643873072557 
0023000032 (0071000031) : 17122.135505565217 
0024000033 (0023000032) : 17596.20534986154 
0095000034 (0024000033) : 18244.794000933704 
0088000035 (0095000034) : 19221.462493734325 
0018000036 (0088000035) : 20304.048657412775 
0038000037 (0018000036) : 20351.88159083207 
0080000038 (0038000037) : 20753.48092506667 
0074000039 (0080000038) : 21055.912148119263 
0090000040 (0074000039) : 21210.213181405554 
0080000041 (0090000040) : 22284.943111541634 
0099000042 (0080000041) : 22645.039548981607 
0060000043 (0099000042) : 26118.01588334268 
0012000044 (0060000043) : 26872.0482144632 
0023000045 (0012000044) : 27437.42475477951 
0089000046 (0023000045) : 27598.270235151565 
0004000047 (0089000046) : 28641.816477048596 
0093000048 (0004000047) : 29340.380162926587 
0023000049 (0093000048) : 29730.262579483333 
0076000050 (0023000049) : 30331.921476133328 
0032000051 (0076000050) : 31104.65109506973 
0023000052 (0032000051) : 32641.839155213802 
0074000053 (0023000052) : 32659.341153976733 
0042000054 (0074000053) : 34281.25988039207 
0097000055 (0042000054) : 34656.21091586684 
0038000056 (0097000055) : 34788.417824755095 
0035000057 (0038000056) : 34854.02065638823 
0071000058 (0035000057) : 35066.88541258835 
0068000059 (0071000058) : 35917.114659037565 
0018000060 (0068000059) : 36140.33107353235 
0040000061 (0018000060) : 36401.978362505135 
0075000062 (0040000061) : 38032.844688070196 
0017000063 (0075000062) : 38107.54783369252 
0032000064 (0017000063) : 38168.15047931975 
0080000065 (0032000064) : 39059.15468612668 
0012000066 (0080000065) : 40061.18122396704 
0073000067 (0012000066) : 42129.37683804249 
0058000068 (0073000067) : 42664.753146230236 
0047000069 (0058000068) : 43189.32155739521 
0081000070 (0047000069) : 44596.01576111573 
0011000071 (0081000070) : 45335.126009923864 
0049000072 (0011000071) : 45453.738318528165 
0023000073 (0049000072) : 46755.867028711335 
0049000074 (0023000073) : 47969.57821128193 
0093000075 (0049000074) : 48708.94450303658 
0028000076 (0093000075) : 49126.85084414554 
0023000077 (0028000076) : 49668.58986212253 
0076000078 (0023000077) : 50014.8872278517 
0014000079 (0076000078) : 50020.85017762512 
0060000080 (0014000079) : 50264.32492781206 
0010000081 (0060000080) : 50360.76131201606 
0045000082 (0010000081) : 50501.74262097538 
0055000083 (0045000082) : 53775.97489027546 
0053000084 (0055000083) : 53903.69138368904 
0079000085 (0053000084) : 54036.08348877856 
0023000086 (0079000085) : 54135.46121788068 
0081000087 (0023000086) : 56579.2796889279 
0022000088 (0081000087) : 56763.570250775854 
0030000089 (0022000088) : 57298.28027408625 
0023000090 (0030000089) : 58171.60295306613 
0037000091 (0023000090) : 58182.06923107691 
0039000092 (0037000091) : 58506.89763471692 
0043000093 (0039000092) : 58969.149329876 
0045000094 (0043000093) : 59060.96988396008 
0089000095 (0045000094) : 59685.1989696576 
0039000096 (0089000095) : 60226.66610812896 
0083000097 (0039000096) : 61738.07631177426 
0093000098 (0083000097) : 62032.49220594492 
0091000099 (0093000098) : 62153.36744478654 
0041000100 (0091000099) : 62375.54051161593 
0022000101 (0041000100) : 62387.88177985077 
0035000102 (0022000101) : 62820.26745489466 
0026000103 (0035000102) : 63309.43453218858 
0023000104 (0026000103) : 64190.996251043594 
0085000105 (0023000104) : 64401.30779412138 
0081000106 (0085000105) : 64428.46839725053 
0050000107 (0081000106) : 65229.07005469397 
0037000108 (0050000107) : 65299.1549353027 
0059000109 (0037000108) : 67367.29774824902 
0031000110 (0059000109) : 68927.78852872584 
0049000111 (0031000110) : 69454.63208545838 
0045000112 (0049000111) : 69458.73305789952 
0018000113 (0045000112) : 69646.47238737525 
0023000114 (0018000113) : 70278.0283997396 
0096000115 (0023000114) : 70320.55002803451 
0011000116 (0096000115) : 70598.05556814001 
0098000117 (0011000116) : 71496.92169628508 
0077000118 (0098000117) : 72499.13760497356 
0040000119 (0077000118) : 72499.77588095074 
0084000120 (0040000119) : 73616.94406465866 
0090000121 (0084000120) : 73830.95857579834 
0001000122 (0090000121) : 74471.89026085475 
0087000123 (0001000122) : 77280.53322339572 
0006000124 (0087000123) : 77676.54898100656 
0023000125 (0006000124) : 78257.21915326682 
0056000126 (0023000125) : 78493.3167311159 
0038000127 (0056000126) : 79016.11049019145 
0070000128 (0038000127) : 79098.46265565098 
0014000129 (0070000128) : 79556.93874112923 
0069000130 (0014000129) : 79939.91425550202 
0088000131 (0069000130) : 80545.96259531876 
0072000132 (0088000131) : 80654.3292176283 
0074000133 (0072000132) : 80803.61589078166 
0024000134 (0074000133) : 81736.04442389485 
0073000135 (0024000134) : 81926.9143414919 
0070000136 (0073000135) : 82676.67438549468 
0098000137 (0070000136) : 82732.31264123459 
0013000138 (0098000137) : 82921.20821397872 
0023000139 (0013000138) : 83323.65643183365 
0096000140 (0023000139) : 83799.06951518681 
0033000141 (0096000140) : 84445.77143176872 
0030000142 (0033000141) : 84864.8476030159 
0009000143 (0030000142) : 85435.94512801329 
0042000144 (0009000143) : 85533.30555529312 
0018000145 (0042000144) : 85910.39564967169 
0063000146 (0018000145) : 86118.20299558641 
0014000147 (0063000146) : 86466.21999441739 
0026000148 (0014000147) : 89028.9573158108 
0002000149 (0026000148) : 89515.71092774431 
0016000150 (0002000149) : 89836.79565850456 
0044000151 (0016000150) : 89868.25544453834 
0099000152 (0044000151) : 90620.10626025386 
0001000153 (0099000152) : 90919.42603989696 
0058000154 (0001000153) : 90983.57786704563 
0096000155 (0058000154) : 91391.61920624133 
0023000156 (0096000155) : 93325.8114212174 
0053000157 (0023000156) : 93431.60884286574 
0085000158 (0053000157) : 93652.34392582977 
0043000159 (0085000158) : 94009.31754751613 
0067000160 (0043000159) : 94220.36206062714 
0085000161 (0067000160) : 95333.62650967028 
0029000162 (0085000161) : 95865.46605650785 
0067000163 (0029000162) : 96849.5315731648 
0032000164 (0067000163) : 97030.63372769541 
0001000165 (0032000164) : 98895.94481578382 
0002000166 (0001000165) : 99636.32790842855 
0023000167 (0002000166) : 99826.66707153262 
