0000000000 (genesis block) : 0 
0023000001 (0000000000) : 382.97266643528064 
0072000002 (0023000001) : 693.4849462117111 
0025000003 (0072000002) : 1164.391792681238 
0076000004 (0025000003) : 1307.3306577121157 
0003000005 (0076000004) : 1808.5874142851867 
0035000006 (0003000005) : 2647.6695842781796 
0010000007 (0035000006) : 3066.2363959674717 
0026000008 (0010000007) : 3082.2397999740765 
0048000009 (0026000008) : 3308.35406441528 
0022000010 (0048000009) : 3550.268214366108 
0031000011 (0022000010) : 4288.153966492855 
0045000012 (0031000011) : 5127.10005806331 
0086000013 (0045000012) : 6639.065270596414 
0050000014 (0086000013) : 7432.105242425461 
0078000015 (0050000014) : 7682.595495791043 
0049000016 (0078000015) : 7714.053764297178 
0087000017 (0049000016) : 8129.733032081349 
0000000018 (0087000017) : 8462.581475331874 
0009000019 (0000000018) : 8836.795634387636 
0016000020 (0009000019) : 9080.601489717692 
0063000021 (0016000020) : 10088.92146982992 
0023000022 (0063000021) : 10419.26900926399 
0092000023 (0023000022) : 10470.565145209292 
0061000024 (0092000023) : 10550.801652609234 
0017000025 (0061000024) : 10806.364588831797 
0088000026 (0017000025) : 11452.475534794783 
0023000027 (0088000026) : 11960.256692005749 
0001000028 (0023000027) : 12269.778794672504 
0030000029 (0001000028) : 14501.232955168904 
0040000030 (0030000029) : 15673.843973595838 
0071000031 (0040000030) : 16869.539727549203 
0023000032 (0071000031) : 17121.833313405372 
0024000033 (0023000032) : 17595.84969509644 
0095000034 (0024000033) : 18244.405060262325 
0088000035 (0095000034) : 19221.71398756872 
0018000036 (0088000035) : 20304.301554581645 
0038000037 (0018000036) : 20351.92599734777 
0080000038 (0038000037) : 20753.2926684766 
0074000039 (0080000038) : 21055.95231498654 
0090000040 (0074000039) : 21209.95447909572 
0080000041 (0090000040) : 22284.752859698478 
0099000042 (0080000041) : 22644.985543713985 
0060000043 (0099000042) : 26117.822438738698 
0012000044 (0060000043) : 26871.96520572 
0023000045 (0012000044) : 27437.120786039282 
0089000046 (0023000045) : 27598.09342317367 
0004000047 (0089000046) : 28641.65782061923 
0093000048 (0004000047) : 29340.381636921935 
0023000049 (0093000048) : 29729.96082146342 
0076000050 (0023000049) : 30331.807435881816 
0032000051 (0076000050) : 31104.56978512394 
0023000052 (0032000051) : 32641.533116536095 
0074000053 (0023000052) : 32659.38834971416 
0042000054 (0074000053) : 34280.62604697073 
0097000055 (0042000054) : 34655.97729553181 
0038000056 (0097000055) : 34788.46024818456 
0035000057 (0038000056) : 34853.87268831508 
0071000058 (0035000057) : 35066.77750778382 
0068000059 (0071000058) : 35917.041418048844 
0018000060 (0068000059) : 36140.58548804874 
0040000061 (0018000060) : 36402.01110344778 
0075000062 (0040000061) : 38032.66847030244 
0017000063 (0075000062) : 38107.399660279545 
0032000064 (0017000063) : 38168.06663669168 
0080000065 (0032000064) : 39058.96913955952 
0012000066 (0080000065) : 40061.092439363 
0073000067 (0012000066) : 42129.41892205995 
0058000068 (0073000067) : 42664.48641026277 
0047000069 (0058000068) : 43189.57232312855 
0081000070 (0047000069) : 44595.822732604836 
0011000071 (0081000070) : 45334.91850373368 
0049000072 (0011000071) : 45453.76096373286 
0023000073 (0049000072) : 46755.562011941314 
0049000074 (0023000073) : 47969.60197484718 
0093000075 (0049000074) : 48708.94304813621 
0028000076 (0093000075) : 49126.850130432 
0023000077 (0028000076) : 49668.28744851017 
0076000078 (0023000077) : 50014.771178635 
0014000079 (0076000078) : 50021.15368737773 
0060000080 (0014000079) : 50264.137971473894 
0010000081 (0060000080) : 50360.2369149726 
0045000082 (0010000081) : 50501.547349738474 
0055000083 (0045000082) : 53776.7378040817 
0053000084 (0055000083) : 53903.20347652574 
0079000085 (0053000084) : 54035.885851546234 
0023000086 (0079000085) : 54135.157688364 
0081000087 (0023000086) : 56579.079777234525 
0022000088 (0081000087) : 56763.61439212111 
0030000089 (0022000088) : 57298.135478400465 
0023000090 (0030000089) : 58171.29941150743 
0037000091 (0023000090) : 58182.054389036 
0039000092 (0037000091) : 58506.89216026763 
0043000093 (0039000092) : 58969.19593881338 
0045000094 (0043000093) : 59060.76511091652 
0089000095 (0045000094) : 59685.02331592887 
0039000096 (0089000095) : 60226.66053459957 
0083000097 (0039000096) : 61738.08354212745 
0093000098 (0083000097) : 62032.49207352641 
0091000099 (0093000098) : 62153.480901400704 
0041000100 (0091000099) : 62375.72740243927 
0022000101 (0041000100) : 62387.92078941287 
0035000102 (0022000101) : 62820.11935213819 
0026000103 (0035000102) : 63309.42900894639 
0023000104 (0026000103) : 64190.69396595575 
0085000105 (0023000104) : 64400.980528422195 
0081000106 (0085000105) : 64428.27550991222 
0050000107 (0081000106) : 65228.87590133536 
0037000108 (0050000107) : 65299.14420650968 
0059000109 (0037000108) : 67367.28621251394 
0031000110 (0059000109) : 68927.78710244139 
0049000111 (0031000110) : 69454.65734511155 
0045000112 (0049000111) : 69458.53210514749 
0018000113 (0045000112) : 69646.7242045277 
0023000114 (0018000113) : 70277.72415284521 
0096000115 (0023000114) : 70320.24235996694 
0011000116 (0096000115) : 70597.86098177425 
0098000117 (0011000116) : 71496.7264568955 
0077000118 (0098000117) : 72499.09599255673 
0040000119 (0077000118) : 72499.81053534002 
0084000120 (0040000119) : 73616.71877601217 
0090000121 (0084000120) : 73830.69183880383 
0001000122 (0090000121) : 74472.50336477718 
0087000123 (0001000122) : 77280.34704880684 
0006000124 (0087000123) : 77676.55497453349 
0023000125 (0006000124) : 78256.91560399633 
0056000126 (0023000125) : 78493.04549453565 
0038000127 (0056000126) : 79016.15167723065 
0070000128 (0038000127) : 79098.4065367844 
0014000129 (0070000128) : 79557.24179314807 
0069000130 (0014000129) : 79939.91859881353 
0088000131 (0069000130) : 80546.21291159983 
0072000132 (0088000131) : 80654.76917477262 
0074000133 (0072000132) : 80803.65572753872 
0024000134 (0074000133) : 81735.68776080715 
0073000135 (0024000134) : 81926.95892948295 
0070000136 (0073000135) : 82676.61671027205 
0098000137 (0070000136) : 82732.11887514229 
0013000138 (0098000137) : 82921.3177282979 
0023000139 (0013000138) : 83323.35422272823 
0096000140 (0023000139) : 83798.76059238725 
0033000141 (0096000140) : 84445.76170761115 
0030000142 (0033000141) : 84864.70701353122 
0009000143 (0030000142) : 85436.22658995206 
0042000144 (0009000143) : 85532.66947614432 
0018000145 (0042000144) : 85910.65353277541 
0063000146 (0018000145) : 86118.02737660056 
0014000147 (0063000146) : 86466.52710088335 
0026000148 (0014000147) : 89028.95414523364 
0002000149 (0026000148) : 89515.62615605783 
0016000150 (0002000149) : 89836.55090548836 
0044000151 (0016000150) : 89868.30151396428 
0099000152 (0044000151) : 90620.05568619257 
0001000153 (0099000152) : 90920.03801676177 
0058000154 (0001000153) : 90983.3119662015 
0096000155 (0058000154) : 91391.3071662918 
0023000156 (0096000155) : 93325.50648376078 
0053000157 (0023000156) : 93431.12312544807 
0085000158 (0053000157) : 93652.01425349074 
0043000159 (0085000158) : 94009.36345460951 
0067000160 (0043000159) : 94220.34372373908 
0085000161 (0067000160) : 95333.30171698559 
0029000162 (0085000161) : 95866.22796406911 
0067000163 (0029000162) : 96849.50968179248 
0032000164 (0067000163) : 97030.5508221214 
0001000165 (0032000164) : 98896.55907399312 
0002000166 (0001000165) : 99636.2449658539 
0023000167 (0002000166) : 99826.36158194869 
