0000000000 (genesis block) : 0 
0023000001 (0000000000) : 383.1291057528652 
0072000002 (0023000001) : 693.3520348999787 
0025000003 (0072000002) : 1164.2552104285483 
0076000004 (0025000003) : 1307.2072045919865 
0003000005 (0076000004) : 1808.3903182772701 
0035000006 (0003000005) : 2647.5363481177938 
0010000007 (0035000006) : 3066.6920719491263 
0026000008 (0010000007) : 3082.0012964510893 
0048000009 (0026000008) : 3307.899726028359 
0022000010 (0048000009) : 3550.1532319195385 
0031000011 (0022000010) : 4288.018090217886 
0045000012 (0031000011) : 5126.964069815308 
0086000013 (0045000012) : 6639.026360169181 
0050000014 (0086000013) : 7431.967795189833 
0078000015 (0050000014) : 7682.602141886097 
0049000016 (0078000015) : 7713.764524340178 
0087000017 (0049000016) : 8129.5972108104315 
0000000018 (0087000017) : 8462.393560401317 
0009000019 (0000000018) : 8836.658450690864 
0016000020 (0009000019) : 9080.637802424186 
0063000021 (0016000020) : 10088.784566994562 
0023000022 (0063000021) : 10419.429935873153 
0092000023 (0023000022) : 10470.517991618413 
0061000024 (0092000023) : 10550.328396198034 
0017000025 (0061000024) : 10806.227214148921 
0088000026 (0017000025) : 11452.33936888989 
0023000027 (0088000026) : 11960.412291500703 
0001000028 (0023000027) : 12269.471326152587 
0030000029 (0001000028) : 14501.096983418556 
0040000030 (0030000029) : 15673.707541307562 
0071000031 (0040000030) : 16869.574053876633 
0023000032 (0071000031) : 17121.994080984947 
0024000033 (0023000032) : 17595.80260158994 
0095000034 (0024000033) : 18244.360033320452 
0088000035 (0095000034) : 19221.57924807739 
0018000036 (0088000035) : 20304.166060523763 
0038000037 (0018000036) : 20351.76168248747 
0080000038 (0038000037) : 20753.27647569648 
0074000039 (0080000038) : 21055.81994098049 
0090000040 (0074000039) : 21209.882745519066 
0080000041 (0090000040) : 22284.742838830913 
0099000042 (0080000041) : 22644.820827728043 
0060000043 (0099000042) : 26117.529840009756 
0012000044 (0060000043) : 26871.84937455894 
0023000045 (0012000044) : 27437.276513667086 
0089000046 (0023000045) : 27597.959525654187 
0004000047 (0089000046) : 28641.52257153005 
0093000048 (0004000047) : 29340.11536356344 
0023000049 (0093000048) : 29730.11734397116 
0076000050 (0023000049) : 30331.680684715124 
0032000051 (0076000050) : 31104.449140736186 
0023000052 (0032000051) : 32641.689337321077 
0074000053 (0023000052) : 32659.251754306653 
0042000054 (0074000053) : 34281.09688618881 
0097000055 (0042000054) : 34655.78855662914 
0038000056 (0097000055) : 34788.295398144655 
0035000057 (0038000056) : 34853.743037732616 
0071000058 (0035000057) : 35066.81330221992 
0068000059 (0071000058) : 35916.90678219925 
0018000060 (0068000059) : 36140.45075471935 
0040000061 (0018000060) : 36401.87593779221 
0075000062 (0040000061) : 38032.531837132396 
0017000063 (0075000062) : 38107.26565426359 
0032000064 (0017000063) : 38167.947213940235 
0080000065 (0032000064) : 39058.95426886954 
0012000066 (0080000065) : 40060.97852644238 
0073000067 (0012000066) : 42129.28274303782 
0058000068 (0073000067) : 42664.4310094157 
0047000069 (0058000068) : 43189.44021570329 
0081000070 (0047000069) : 44595.631177720585 
0011000071 (0081000070) : 45334.783083029215 
0049000072 (0011000071) : 45453.475081998 
0023000073 (0049000072) : 46755.71735789442 
0049000074 (0023000073) : 47969.31208708122 
0093000075 (0049000074) : 48708.67794825788 
0028000076 (0093000075) : 49126.58393448048 
0023000077 (0028000076) : 49668.44325944285 
0076000078 (0023000077) : 50014.64599770203 
0014000079 (0076000078) : 50021.0200424674 
0060000080 (0014000079) : 50263.84002057073 
0010000081 (0060000080) : 50360.68809844784 
0045000082 (0010000081) : 50501.41494484452 
0055000083 (0045000082) : 53776.46031575575 
0053000084 (0055000083) : 53903.35856481352 
0079000085 (0053000084) : 54035.75056772639 
0023000086 (0079000085) : 54135.316664339094 
0081000087 (0023000086) : 56578.89159118159 
0022000088 (0081000087) : 56763.49872996297 
0030000089 (0022000088) : 57298.0001128917 
0023000090 (0030000089) : 58171.45691648208 
0037000091 (0023000090) : 58181.584781710255 
0039000092 (0037000091) : 58506.82957748262 
0043000093 (0039000092) : 58969.05981724534 
0045000094 (0043000093) : 59060.63529275376 
0089000095 (0045000094) : 59684.890769712074 
0039000096 (0089000095) : 60226.59864197087 
0083000097 (0039000096) : 61737.918445789124 
0093000098 (0083000097) : 62032.2256070414 
0091000099 (0093000098) : 62153.3425486515 
0041000100 (0091000099) : 62375.623192959516 
0022000101 (0041000100) : 62387.8054096708 
0035000102 (0022000101) : 62819.98469272287 
0026000103 (0035000102) : 63309.191939054486 
0023000104 (0026000103) : 64190.8508088723 
0085000105 (0023000104) : 64401.124588499086 
0081000106 (0085000105) : 64428.08659668991 
0050000107 (0081000106) : 65228.74431744994 
0037000108 (0050000107) : 65298.67090159821 
0059000109 (0037000108) : 67366.81300487659 
0031000110 (0059000109) : 68927.64965287977 
0049000111 (0031000110) : 69454.36931907572 
0045000112 (0049000111) : 69458.39965034543 
0018000113 (0045000112) : 69646.58822841538 
0023000114 (0018000113) : 70277.87962011526 
0096000115 (0023000114) : 70320.17976055699 
0011000116 (0096000115) : 70597.72563256985 
0098000117 (0011000116) : 71496.59180419648 
0077000118 (0098000117) : 72499.0469200289 
0040000119 (0077000118) : 72499.67703032258 
0084000120 (0040000119) : 73616.60563308506 
0090000121 (0084000120) : 73830.62946269388 
0001000122 (0090000121) : 74472.201641096 
0087000123 (0001000122) : 77280.21169274725 
0006000124 (0087000123) : 77676.38810167955 
0023000125 (0006000124) : 78257.07062515475 
0056000126 (0023000125) : 78493.26395111324 
0038000127 (0056000126) : 79015.98677826105 
0070000128 (0038000127) : 79097.97815975739 
0014000129 (0070000128) : 79557.10840042852 
0069000130 (0014000129) : 79939.78358818908 
0088000131 (0069000130) : 80546.07839930251 
0072000132 (0088000131) : 80654.63491972712 
0074000133 (0072000132) : 80803.52050639258 
0024000134 (0074000133) : 81735.64171728864 
0073000135 (0024000134) : 81926.82390232403 
0070000136 (0073000135) : 82676.18962604065 
0098000137 (0070000136) : 82731.98280915544 
0013000138 (0098000137) : 82921.18318791084 
0023000139 (0013000138) : 83323.5154165439 
0096000140 (0023000139) : 83798.69622160464 
0033000141 (0096000140) : 84445.28445885284 
0030000142 (0033000141) : 84864.57372035684 
0009000143 (0030000142) : 85436.09021436633 
0042000144 (0009000143) : 85533.142365053 
0018000145 (0042000144) : 85910.51615115721 
0063000146 (0018000145) : 86117.89229103456 
0014000147 (0063000146) : 86466.39116180944 
0026000148 (0014000147) : 89028.72253270437 
0002000149 (0026000148) : 89515.51064270387 
0016000150 (0002000149) : 89836.58812621362 
0044000151 (0016000150) : 89868.18284851649 
0099000152 (0044000151) : 90619.88609186326 
0001000153 (0099000152) : 90919.73567911697 
0058000154 (0001000153) : 90983.2566090752 
0096000155 (0058000154) : 91391.2408310748 
0023000156 (0096000155) : 93325.66470916185 
0053000157 (0023000156) : 93431.27681318868 
0085000158 (0053000157) : 93652.15588195036 
0043000159 (0085000158) : 94009.22802663824 
0067000160 (0043000159) : 94220.20557697743 
0085000161 (0067000160) : 95333.44443514483 
0029000162 (0085000161) : 95865.7721655764 
0067000163 (0029000162) : 96849.37473968386 
0032000164 (0067000163) : 97030.4311971693 
0001000165 (0032000164) : 98896.25472654573 
0002000166 (0001000165) : 99636.12960368695 
0023000167 (0002000166) : 99826.52050897345 
