0000000000 (genesis block) : 0 
0023000001 (0000000000) : 382.74526158004994 
0072000002 (0023000001) : 693.1400826860569 
0025000003 (0072000002) : 1164.3489826308996 
0076000004 (0025000003) : 1307.0832759505054 
0003000005 (0076000004) : 1808.5925734883028 
0035000006 (0003000005) : 2647.626376556587 
0010000007 (0035000006) : 3066.577329585618 
0026000008 (0010000007) : 3081.8824910543244 
0048000009 (0026000008) : 3308.2014754173856 
0022000010 (0048000009) : 3549.9427125088805 
0031000011 (0022000010) : 4288.110688670289 
0045000012 (0031000011) : 5127.057259110627 
0086000013 (0045000012) : 6638.910774886687 
0050000014 (0086000013) : 7431.9722681465155 
0078000015 (0050000014) : 7682.3534253204525 
0049000016 (0078000015) : 7713.902198639183 
0087000017 (0049000016) : 8129.690309940401 
0000000018 (0087000017) : 8462.238062582488 
0009000019 (0000000018) : 8836.551468475023 
0016000020 (0009000019) : 9080.728899540141 
0063000021 (0016000020) : 10088.732809871502 
0023000022 (0063000021) : 10419.04352493665 
0092000023 (0023000022) : 10470.327272720053 
0061000024 (0092000023) : 10550.759909332939 
0017000025 (0061000024) : 10806.318367237589 
0088000026 (0017000025) : 11452.430214827533 
0023000027 (0088000026) : 11960.028518607249 
0001000028 (0023000027) : 12269.425550124883 
0030000029 (0001000028) : 14501.114806766178 
0040000030 (0030000029) : 15673.418439781346 
0071000031 (0040000030) : 16869.51043517685 
0023000032 (0071000031) : 17121.605464981123 
0024000033 (0023000032) : 17596.038100843733 
0095000034 (0024000033) : 18244.591068436315 
0088000035 (0095000034) : 19221.66996524544 
0018000036 (0088000035) : 20304.065239205196 
0038000037 (0018000036) : 20351.503507184454 
0080000038 (0038000037) : 20753.065678272287 
0074000039 (0080000038) : 21055.914729492204 
0090000040 (0074000039) : 21209.913435077833 
0080000041 (0090000040) : 22284.52671770519 
0099000042 (0080000041) : 22644.807779395578 
0060000043 (0099000042) : 26117.8651219125 
0012000044 (0060000043) : 26871.798800588655 
0023000045 (0012000044) : 27436.893078693152 
0089000046 (0023000045) : 27597.91035749508 
0004000047 (0089000046) : 28641.526668673996 
0093000048 (0004000047) : 29340.00344154815 
0023000049 (0093000048) : 29729.73480825691 
0076000050 (0023000049) : 30331.55940983632 
0032000051 (0076000050) : 31104.397216724687 
0023000052 (0032000051) : 32641.30728228743 
0074000053 (0023000052) : 32659.342360521157 
0042000054 (0074000053) : 34281.068615805394 
0097000055 (0042000054) : 34656.04133241617 
0038000056 (0097000055) : 34788.03629303789 
0035000057 (0038000056) : 34853.828131554445 
0071000058 (0035000057) : 35066.74934792858 
0068000059 (0071000058) : 35916.691799449385 
0018000060 (0068000059) : 36140.34017121929 
0040000061 (0018000060) : 36401.583851206866 
0075000062 (0040000061) : 38032.5975813215 
0017000063 (0075000062) : 38107.35625718641 
0032000064 (0017000063) : 38167.891157312566 
0080000065 (0032000064) : 39058.73754644416 
0012000066 (0080000065) : 40060.91889768899 
0073000067 (0012000066) : 42129.37387426524 
0058000068 (0073000067) : 42664.34130838198 
0047000069 (0058000068) : 43189.46509520007 
0081000070 (0047000069) : 44595.74473257743 
0011000071 (0081000070) : 45334.876157865445 
0049000072 (0011000071) : 45453.6058825085 
0023000073 (0049000072) : 46755.33602222938 
0049000074 (0023000073) : 47969.44721651644 
0093000075 (0049000074) : 48708.557510682906 
0028000076 (0093000075) : 49126.4634864402 
0023000077 (0028000076) : 49668.06100786529 
0076000078 (0023000077) : 50014.52781976071 
0014000079 (0076000078) : 50021.10206255111 
0060000080 (0014000079) : 50264.177709951095 
0010000081 (0060000080) : 50360.57269056745 
0045000082 (0010000081) : 50501.50491482119 
0055000083 (0045000082) : 53776.532974953 
0053000084 (0055000083) : 53903.42830935009 
0079000085 (0053000084) : 54035.761643380894 
0023000086 (0079000085) : 54134.933557950295 
0081000087 (0023000086) : 56579.00332721788 
0022000088 (0081000087) : 56763.28658894295 
0030000089 (0022000088) : 57298.017817352054 
0023000090 (0030000089) : 58171.07435229427 
0037000091 (0023000090) : 58181.807421099984 
0039000092 (0037000091) : 58506.539998375876 
0043000093 (0039000092) : 58968.733494231994 
0045000094 (0043000093) : 59060.72369832105 
0089000095 (0045000094) : 59684.841285761235 
0039000096 (0089000095) : 60226.30987715903 
0083000097 (0039000096) : 61737.657036633515 
0093000098 (0083000097) : 62032.102843511406 
0091000099 (0093000098) : 62153.23410815198 
0041000100 (0091000099) : 62375.57432564155 
0022000101 (0041000100) : 62387.59732328622 
0035000102 (0022000101) : 62820.07802715889 
0026000103 (0035000102) : 63309.07338008217 
0023000104 (0026000103) : 64190.466968310386 
0085000105 (0023000104) : 64400.947168566665 
0081000106 (0085000105) : 64428.196446279166 
0050000107 (0081000106) : 65228.74916504742 
0037000108 (0050000107) : 65298.8917971072 
0059000109 (0037000108) : 67367.2415803924 
0031000110 (0059000109) : 68927.74201098506 
0049000111 (0031000110) : 69454.50175036772 
0045000112 (0049000111) : 69458.48664144958 
0018000113 (0045000112) : 69646.48809398824 
0023000114 (0018000113) : 70277.4978464276 
0096000115 (0023000114) : 70320.41815978593 
0011000116 (0096000115) : 70597.8168324923 
0098000117 (0011000116) : 71496.68728996377 
0077000118 (0098000117) : 72499.14053863999 
0040000119 (0077000118) : 72499.38439266727 
0084000120 (0040000119) : 73616.77323779886 
0090000121 (0084000120) : 73830.6586957747 
0001000122 (0090000121) : 74472.15783405873 
0087000123 (0001000122) : 77280.30471431966 
0006000124 (0087000123) : 77676.12739777175 
0023000125 (0006000124) : 78256.6906754533 
0056000126 (0023000125) : 78493.12509320487 
0038000127 (0056000126) : 79015.7249242133 
0070000128 (0038000127) : 79098.19756078126 
0014000129 (0070000128) : 79557.19201252614 
0069000130 (0014000129) : 79939.49269781407 
0088000131 (0069000130) : 80546.16977881528 
0072000132 (0088000131) : 80654.42369850201 
0074000133 (0072000132) : 80803.611935375 
0024000134 (0074000133) : 81735.87658146136 
0073000135 (0024000134) : 81926.9141264923 
0070000136 (0073000135) : 82676.41026151521 
0098000137 (0070000136) : 82732.07349821423 
0013000138 (0098000137) : 82920.9825484832 
0023000139 (0013000138) : 83323.12773213835 
0096000140 (0023000139) : 83798.94222385774 
0033000141 (0096000140) : 84445.71277135439 
0030000142 (0033000141) : 84864.58784499562 
0009000143 (0030000142) : 85435.98491666722 
0042000144 (0009000143) : 85533.11852329163 
0018000145 (0042000144) : 85910.407175894 
0063000146 (0018000145) : 86117.84357507374 
0014000147 (0063000146) : 86466.47342778939 
0026000148 (0014000147) : 89028.59546569292 
0002000149 (0026000148) : 89515.44979311083 
0016000150 (0002000149) : 89836.68376916615 
0044000151 (0016000150) : 89868.1228466499 
0099000152 (0044000151) : 90619.88013291126 
0001000153 (0099000152) : 90919.6928936754 
0058000154 (0001000153) : 90983.17148408541 
0096000155 (0058000154) : 91391.48707154943 
0023000156 (0096000155) : 93325.28027029092 
0053000157 (0023000156) : 93431.3474190536 
0085000158 (0053000157) : 93651.9799083647 
0043000159 (0085000158) : 94008.90167633783 
0067000160 (0043000159) : 94220.30370539193 
0085000161 (0067000160) : 95333.26831793645 
0029000162 (0085000161) : 95866.01744505826 
0067000163 (0029000162) : 96849.46691277463 
0032000164 (0067000163) : 97030.37718373259 
0001000165 (0032000164) : 98896.21001674305 
0002000166 (0001000165) : 99636.06607692884 
0023000167 (0002000166) : 99826.13780967155 
