0000000000 (genesis block) : 0 
0023000001 (0000000000) : 383.0121028043455 
0072000002 (0023000001) : 693.3214541372291 
0025000003 (0072000002) : 1164.4299274554971 
0076000004 (0025000003) : 1307.1037955539657 
0003000005 (0076000004) : 1808.3672830362357 
0035000006 (0003000005) : 2647.710484970852 
0010000007 (0035000006) : 3066.5506685467167 
0026000008 (0010000007) : 3082.0128908349902 
0048000009 (0026000008) : 3308.0002745940187 
0022000010 (0048000009) : 3550.1230175285614 
0031000011 (0022000010) : 4288.141276089799 
0045000012 (0031000011) : 5127.13893297019 
0086000013 (0045000012) : 6638.908492346201 
0050000014 (0086000013) : 7432.1418879867115 
0078000015 (0050000014) : 7682.4201561775035 
0049000016 (0078000015) : 7713.746159572637 
0087000017 (0049000016) : 8129.771793515555 
0000000018 (0087000017) : 8462.405198827208 
0009000019 (0000000018) : 8836.834358064974 
0016000020 (0009000019) : 9080.711466510156 
0063000021 (0016000020) : 10088.750691946021 
0023000022 (0063000021) : 10419.308202552482 
0092000023 (0023000022) : 10470.26960362459 
0061000024 (0092000023) : 10550.637206239931 
0017000025 (0061000024) : 10806.40227336994 
0088000026 (0017000025) : 11452.27475671715 
0023000027 (0088000026) : 11960.29646691832 
0001000028 (0023000027) : 12269.7805248168 
0030000029 (0001000028) : 14501.26895199225 
0040000030 (0030000029) : 15673.797743466126 
0071000031 (0040000030) : 16869.650429929345 
0023000032 (0071000031) : 17121.87037119528 
0024000033 (0023000032) : 17595.495268652616 
0095000034 (0024000033) : 18244.084944393264 
0088000035 (0095000034) : 19221.51395029037 
0018000036 (0088000035) : 20304.099516208516 
0038000037 (0018000036) : 20351.740074938287 
0080000038 (0038000037) : 20753.186877447482 
0074000039 (0080000038) : 21055.991334971288 
0090000040 (0074000039) : 21209.92517946623 
0080000041 (0090000040) : 22284.648676130957 
0099000042 (0080000041) : 22644.84100012297 
0060000043 (0099000042) : 26117.511745807766 
0012000044 (0060000043) : 26871.822106783013 
0023000045 (0012000044) : 27437.156786620366 
0089000046 (0023000045) : 27597.925312866508 
0004000047 (0089000046) : 28641.7006495806 
0093000048 (0004000047) : 29340.15216237431 
0023000049 (0093000048) : 29730.000654892243 
0076000050 (0023000049) : 30331.5850371352 
0032000051 (0076000050) : 31104.421955325994 
0023000052 (0032000051) : 32641.574268532768 
0074000053 (0023000052) : 32659.425054958763 
0042000054 (0074000053) : 34280.979102847334 
0097000055 (0042000054) : 34655.623765180186 
0038000056 (0097000055) : 34788.28165512153 
0035000057 (0038000056) : 34853.9111768296 
0071000058 (0035000057) : 35066.8872225442 
0068000059 (0071000058) : 35917.08154420754 
0018000060 (0068000059) : 36140.384240563035 
0040000061 (0018000060) : 36401.9635295136 
0075000062 (0040000061) : 38032.3168049684 
0017000063 (0075000062) : 38107.438160955906 
0032000064 (0017000063) : 38167.92164920167 
0080000065 (0032000064) : 39058.86243739966 
0012000066 (0080000065) : 40060.94802621887 
0073000067 (0012000066) : 42129.36129516303 
0058000068 (0073000067) : 42664.29051196711 
0047000069 (0058000068) : 43189.37453461273 
0081000070 (0047000069) : 44595.8627057292 
0011000071 (0081000070) : 45334.96118814462 
0049000072 (0011000071) : 45453.45774495147 
0023000073 (0049000072) : 46755.6002256501 
0049000074 (0023000073) : 47969.29218287432 
0093000075 (0049000074) : 48708.716273552345 
0028000076 (0093000075) : 49126.623162797325 
0023000077 (0028000076) : 49668.32936104 
0076000078 (0023000077) : 50014.54544282237 
0014000079 (0076000078) : 50020.95880938077 
0060000080 (0014000079) : 50263.822205950324 
0010000081 (0060000080) : 50360.551728913415 
0045000082 (0010000081) : 50501.587451351406 
0055000083 (0045000082) : 53776.6880931003 
0053000084 (0055000083) : 53903.24247456502 
0079000085 (0053000084) : 54035.58583130937 
0023000086 (0079000085) : 54135.19702657388 
0081000087 (0023000086) : 56579.119998726295 
0022000088 (0081000087) : 56763.46354890849 
0030000089 (0022000088) : 57298.17393156697 
0023000090 (0030000089) : 58171.33731948498 
0037000091 (0023000090) : 58181.86199862058 
0039000092 (0037000091) : 58506.71612770331 
0043000093 (0039000092) : 58969.14965227793 
0045000094 (0043000093) : 59060.805058558806 
0089000095 (0045000094) : 59684.85449954292 
0039000096 (0089000095) : 60226.48846972967 
0083000097 (0039000096) : 61737.901889435205 
0093000098 (0083000097) : 62032.264445948116 
0091000099 (0093000098) : 62153.520100575966 
0041000100 (0091000099) : 62375.375419444725 
0022000101 (0041000100) : 62387.77831260172 
0035000102 (0022000101) : 62820.16022758795 
0026000103 (0035000102) : 63309.204773660385 
0023000104 (0026000103) : 64190.733158363495 
0085000105 (0023000104) : 64400.95935900673 
0081000106 (0085000105) : 64428.31206150803 
0050000107 (0081000106) : 65228.91551458239 
0037000108 (0050000107) : 65298.95026967367 
0059000109 (0037000108) : 67367.1225846732 
0031000110 (0059000109) : 68927.77460234403 
0049000111 (0031000110) : 69454.3517246082 
0045000112 (0049000111) : 69458.5697110593 
0018000113 (0045000112) : 69646.5235454037 
0023000114 (0018000113) : 70277.76242211054 
0096000115 (0023000114) : 70320.15878507875 
0011000116 (0096000115) : 70597.9014469478 
0098000117 (0011000116) : 71496.76889081197 
0077000118 (0098000117) : 72498.74322997536 
0040000119 (0077000118) : 72499.76379976673 
0084000120 (0040000119) : 73616.35925690275 
0090000121 (0084000120) : 73830.67087509691 
0001000122 (0090000121) : 74472.51014283257 
0087000123 (0001000122) : 77280.3876512082 
0006000124 (0087000123) : 77676.34267199959 
0023000125 (0006000124) : 78256.9545882652 
0056000126 (0023000125) : 78493.10090535769 
0038000127 (0056000126) : 79015.97392849092 
0070000128 (0038000127) : 79098.21276577558 
0014000129 (0070000128) : 79557.04259634786 
0069000130 (0014000129) : 79939.80027024943 
0088000131 (0069000130) : 80546.0162729186 
0072000132 (0088000131) : 80654.6075283823 
0074000133 (0072000132) : 80803.69457946681 
0024000134 (0074000133) : 81735.33407152869 
0073000135 (0024000134) : 81926.89763545415 
0070000136 (0073000135) : 82676.42515161939 
0098000137 (0070000136) : 82732.15898565322 
0013000138 (0098000137) : 82921.35721845918 
0023000139 (0013000138) : 83323.39261543023 
0096000140 (0023000139) : 83798.67628327444 
0033000141 (0096000140) : 84445.59563331578 
0030000142 (0033000141) : 84864.73713643715 
0009000143 (0030000142) : 85436.2656042733 
0042000144 (0009000143) : 85533.0227817774 
0018000145 (0042000144) : 85910.448488983 
0063000146 (0018000145) : 86117.86043970432 
0014000147 (0063000146) : 86466.32647562296 
0026000148 (0014000147) : 89028.73123574146 
0002000149 (0026000148) : 89515.47843665016 
0016000150 (0002000149) : 89836.66151670867 
0044000151 (0016000150) : 89868.15368536174 
0099000152 (0044000151) : 90619.90680895971 
0001000153 (0099000152) : 90920.04586916792 
0058000154 (0001000153) : 90983.1182338537 
0096000155 (0058000154) : 91391.22218861339 
0023000156 (0096000155) : 93325.54484896941 
0053000157 (0023000156) : 93431.15930099657 
0085000158 (0053000157) : 93651.99243919292 
0043000159 (0085000158) : 94009.31623578913 
0067000160 (0043000159) : 94220.38062125134 
0085000161 (0067000160) : 95333.28019543516 
0029000162 (0085000161) : 95866.08154970434 
0067000163 (0029000162) : 96849.54862079349 
0032000164 (0067000163) : 97030.4037661342 
0001000165 (0032000164) : 98896.56817645667 
0002000166 (0001000165) : 99636.09740134283 
0023000167 (0002000166) : 99826.40055235924 
