0000000000 (genesis block) : 0 
0023000001 (0000000000) : 383.1562321456613 
0072000002 (0023000001) : 693.3777043208908 
0025000003 (0072000002) : 1164.1127343469263 
0076000004 (0025000003) : 1307.2986921389402 
0003000005 (0076000004) : 1808.3208690915394 
0035000006 (0003000005) : 2647.559060503157 
0010000007 (0035000006) : 3066.666324559787 
0026000008 (0010000007) : 3082.1989263530604 
0048000009 (0026000008) : 3308.199632986903 
0022000010 (0048000009) : 3550.1819685016158 
0031000011 (0022000010) : 4287.700901205101 
0045000012 (0031000011) : 5126.98972802638 
0086000013 (0045000012) : 6639.111836390915 
0050000014 (0086000013) : 7431.99110496623 
0078000015 (0050000014) : 7682.668407093214 
0049000016 (0078000015) : 7713.975297872657 
0087000017 (0049000016) : 8129.62109399804 
0000000018 (0087000017) : 8462.590338042359 
0009000019 (0000000018) : 8836.684977617968 
0016000020 (0009000019) : 9080.448796686296 
0063000021 (0016000020) : 10088.798489842397 
0023000022 (0063000021) : 10419.453469034597 
0092000023 (0023000022) : 10470.641295279715 
0061000024 (0092000023) : 10550.629600894741 
0017000025 (0061000024) : 10806.253182010752 
0088000026 (0017000025) : 11452.366258760827 
0023000027 (0088000026) : 11960.441973681809 
0001000028 (0023000027) : 12269.613460232022 
0030000029 (0001000028) : 14501.122557485665 
0040000030 (0030000029) : 15673.731949630299 
0071000031 (0040000030) : 16869.38710788788 
0023000032 (0071000031) : 17122.016538646043 
0024000033 (0023000032) : 17595.93527605136 
0095000034 (0024000033) : 18244.524940103758 
0088000035 (0095000034) : 19221.60406029839 
0018000036 (0088000035) : 20304.188248091006 
0038000037 (0018000036) : 20351.781144634304 
0080000038 (0038000037) : 20753.134090548552 
0074000039 (0080000038) : 21055.566676755952 
0090000040 (0074000039) : 21209.821410702803 
0080000041 (0090000040) : 22284.595044192876 
0099000042 (0080000041) : 22644.971340476342 
0060000043 (0099000042) : 26117.801206220265 
0012000044 (0060000043) : 26872.029063931135 
0023000045 (0012000044) : 27437.300678648644 
0089000046 (0023000045) : 27597.986087032867 
0004000047 (0089000046) : 28641.54857214678 
0093000048 (0004000047) : 29340.31341695578 
0023000049 (0093000048) : 29730.143522850583 
0076000050 (0023000049) : 30331.775202454457 
0032000051 (0076000050) : 31104.472651639422 
0023000052 (0032000051) : 32641.714506483815 
0074000053 (0023000052) : 32658.997637635883 
0042000054 (0074000053) : 34281.12318539262 
0097000055 (0042000054) : 34656.062162130074 
0038000056 (0097000055) : 34788.31755862485 
0035000057 (0038000056) : 34853.761721854185 
0071000058 (0035000057) : 35066.625905910936 
0068000059 (0071000058) : 35916.931654706255 
0018000060 (0068000059) : 36140.47753347029 
0040000061 (0018000060) : 36401.905349810164 
0075000062 (0040000061) : 38032.615331751396 
0017000063 (0075000062) : 38107.28961399421 
0032000064 (0017000063) : 38167.97341271416 
0080000065 (0032000064) : 39058.80825788525 
0012000066 (0080000065) : 40061.15774210847 
0073000067 (0012000066) : 42128.922604331965 
0058000068 (0073000067) : 42664.404289378836 
0047000069 (0058000068) : 43189.46203885308 
0081000070 (0047000069) : 44595.71073057871 
0011000071 (0081000070) : 45334.72147542567 
0049000072 (0011000071) : 45453.68537936073 
0023000073 (0049000072) : 46755.742806731214 
0049000074 (0023000073) : 47969.52551364089 
0093000075 (0049000074) : 48708.87552432566 
0028000076 (0093000075) : 49126.77840027698 
0023000077 (0028000076) : 49668.46851429105 
0076000078 (0023000077) : 50014.741295203996 
0014000079 (0076000078) : 50021.042612865116 
0060000080 (0014000079) : 50264.11709144052 
0010000081 (0060000080) : 50360.66606174481 
0045000082 (0010000081) : 50501.43881443344 
0055000083 (0045000082) : 53776.428682762664 
0053000084 (0055000083) : 53903.38523206856 
0079000085 (0053000084) : 54035.77668475904 
0023000086 (0079000085) : 54135.342328240986 
0081000087 (0023000086) : 56578.97069426596 
0022000088 (0081000087) : 56763.52528944746 
0030000089 (0022000088) : 57298.02655798055 
0023000090 (0030000089) : 58171.48531496997 
0037000091 (0023000090) : 58181.95117876259 
0039000092 (0037000091) : 58506.8556335506 
0043000093 (0039000092) : 58968.806033321875 
0045000094 (0043000093) : 59060.656687511204 
0089000095 (0045000094) : 59684.91287910484 
0039000096 (0089000095) : 60226.62349360193 
0083000097 (0039000096) : 61737.971427336386 
0093000098 (0083000097) : 62032.42179434708 
0091000099 (0093000098) : 62153.37179660893 
0041000100 (0091000099) : 62375.68469992371 
0022000101 (0041000100) : 62387.83963436715 
0035000102 (0022000101) : 62820.00835773149 
0026000103 (0035000102) : 63309.38836742446 
0023000104 (0026000103) : 64190.88167574612 
0085000105 (0023000104) : 64401.26054792551 
0081000106 (0085000105) : 64428.16653610584 
0050000107 (0081000106) : 65228.76613225967 
0037000108 (0050000107) : 65299.034916600984 
0059000109 (0037000108) : 67367.17860634146 
0031000110 (0059000109) : 68927.3351354095 
0049000111 (0031000110) : 69454.57780590723 
0045000112 (0049000111) : 69458.42216565955 
0018000113 (0045000112) : 69646.61334064863 
0023000114 (0018000113) : 70277.90635447564 
0096000115 (0023000114) : 70320.33127650227 
0011000116 (0096000115) : 70597.66638661735 
0098000117 (0011000116) : 71496.50850245525 
0077000118 (0098000117) : 72498.69464834045 
0040000119 (0077000118) : 72499.70222176252 
0084000120 (0040000119) : 73616.79791337371 
0090000121 (0084000120) : 73830.56736433225 
0001000122 (0090000121) : 74472.34395413668 
0087000123 (0001000122) : 77280.23839496422 
0006000124 (0087000123) : 77676.44449752562 
0023000125 (0006000124) : 78257.09510148986 
0056000126 (0023000125) : 78493.21716495774 
0038000127 (0056000126) : 79016.00998475718 
0070000128 (0038000127) : 79098.34235997374 
0014000129 (0070000128) : 79557.13283508983 
0069000130 (0014000129) : 79939.81038005983 
0088000131 (0069000130) : 80546.10533298586 
0072000132 (0088000131) : 80654.65947501325 
0074000133 (0072000132) : 80803.2691449452 
0024000134 (0074000133) : 81735.77550979242 
0073000135 (0024000134) : 81926.45885355784 
0070000136 (0073000135) : 82676.5564045447 
0098000137 (0070000136) : 82731.89903431766 
0013000138 (0098000137) : 82921.20818439375 
0023000139 (0013000138) : 83323.5369816837 
0096000140 (0023000139) : 83798.84643388173 
0033000141 (0096000140) : 84445.64532186194 
0030000142 (0033000141) : 84864.59655725755 
0009000143 (0030000142) : 85436.11497980151 
0042000144 (0009000143) : 85533.16723961625 
0018000145 (0042000144) : 85910.5413706954 
0063000146 (0018000145) : 86117.90845177043 
0014000147 (0063000146) : 86466.41744343036 
0026000148 (0014000147) : 89028.91320401427 
0002000149 (0026000148) : 89515.66520458272 
0016000150 (0002000149) : 89836.40086088033 
0044000151 (0016000150) : 89868.20865192081 
0099000152 (0044000151) : 90620.03494074858 
0001000153 (0099000152) : 90919.8849395971 
0058000154 (0001000153) : 90983.23083935147 
0096000155 (0058000154) : 91391.39608293615 
0023000156 (0096000155) : 93325.68988397869 
0053000157 (0023000156) : 93431.30246718804 
0085000158 (0053000157) : 93652.29653022857 
0043000159 (0085000158) : 94008.97294532183 
0067000160 (0043000159) : 94220.01818631185 
0085000161 (0067000160) : 95333.58272281551 
0029000162 (0085000161) : 95865.9206485668 
0067000163 (0029000162) : 96849.18682444318 
0032000164 (0067000163) : 97030.45423429053 
0001000165 (0032000164) : 98896.40173234779 
0002000166 (0001000165) : 99636.28627636403 
0023000167 (0002000166) : 99826.54746243231 
