0000000000 (genesis block) : 0 
0023000001 (0000000000) : 383.11251946837643 
0072000002 (0023000001) : 693.2526685115326 
0025000003 (0072000002) : 1163.9340712299331 
0076000004 (0025000003) : 1307.1760614888976 
0003000005 (0076000004) : 1808.539227041191 
0035000006 (0003000005) : 2647.436752146196 
0010000007 (0035000006) : 3066.6932886783784 
0026000008 (0010000007) : 3082.0836171425776 
0048000009 (0026000008) : 3308.0404250995052 
0022000010 (0048000009) : 3549.9721202575515 
0031000011 (0022000010) : 4287.696854615869 
0045000012 (0031000011) : 5126.8656609832005 
0086000013 (0045000012) : 6639.073691732418 
0050000014 (0086000013) : 7431.959223660692 
0078000015 (0050000014) : 7682.627210163362 
0049000016 (0078000015) : 7713.852306769745 
0087000017 (0049000016) : 8129.501440693269 
0000000018 (0087000017) : 8462.476518494625 
0009000019 (0000000018) : 8836.644814554236 
0016000020 (0009000019) : 9080.442899244597 
0063000021 (0016000020) : 10088.561752019657 
0023000022 (0063000021) : 10419.412124716708 
0092000023 (0023000022) : 10470.599650059308 
0061000024 (0092000023) : 10550.652971543692 
0017000025 (0061000024) : 10806.128959496338 
0088000026 (0017000025) : 11452.244803845415 
0023000027 (0088000026) : 11960.396354202003 
0001000028 (0023000027) : 12269.62767499226 
0030000029 (0001000028) : 14500.996570365627 
0040000030 (0030000029) : 15673.693342498764 
0071000031 (0040000030) : 16869.381107877438 
0023000032 (0071000031) : 17121.976550184863 
0024000033 (0023000032) : 17595.99028966875 
0095000034 (0024000033) : 18244.549166895667 
0088000035 (0095000034) : 19221.479186359258 
0018000036 (0088000035) : 20304.064549262603 
0038000037 (0018000036) : 20351.77546059487 
0080000038 (0038000037) : 20753.265291781285 
0074000039 (0080000038) : 21055.80392349194 
0090000040 (0074000039) : 21209.583958952713 
0080000041 (0090000040) : 22284.728640268055 
0099000042 (0080000041) : 22644.835332025355 
0060000043 (0099000042) : 26117.76038076804 
0012000044 (0060000043) : 26871.815848723974 
0023000045 (0012000044) : 27437.259647010193 
0089000046 (0023000045) : 27597.859876099035 
0004000047 (0089000046) : 28641.508930325675 
0093000048 (0004000047) : 29340.223934577163 
0023000049 (0093000048) : 29730.103073447524 
0076000050 (0023000049) : 30331.650256722125 
0032000051 (0076000050) : 31104.349570395316 
0023000052 (0032000051) : 32641.67459341379 
0074000053 (0023000052) : 32659.235334662913 
0042000054 (0074000053) : 34281.08159672806 
0097000055 (0042000054) : 34656.022231673545 
0038000056 (0097000055) : 34788.30774267188 
0035000057 (0038000056) : 34853.6390727629 
0071000058 (0035000057) : 35066.62057184501 
0068000059 (0071000058) : 35916.892575880214 
0018000060 (0068000059) : 36140.3513834259 
0040000061 (0018000060) : 36401.86022041977 
0075000062 (0040000061) : 38032.575018863856 
0017000063 (0075000062) : 38107.16741791341 
0032000064 (0017000063) : 38167.84965431591 
0080000065 (0032000064) : 39058.93786171098 
0012000066 (0080000065) : 40060.94364483603 
0073000067 (0012000066) : 42129.16069645802 
0058000068 (0073000067) : 42664.62196855832 
0047000069 (0058000068) : 43189.34474216016 
0081000070 (0047000069) : 44595.57442141307 
0011000071 (0081000070) : 45334.48468117505 
0049000072 (0011000071) : 45453.55881352369 
0023000073 (0049000072) : 46755.70773998885 
0049000074 (0023000073) : 47969.40131135136 
0093000075 (0049000074) : 48708.785735402955 
0028000076 (0093000075) : 49126.69695945491 
0023000077 (0028000076) : 49668.42813339477 
0076000078 (0023000077) : 50014.617632855356 
0014000079 (0076000078) : 50020.92108120353 
0060000080 (0014000079) : 50264.07859245514 
0010000081 (0060000080) : 50360.69243935296 
0045000082 (0010000081) : 50501.31457770365 
0055000083 (0045000082) : 53776.626845347564 
0053000084 (0055000083) : 53903.34705317234 
0079000085 (0053000084) : 54035.73627398942 
0023000086 (0079000085) : 54135.299217259075 
0081000087 (0023000086) : 56578.8344182324 
0022000088 (0081000087) : 56763.315907489654 
0030000089 (0022000088) : 57297.89997129107 
0023000090 (0030000089) : 58171.44452208103 
0037000091 (0023000090) : 58181.90851853425 
0039000092 (0037000091) : 58506.81329148519 
0043000093 (0039000092) : 58969.042506412734 
0045000094 (0043000093) : 59060.535553158654 
0089000095 (0045000094) : 59684.78859676227 
0039000096 (0089000095) : 60226.58075266254 
0083000097 (0039000096) : 61737.93081925914 
0093000098 (0083000097) : 62032.33438110296 
0091000099 (0093000098) : 62153.32686439352 
0041000100 (0091000099) : 62375.55944976501 
0022000101 (0041000100) : 62387.62536974055 
0035000102 (0022000101) : 62819.88932614879 
0026000103 (0035000102) : 63309.28039163696 
0023000104 (0026000103) : 64190.83718273298 
0085000105 (0023000104) : 64401.220612642835 
0081000106 (0085000105) : 64428.030106434184 
0050000107 (0081000106) : 65228.72656181774 
0037000108 (0050000107) : 65298.99195992444 
0059000109 (0037000108) : 67367.13396331984 
0031000110 (0059000109) : 68927.32914522811 
0049000111 (0031000110) : 69454.45224177002 
0045000112 (0049000111) : 69458.29869303634 
0018000113 (0045000112) : 69646.4905228725 
0023000114 (0018000113) : 70277.86416415019 
0096000115 (0023000114) : 70320.40709378202 
0011000116 (0096000115) : 70597.42831756204 
0098000117 (0011000116) : 71496.27019707252 
0077000118 (0098000117) : 72498.93260847249 
0040000119 (0077000118) : 72499.66161392083 
0084000120 (0040000119) : 73616.83790903476 
0090000121 (0084000120) : 73830.33059217449 
0001000122 (0090000121) : 74472.35273336682 
0087000123 (0001000122) : 77280.11442536868 
0006000124 (0087000123) : 77676.40466333837 
0023000125 (0006000124) : 78257.05441932139 
0056000126 (0023000125) : 78493.45480938774 
0038000127 (0056000126) : 79015.99854702331 
0070000128 (0038000127) : 79098.29932080786 
0014000129 (0070000128) : 79557.00847926506 
0069000130 (0014000129) : 79939.7650766795 
0088000131 (0069000130) : 80545.97933713347 
0072000132 (0088000131) : 80654.53819994378 
0074000133 (0072000132) : 80803.5063072623 
0024000134 (0074000133) : 81735.83332950313 
0073000135 (0024000134) : 81926.69696952864 
0070000136 (0073000135) : 82676.51179393839 
0098000137 (0070000136) : 82731.66082293136 
0013000138 (0098000137) : 82921.1675522575 
0023000139 (0013000138) : 83323.49697202168 
0096000140 (0023000139) : 83798.91923156178 
0033000141 (0096000140) : 84445.60728303618 
0030000142 (0033000141) : 84864.4717956301 
0009000143 (0030000142) : 85436.07648755764 
0042000144 (0009000143) : 85533.12814655995 
0018000145 (0042000144) : 85910.41651313586 
0063000146 (0018000145) : 86117.67149115521 
0014000147 (0063000146) : 86466.2939283125 
0026000148 (0014000147) : 89028.79966412121 
0002000149 (0026000148) : 89515.4763189343 
0016000150 (0002000149) : 89836.39698822853 
0044000151 (0016000150) : 89868.08430533903 
0099000152 (0044000151) : 90619.90338035992 
0001000153 (0099000152) : 90919.88737390723 
0058000154 (0001000153) : 90983.45020289034 
0096000155 (0058000154) : 91391.46604182744 
0023000156 (0096000155) : 93325.65344656003 
0053000157 (0023000156) : 93431.26696899517 
0085000158 (0053000157) : 93652.2511727061 
0043000159 (0085000158) : 94009.21194820532 
0067000160 (0043000159) : 94220.19044641055 
0085000161 (0067000160) : 95333.54134810982 
0029000162 (0085000161) : 95866.0960863858 
0067000163 (0029000162) : 96849.35897594035 
0032000164 (0067000163) : 97030.33043606252 
0001000165 (0032000164) : 98896.40916074128 
0002000166 (0001000165) : 99636.09546901638 
0023000167 (0002000166) : 99826.50572179558 
