0000000000 (genesis block) : 0 
0023000001 (0000000000) : 383.0018919568596 
0072000002 (0023000001) : 693.1412800527766 
0025000003 (0072000002) : 1164.0447060207423 
0076000004 (0025000003) : 1307.0628836706348 
0003000005 (0076000004) : 1808.5038937490203 
0035000006 (0003000005) : 2647.3254980379425 
0010000007 (0035000006) : 3066.582358473968 
0026000008 (0010000007) : 3081.971471442014 
0048000009 (0026000008) : 3308.043165060586 
0022000010 (0048000009) : 3550.060748740923 
0031000011 (0022000010) : 4287.8079472679965 
0045000012 (0031000011) : 5126.755011183364 
0086000013 (0045000012) : 6638.961478436419 
0050000014 (0086000013) : 7431.846535037393 
0078000015 (0050000014) : 7682.516355092337 
0049000016 (0078000015) : 7713.741438714586 
0087000017 (0049000016) : 8129.388378074902 
0000000018 (0087000017) : 8462.364628370648 
0009000019 (0000000018) : 8836.530991674503 
0016000020 (0009000019) : 9080.427126459146 
0063000021 (0016000020) : 10088.573221025019 
0023000022 (0063000021) : 10419.29965691215 
0092000023 (0023000022) : 10470.490700144577 
0061000024 (0092000023) : 10550.540462019248 
0017000025 (0061000024) : 10806.01588045436 
0088000026 (0017000025) : 11452.129771400181 
0023000027 (0088000026) : 11960.285111457875 
0001000028 (0023000027) : 12269.515033765616 
0030000029 (0001000028) : 14500.884784755941 
0040000030 (0030000029) : 15673.58073432216 
0071000031 (0040000030) : 16869.36549313421 
0023000032 (0071000031) : 17121.864263003798 
0024000033 (0023000032) : 17595.878513251922 
0095000034 (0024000033) : 18244.43836364724 
0088000035 (0095000034) : 19221.36871398471 
0018000036 (0088000035) : 20303.95372162699 
0038000037 (0018000036) : 20351.665063873006 
0080000038 (0038000037) : 20753.149809686045 
0074000039 (0080000038) : 21055.69157847123 
0090000040 (0074000039) : 21209.671711839925 
0080000041 (0090000040) : 22284.61449930741 
0099000042 (0080000041) : 22644.8185264409 
0060000043 (0099000042) : 26117.6494173838 
0012000044 (0060000043) : 26871.796619800334 
0023000045 (0012000044) : 27437.14818283188 
0089000046 (0023000045) : 27597.747682618236 
0004000047 (0089000046) : 28641.397165080543 
0093000048 (0004000047) : 29340.111879627144 
0023000049 (0093000048) : 29729.9918968887 
0076000050 (0023000049) : 30331.539217280366 
0032000051 (0076000050) : 31104.236811691928 
0023000052 (0032000051) : 32641.56279007315 
0074000053 (0023000052) : 32659.124391300127 
0042000054 (0074000053) : 34280.9705285287 
0097000055 (0042000054) : 34655.910831085064 
0038000056 (0097000055) : 34788.1983168127 
0035000057 (0038000056) : 34853.52875185832 
0071000058 (0035000057) : 35066.60401838152 
0068000059 (0071000058) : 35916.780614102725 
0018000060 (0068000059) : 36140.23885527699 
0040000061 (0018000060) : 36401.74841901621 
0075000062 (0040000061) : 38032.46295342077 
0017000063 (0075000062) : 38107.055925251436 
0032000064 (0017000063) : 38167.73855928587 
0080000065 (0032000064) : 39058.82702379853 
0012000066 (0080000065) : 40060.92506054916 
0073000067 (0012000066) : 42129.15614959743 
0058000068 (0073000067) : 42664.5383428737 
0047000069 (0058000068) : 43189.22858838341 
0081000070 (0047000069) : 44595.55870706648 
0011000071 (0081000070) : 45334.571357130626 
0049000072 (0011000071) : 45453.447363627805 
0023000073 (0049000072) : 46755.59474265089 
0049000074 (0023000073) : 47969.28890788038 
0093000075 (0049000074) : 48708.67444240973 
0028000076 (0093000075) : 49126.58328070023 
0023000077 (0028000076) : 49668.31688217392 
0076000078 (0023000077) : 50014.50539967826 
0014000079 (0076000078) : 50020.80879350172 
0060000080 (0014000079) : 50263.9633895942 
0010000081 (0060000080) : 50360.5818613415 
0045000082 (0010000081) : 50501.203288578276 
0055000083 (0045000082) : 53776.51555528152 
0053000084 (0055000083) : 53903.2355053666 
0079000085 (0053000084) : 54035.62374266229 
0023000086 (0079000085) : 54135.187338478005 
0081000087 (0023000086) : 56578.81976938155 
0022000088 (0081000087) : 56763.40340064802 
0030000089 (0022000088) : 57297.78843690878 
0023000090 (0030000089) : 58171.32995914151 
0037000091 (0023000090) : 58181.79555837359 
0039000092 (0037000091) : 58506.70290104721 
0043000093 (0039000092) : 58968.93167093528 
0045000094 (0043000093) : 59060.421328426055 
0089000095 (0045000094) : 59684.6775361307 
0039000096 (0089000095) : 60226.4693434291 
0083000097 (0039000096) : 61737.82435887065 
0093000098 (0083000097) : 62032.22277589713 
0091000099 (0093000098) : 62153.2160580655 
0041000100 (0091000099) : 62375.447734058216 
0022000101 (0041000100) : 62387.7102529889 
0035000102 (0022000101) : 62819.77519680241 
0026000103 (0035000102) : 63309.16758795087 
0023000104 (0026000103) : 64190.72475403213 
0085000105 (0023000104) : 64401.107780450686 
0081000106 (0085000105) : 64428.01270867849 
0050000107 (0081000106) : 65228.61421418135 
0037000108 (0050000107) : 65298.88155789013 
0059000109 (0037000108) : 67367.02175099475 
0031000110 (0059000109) : 68927.44137529086 
0049000111 (0031000110) : 69454.34135728922 
0045000112 (0049000111) : 69458.1869019359 
0018000113 (0045000112) : 69646.37835655696 
0023000114 (0018000113) : 70277.75313651975 
0096000115 (0023000114) : 70320.29642613188 
0011000116 (0096000115) : 70597.51634403162 
0098000117 (0011000116) : 71496.38051002419 
0077000118 (0098000117) : 72498.91874717105 
0040000119 (0077000118) : 72499.55104335629 
0084000120 (0040000119) : 73616.72714701577 
0090000121 (0084000120) : 73830.41901449498 
0001000122 (0090000121) : 74472.24144841093 
0087000123 (0001000122) : 77280.00290142465 
0006000124 (0087000123) : 77676.29198102365 
0023000125 (0006000124) : 78256.94332289837 
0056000126 (0023000125) : 78493.34275435105 
0038000127 (0056000126) : 79015.89021547305 
0070000128 (0038000127) : 79098.18749347662 
0014000129 (0070000128) : 79556.89801666173 
0069000130 (0014000129) : 79939.65686077827 
0088000131 (0069000130) : 80545.86890127216 
0072000132 (0088000131) : 80654.42573988887 
0074000133 (0072000132) : 80803.39399667262 
0024000134 (0074000133) : 81735.72057484637 
0073000135 (0024000134) : 81926.69552650774 
0070000136 (0073000135) : 82676.4000510586 
0098000137 (0070000136) : 82731.77229147674 
0013000138 (0098000137) : 82921.05519977881 
0023000139 (0013000138) : 83323.384554704 
0096000140 (0023000139) : 83798.8082001872 
0033000141 (0096000140) : 84445.49494057019 
0030000142 (0033000141) : 84864.35877580267 
0009000143 (0030000142) : 85435.96523769427 
0042000144 (0009000143) : 85533.0160365395 
0018000145 (0042000144) : 85910.30560338256 
0063000146 (0018000145) : 86117.68375464626 
0014000147 (0063000146) : 86466.18147692067 
0026000148 (0014000147) : 89028.68890631202 
0002000149 (0026000148) : 89515.43097216012 
0016000150 (0002000149) : 89836.3795824209 
0044000151 (0016000150) : 89867.97313278432 
0099000152 (0044000151) : 90619.88826167064 
0001000153 (0099000152) : 90919.77626258881 
0058000154 (0001000153) : 90983.36436861781 
0096000155 (0058000154) : 91391.35555725322 
0023000156 (0096000155) : 93325.53810658786 
0053000157 (0023000156) : 93431.15070686118 
0085000158 (0053000157) : 93652.14195451493 
0043000159 (0085000158) : 94009.1011574072 
0067000160 (0043000159) : 94220.07927081066 
0085000161 (0067000160) : 95333.43058591195 
0029000162 (0085000161) : 95865.98247005354 
0067000163 (0029000162) : 96849.24774477592 
0032000164 (0067000163) : 97030.21959177841 
0001000165 (0032000164) : 98896.29640367963 
0002000166 (0001000165) : 99636.0506405832 
0023000167 (0002000166) : 99826.393615054 
