0000000000 (genesis block) : 0 
0023000001 (0000000000) : 382.98685681432727 
0072000002 (0023000001) : 693.2106111644829 
0025000003 (0072000002) : 1164.1139004763656 
0076000004 (0025000003) : 1307.1312229417883 
0003000005 (0076000004) : 1808.488862899447 
0035000006 (0003000005) : 2647.3928999368554 
0010000007 (0035000006) : 3066.5679073167325 
0026000008 (0010000007) : 3082.0302252021734 
0048000009 (0026000008) : 3308.0413652169677 
0022000010 (0048000009) : 3550.063215006614 
0031000011 (0022000010) : 4287.876692159685 
0045000012 (0031000011) : 5126.822659776727 
0086000013 (0045000012) : 6638.890382796035 
0050000014 (0086000013) : 7431.825694197066 
0078000015 (0050000014) : 7682.460898987186 
0049000016 (0078000015) : 7713.80963681141 
0087000017 (0049000016) : 8129.455387976022 
0000000018 (0087000017) : 8462.422222108235 
0009000019 (0000000018) : 8836.516530316525 
0016000020 (0009000019) : 9080.496154526327 
0063000021 (0016000020) : 10088.64307057565 
0023000022 (0063000021) : 10419.285255956549 
0092000023 (0023000022) : 10470.435683024709 
0061000024 (0092000023) : 10550.470172751613 
0017000025 (0061000024) : 10806.085036737435 
0088000026 (0017000025) : 11452.197328606546 
0023000027 (0088000026) : 11960.270303204363 
0001000028 (0023000027) : 12269.499759831337 
0030000029 (0001000028) : 14500.95433963881 
0040000030 (0030000029) : 15673.565275010493 
0071000031 (0040000030) : 16869.43236252996 
0023000032 (0071000031) : 17121.85204838786 
0024000033 (0023000032) : 17595.863267185312 
0095000034 (0024000033) : 18244.426253557314 
0088000035 (0095000034) : 19221.43785713305 
0018000036 (0088000035) : 20304.022344282184 
0038000037 (0018000036) : 20351.64956261733 
0080000038 (0038000037) : 20753.134671682612 
0074000039 (0080000038) : 21055.676274598205 
0090000040 (0074000039) : 21209.741488260694 
0080000041 (0090000040) : 22284.59831430447 
0099000042 (0080000041) : 22644.88753502694 
0060000043 (0099000042) : 26117.63456926282 
0012000044 (0060000043) : 26871.863588141365 
0023000045 (0012000044) : 27437.134749119297 
0089000046 (0023000045) : 27597.817352141497 
0004000047 (0089000046) : 28641.380620805456 
0093000048 (0004000047) : 29340.147817779758 
0023000049 (0093000048) : 29729.976045755826 
0076000050 (0023000049) : 30331.607652688297 
0032000051 (0076000050) : 31104.305432670983 
0023000052 (0032000051) : 32641.547957635084 
0074000053 (0023000052) : 32659.10921544493 
0042000054 (0074000053) : 34280.95547398119 
0097000055 (0042000054) : 34655.89575794927 
0038000056 (0097000055) : 34788.18323037207 
0035000057 (0038000056) : 34853.59567593037 
0071000058 (0035000057) : 35066.67101900432 
0068000059 (0071000058) : 35916.76533368703 
0018000060 (0068000059) : 36140.30883248797 
0040000061 (0018000060) : 36401.734265366926 
0075000062 (0040000061) : 38032.448287762585 
0017000063 (0075000062) : 38107.123058379206 
0032000064 (0017000063) : 38167.80583924663 
0080000065 (0032000064) : 39058.81141253291 
0012000066 (0080000065) : 40060.99288005734 
0073000067 (0012000066) : 42129.14148380265 
0058000068 (0073000067) : 42664.52321071525 
0047000069 (0058000068) : 43189.29704262066 
0081000070 (0047000069) : 44595.48973597029 
0011000071 (0081000070) : 45334.641756565914 
0049000072 (0011000071) : 45453.51652913433 
0023000073 (0049000072) : 46755.57572165437 
0049000074 (0023000073) : 47969.356026162786 
0093000075 (0049000074) : 48708.70594645647 
0028000076 (0093000075) : 49126.61064175643 
0023000077 (0028000076) : 49668.301841797234 
0076000078 (0023000077) : 50014.57205345242 
0014000079 (0076000078) : 50020.87713823654 
0060000080 (0014000079) : 50263.95009985439 
0010000081 (0060000080) : 50360.56607309921 
0045000082 (0010000081) : 50501.271451288456 
0055000083 (0045000082) : 53776.500747516126 
0053000084 (0055000083) : 53903.21726395295 
0079000085 (0053000084) : 54035.60920962188 
0023000086 (0079000085) : 54135.173785581566 
0081000087 (0023000086) : 56578.750183709046 
0022000088 (0081000087) : 56763.40549900504 
0030000089 (0022000088) : 57297.85865753679 
0023000090 (0030000089) : 58171.315002548894 
0037000091 (0023000090) : 58181.72703432201 
0039000092 (0037000091) : 58506.687950062704 
0043000093 (0039000092) : 58968.91624747798 
0045000094 (0043000093) : 59060.493234026886 
0089000095 (0045000094) : 59684.7466467974 
0039000096 (0089000095) : 60226.4567203954 
0083000097 (0039000096) : 61737.80541894856 
0093000098 (0083000097) : 62032.251461027525 
0091000099 (0093000098) : 62153.20100781855 
0041000100 (0091000099) : 62375.517083549756 
0022000101 (0041000100) : 62387.71520915881 
0035000102 (0022000101) : 62819.84238356476 
0026000103 (0035000102) : 63309.22050798426 
0023000104 (0026000103) : 64190.70947795754 
0085000105 (0023000104) : 64401.05569046205 
0081000106 (0085000105) : 64427.94517274985 
0050000107 (0081000106) : 65228.599446108696 
0037000108 (0050000107) : 65298.81349890966 
0059000109 (0037000108) : 67366.95450982254 
0031000110 (0059000109) : 68927.50831237306 
0049000111 (0031000110) : 69454.40925316242 
0045000112 (0049000111) : 69458.25577675263 
0018000113 (0045000112) : 69646.44587312143 
0023000114 (0018000113) : 70277.73835984617 
0096000115 (0023000114) : 70320.2832172775 
0011000116 (0096000115) : 70597.58434165608 
0098000117 (0011000116) : 71496.44924787187 
0077000118 (0098000117) : 72498.90377798335 
0040000119 (0077000118) : 72499.53514450189 
0084000120 (0040000119) : 73616.71393448029 
0090000121 (0084000120) : 73830.48672856968 
0001000122 (0090000121) : 74472.22612512806 
0087000123 (0001000122) : 77280.07029509638 
0006000124 (0087000123) : 77676.27899847749 
0023000125 (0006000124) : 78256.92820641621 
0056000126 (0023000125) : 78493.32862604073 
0038000127 (0056000126) : 79015.87265558653 
0070000128 (0038000127) : 79098.11943588837 
0014000129 (0070000128) : 79556.96710288156 
0069000130 (0014000129) : 79939.64117673064 
0088000131 (0069000130) : 80545.93595429302 
0072000132 (0088000131) : 80654.49274668992 
0074000133 (0072000132) : 80803.3786126517 
0024000134 (0074000133) : 81735.70484555079 
0073000135 (0024000134) : 81926.68043884126 
0070000136 (0073000135) : 82676.33197195936 
0098000137 (0070000136) : 82731.84016499463 
0013000138 (0098000137) : 82921.04138326531 
0023000139 (0013000138) : 83323.37348376877 
0096000140 (0023000139) : 83798.79258404562 
0033000141 (0096000140) : 84445.42676087156 
0030000142 (0033000141) : 84864.42895415994 
0009000143 (0030000142) : 85435.94871723637 
0042000144 (0009000143) : 85533.00065688469 
0018000145 (0042000144) : 85910.37462330253 
0063000146 (0018000145) : 86117.75088679207 
0014000147 (0063000146) : 86466.24960106578 
0026000148 (0014000147) : 89028.74440835549 
0002000149 (0026000148) : 89515.49922216528 
0016000150 (0002000149) : 89836.44686397711 
0044000151 (0016000150) : 89868.04007538577 
0099000152 (0044000151) : 90619.95769174417 
0001000153 (0099000152) : 90919.76362803206 
0058000154 (0001000153) : 90983.34947741557 
0096000155 (0058000154) : 91391.34048224366 
0023000156 (0096000155) : 93325.52334058529 
0053000157 (0023000156) : 93431.13516538289 
0085000158 (0053000157) : 93652.08652844309 
0043000159 (0085000158) : 94009.08564096763 
0067000160 (0043000159) : 94220.06366255552 
0085000161 (0067000160) : 95333.37653670114 
0029000162 (0085000161) : 95865.91460746042 
0067000163 (0029000162) : 96849.23336106844 
0032000164 (0067000163) : 97030.28952816792 
0001000165 (0032000164) : 98896.28395993495 
0002000166 (0001000165) : 99636.11931266321 
0023000167 (0002000166) : 99826.37832621494 
