0000000000 (genesis block) : 0 
0023000001 (0000000000) : 383.1412430228269 
0072000002 (0023000001) : 693.5142354355817 
0025000003 (0072000002) : 1164.4582523457896 
0076000004 (0025000003) : 1307.2855263278957 
0003000005 (0076000004) : 1808.0243159618 
0035000006 (0003000005) : 2647.6964252662747 
0010000007 (0035000006) : 3066.656792369719 
0026000008 (0010000007) : 3082.189867763608 
0048000009 (0026000008) : 3307.9889665223104 
0022000010 (0048000009) : 3550.3033241969742 
0031000011 (0022000010) : 4288.086631428349 
0045000012 (0031000011) : 5127.23602315033 
0086000013 (0045000012) : 6639.08798738948 
0050000014 (0086000013) : 7432.237574154219 
0078000015 (0050000014) : 7682.638173840272 
0049000016 (0078000015) : 7713.52935258709 
0087000017 (0049000016) : 8129.870907939793 
0000000018 (0087000017) : 8462.583056167803 
0009000019 (0000000018) : 8836.862763978204 
0016000020 (0009000019) : 9080.493746776532 
0063000021 (0016000020) : 10088.776159448395 
0023000022 (0063000021) : 10419.440811544477 
0092000023 (0023000022) : 10470.491092284805 
0061000024 (0092000023) : 10550.697261260339 
0017000025 (0061000024) : 10806.387259580317 
0088000026 (0017000025) : 11452.495690798814 
0023000027 (0088000026) : 11960.429469373561 
0001000028 (0023000027) : 12269.83684257589 
0030000029 (0001000028) : 14501.256522150064 
0040000030 (0030000029) : 15673.977324280146 
0071000031 (0040000030) : 16869.433884878195 
0023000032 (0071000031) : 17122.00248708728 
0024000033 (0023000032) : 17595.840057101334 
0095000034 (0024000033) : 18244.43072257878 
0088000035 (0095000034) : 19221.733084064424 
0018000036 (0088000035) : 20304.319817896165 
0038000037 (0018000036) : 20351.727421328116 
0080000038 (0038000037) : 20753.40539367589 
0074000039 (0080000038) : 21056.078776073424 
0090000040 (0074000039) : 21209.893378625096 
0080000041 (0090000040) : 22284.87120160449 
0099000042 (0080000041) : 22644.979007658054 
0060000043 (0099000042) : 26117.500197740803 
0012000044 (0060000043) : 26871.95995194008 
0023000045 (0012000044) : 27437.28939117607 
0089000046 (0023000045) : 27597.969135604184 
0004000047 (0089000046) : 28641.795102830714 
0093000048 (0004000047) : 29340.33018692095 
0023000049 (0093000048) : 29730.12995215455 
0076000050 (0023000049) : 30331.760815019556 
0032000051 (0076000050) : 31104.56034680821 
0023000052 (0032000051) : 32641.70716791366 
0074000053 (0023000052) : 32659.5072210129 
0042000054 (0074000053) : 34281.15178631696 
0097000055 (0042000054) : 34655.76366934186 
0038000056 (0097000055) : 34788.26516203986 
0035000057 (0038000056) : 34853.90076634326 
0071000058 (0035000057) : 35066.67136657934 
0068000059 (0071000058) : 35917.1805725278 
0018000060 (0068000059) : 36140.60622765827 
0040000061 (0018000060) : 36402.14304578019 
0075000062 (0040000061) : 38032.49650315025 
0017000063 (0075000062) : 38107.42878833403 
0032000064 (0017000063) : 38168.05878534843 
0080000065 (0032000064) : 39059.08199139036 
0012000066 (0080000065) : 40061.08888164575 
0073000067 (0012000066) : 42129.440997673984 
0058000068 (0073000067) : 42664.10784455748 
0047000069 (0058000068) : 43189.59622557658 
0081000070 (0047000069) : 44595.95752331026 
0011000071 (0081000070) : 45335.061182885904 
0049000072 (0011000071) : 45453.23737267128 
0023000073 (0049000072) : 46755.73391569512 
0049000074 (0023000073) : 47969.079850201306 
0093000075 (0049000074) : 48708.89513076798 
0028000076 (0093000075) : 49126.44930413202 
0023000077 (0028000076) : 49668.45774785195 
0076000078 (0023000077) : 50014.723584105326 
0014000079 (0076000078) : 50021.17940983384 
0060000080 (0014000079) : 50263.818516472784 
0010000081 (0060000080) : 50360.65552482499 
0045000082 (0010000081) : 50501.685219401385 
0055000083 (0045000082) : 53776.82616856492 
0053000084 (0055000083) : 53903.59083960471 
0079000085 (0053000084) : 54035.77135272073 
0023000086 (0079000085) : 54135.33105448135 
0081000087 (0023000086) : 56579.217434447295 
0022000088 (0081000087) : 56763.64816054433 
0030000089 (0022000088) : 57298.1600210086 
0023000090 (0030000089) : 58171.4699951675 
0037000091 (0023000090) : 58181.949664306514 
0039000092 (0037000091) : 58506.937660752585 
0043000093 (0039000092) : 58968.98312019719 
0045000094 (0043000093) : 59060.90138165613 
0089000095 (0045000094) : 59684.89752563285 
0039000096 (0089000095) : 60226.70873509983 
0083000097 (0039000096) : 61737.88555704802 
0093000098 (0083000097) : 62032.44082499879 
0091000099 (0093000098) : 62153.54643311048 
0041000100 (0091000099) : 62375.60053965958 
0022000101 (0041000100) : 62387.95766841428 
0035000102 (0022000101) : 62820.14867433988 
0026000103 (0035000102) : 63309.38740918817 
0023000104 (0026000103) : 64190.86166325133 
0085000105 (0023000104) : 64401.099772129106 
0081000106 (0085000105) : 64428.40990377053 
0050000107 (0081000106) : 65229.01177232448 
0037000108 (0050000107) : 65299.03620920996 
0059000109 (0037000108) : 67367.17879869614 
0031000110 (0059000109) : 68927.71918902939 
0049000111 (0031000110) : 69454.13165823017 
0045000112 (0049000111) : 69458.66791149256 
0018000113 (0045000112) : 69646.74354731897 
0023000114 (0018000113) : 70277.89671718793 
0096000115 (0023000114) : 70319.81117053973 
0011000116 (0096000115) : 70597.9975411881 
0098000117 (0011000116) : 71496.86180041483 
0077000118 (0098000117) : 72498.82321399964 
0040000119 (0077000118) : 72499.93988615791 
0084000120 (0040000119) : 73616.57835495762 
0090000121 (0084000120) : 73830.64158335672 
0001000122 (0090000121) : 74472.5711618702 
0087000123 (0001000122) : 77280.48310394338 
0006000124 (0087000123) : 77676.35433079742 
0023000125 (0006000124) : 78257.08571952792 
0056000126 (0023000125) : 78493.26529742464 
0038000127 (0056000126) : 79015.95350875249 
0070000128 (0038000127) : 79098.34452117531 
0014000129 (0070000128) : 79557.26880170232 
0069000130 (0014000129) : 79939.95464646422 
0088000131 (0069000130) : 80546.24004884159 
0072000132 (0088000131) : 80654.79751685834 
0074000133 (0072000132) : 80803.77921491559 
0024000134 (0074000133) : 81735.68462791044 
0073000135 (0024000134) : 81926.97882392962 
0070000136 (0073000135) : 82676.55434236469 
0098000137 (0070000136) : 82732.25427035576 
0013000138 (0098000137) : 82921.3851667122 
0023000139 (0013000138) : 83323.52415211983 
0096000140 (0023000139) : 83798.3272246551 
0033000141 (0096000140) : 84445.65088887438 
0030000142 (0033000141) : 84864.72580897491 
0009000143 (0030000142) : 85436.29723209933 
0042000144 (0009000143) : 85533.19943618802 
0018000145 (0042000144) : 85910.67093009035 
0063000146 (0018000145) : 86117.88447714159 
0014000147 (0063000146) : 86466.54942617325 
0026000148 (0014000147) : 89028.90715036185 
0002000149 (0026000148) : 89515.61957607581 
0016000150 (0002000149) : 89836.44701514367 
0044000151 (0016000150) : 89868.29342587013 
0099000152 (0044000151) : 90620.04545498578 
0001000153 (0099000152) : 90920.09991840455 
0058000154 (0001000153) : 90982.93390158039 
0096000155 (0058000154) : 91390.87549820673 
0023000156 (0096000155) : 93325.67754869832 
0053000157 (0023000156) : 93431.50671513758 
0085000158 (0053000157) : 93652.12951229098 
0043000159 (0085000158) : 94009.15068991735 
0067000160 (0043000159) : 94220.47624360959 
0085000161 (0067000160) : 95333.41778572377 
0029000162 (0085000161) : 95866.13831324253 
0067000163 (0029000162) : 96849.645936847 
0032000164 (0067000163) : 97030.54631746358 
0001000165 (0032000164) : 98896.62169206142 
0002000166 (0001000165) : 99636.2384165423 
0023000167 (0002000166) : 99826.53484991504 
