0000000000 (genesis block) : 0 
0023000001 (0000000000) : 382.91958945690055 
0072000002 (0023000001) : 693.3720223350746 
0025000003 (0072000002) : 1164.474671883983 
0076000004 (0025000003) : 1307.2757334213704 
0003000005 (0076000004) : 1808.3325312520371 
0035000006 (0003000005) : 2647.8863624492897 
0010000007 (0035000006) : 3066.408554585221 
0026000008 (0010000007) : 3082.0666788631493 
0048000009 (0026000008) : 3308.0821820842507 
0022000010 (0048000009) : 3550.2112199098046 
0031000011 (0022000010) : 4288.2772448509495 
0045000012 (0031000011) : 5127.314617897769 
0086000013 (0045000012) : 6639.044899215029 
0050000014 (0086000013) : 7432.31574480339 
0078000015 (0050000014) : 7682.630175169055 
0049000016 (0078000015) : 7713.904852205727 
0087000017 (0049000016) : 8129.91614741018 
0000000018 (0087000017) : 8462.308908749545 
0009000019 (0000000018) : 8836.941284600949 
0016000020 (0009000019) : 9080.766479001417 
0063000021 (0016000020) : 10088.919637065952 
0023000022 (0063000021) : 10419.215042262595 
0092000023 (0023000022) : 10470.481398995096 
0061000024 (0092000023) : 10550.602027707173 
0017000025 (0061000024) : 10806.528405672383 
0088000026 (0017000025) : 11452.29974805204 
0023000027 (0088000026) : 11960.200291311648 
0001000028 (0023000027) : 12269.818520451632 
0030000029 (0001000028) : 14501.337297622063 
0040000030 (0030000029) : 15673.821894187684 
0071000031 (0040000030) : 16869.706741826878 
0023000032 (0071000031) : 17121.777744901872 
0024000033 (0023000032) : 17595.710938721975 
0095000034 (0024000033) : 18244.266190550516 
0088000035 (0095000034) : 19221.5407301395 
0018000036 (0088000035) : 20304.124695538412 
0038000037 (0018000036) : 20351.933860116627 
0080000038 (0038000037) : 20753.401192281228 
0074000039 (0080000038) : 21056.033086898846 
0090000040 (0074000039) : 21210.119864985005 
0080000041 (0090000040) : 22284.858940145496 
0099000042 (0080000041) : 22644.889251082663 
0060000043 (0099000042) : 26117.7230545759 
0012000044 (0060000043) : 26871.908119268992 
0023000045 (0012000044) : 27437.067044984946 
0089000046 (0023000045) : 27598.096983539595 
0004000047 (0089000046) : 28641.769070895916 
0093000048 (0004000047) : 29340.180611536653 
0023000049 (0093000048) : 29729.90442471915 
0076000050 (0023000049) : 30331.747468372054 
0032000051 (0076000050) : 31104.514463301697 
0023000052 (0032000051) : 32641.481633789484 
0074000053 (0023000052) : 32659.467898845993 
0042000054 (0074000053) : 34280.90115499375 
0097000055 (0042000054) : 34655.834951604455 
0038000056 (0097000055) : 34788.47189658912 
0035000057 (0038000056) : 34854.08844122871 
0071000058 (0035000057) : 35066.94881973704 
0068000059 (0071000058) : 35917.12148412965 
0018000060 (0068000059) : 36140.40973880616 
0040000061 (0018000060) : 36401.98924570814 
0075000062 (0040000061) : 38032.45496785768 
0017000063 (0075000062) : 38107.57010698998 
0032000064 (0017000063) : 38168.010814912355 
0080000065 (0032000064) : 39059.0761804446 
0012000066 (0080000065) : 40061.03673693192 
0073000067 (0012000066) : 42129.5002658259 
0058000068 (0073000067) : 42664.0801865431 
0047000069 (0058000068) : 43189.3997762926 
0081000070 (0047000069) : 44595.98111069182 
0011000071 (0081000070) : 45335.13699943056 
0049000072 (0011000071) : 45453.61335442397 
0023000073 (0049000072) : 46755.509445458774 
0049000074 (0023000073) : 47969.455409559494 
0093000075 (0049000074) : 48708.743284385106 
0028000076 (0093000075) : 49126.650966543486 
0023000077 (0028000076) : 49668.23617590386 
0076000078 (0023000077) : 50014.71230396525 
0014000079 (0076000078) : 50020.9794382917 
0060000080 (0014000079) : 50264.03526262252 
0010000081 (0060000080) : 50360.404612866754 
0045000082 (0010000081) : 50501.76279271161 
0055000083 (0045000082) : 53776.65136175501 
0053000084 (0055000083) : 53903.420554785815 
0079000085 (0053000084) : 54035.73096763553 
0023000086 (0079000085) : 54135.104247036914 
0081000087 (0023000086) : 56579.24055424547 
0022000088 (0081000087) : 56763.55197194028 
0030000089 (0022000088) : 57298.23969496393 
0023000090 (0030000089) : 58171.244657870106 
0037000091 (0023000090) : 58181.65022038758 
0039000092 (0037000091) : 58506.927014448534 
0043000093 (0039000092) : 58968.95320922405 
0045000094 (0043000093) : 59060.981259816595 
0089000095 (0045000094) : 59685.02730687326 
0039000096 (0089000095) : 60226.69952407915 
0083000097 (0039000096) : 61738.090028900086 
0093000098 (0083000097) : 62032.28949127798 
0091000099 (0093000098) : 62153.641166149704 
0041000100 (0091000099) : 62375.400875988475 
0022000101 (0041000100) : 62387.86144704896 
0035000102 (0022000101) : 62820.33228725295 
0026000103 (0035000102) : 63309.257182999085 
0023000104 (0026000103) : 64190.6385152641 
0085000105 (0023000104) : 64401.149277603465 
0081000106 (0085000105) : 64428.435946629295 
0050000107 (0081000106) : 65229.09282028147 
0037000108 (0050000107) : 65298.74019759825 
0059000109 (0037000108) : 67367.16020480475 
0031000110 (0059000109) : 68927.91549456373 
0049000111 (0031000110) : 69454.51090523106 
0045000112 (0049000111) : 69458.74878808558 
0018000113 (0045000112) : 69646.54806281404 
0023000114 (0018000113) : 70277.66873566565 
0096000115 (0023000114) : 70320.18758987664 
0011000116 (0096000115) : 70598.07380179767 
0098000117 (0011000116) : 71496.94493165665 
0077000118 (0098000117) : 72498.95637673142 
0040000119 (0077000118) : 72499.78693425104 
0084000120 (0040000119) : 73616.57429982196 
0090000121 (0084000120) : 73830.8603739328 
0001000122 (0090000121) : 74472.55241336525 
0087000123 (0001000122) : 77280.5303843465 
0006000124 (0087000123) : 77676.48588817916 
0023000125 (0006000124) : 78256.8603717601 
0056000126 (0023000125) : 78492.95960017019 
0038000127 (0056000126) : 79016.16188624928 
0070000128 (0038000127) : 79098.00014315461 
0014000129 (0070000128) : 79557.0692398213 
0069000130 (0014000129) : 79939.92355973471 
0088000131 (0069000130) : 80546.03820923316 
0072000132 (0088000131) : 80654.65647227979 
0074000133 (0072000132) : 80803.7353966716 
0024000134 (0074000133) : 81735.5452481919 
0073000135 (0024000134) : 81927.03688234197 
0070000136 (0073000135) : 82676.21371034952 
0098000137 (0070000136) : 82732.33353440644 
0013000138 (0098000137) : 82921.38481760278 
0023000139 (0013000138) : 83323.30210798269 
0096000140 (0023000139) : 83798.70691769068 
0033000141 (0096000140) : 84445.63885258108 
0030000142 (0033000141) : 84864.81029606184 
0009000143 (0030000142) : 85436.37354935521 
0042000144 (0009000143) : 85532.94897898239 
0018000145 (0042000144) : 85910.47330062882 
0063000146 (0018000145) : 86118.02950517014 
0014000147 (0063000146) : 86466.35017359616 
0026000148 (0014000147) : 89028.78597574591 
0002000149 (0026000148) : 89515.5688584151 
0016000150 (0002000149) : 89836.72015372982 
0044000151 (0016000150) : 89868.24399536547 
0099000152 (0044000151) : 90619.9533105231 
0001000153 (0099000152) : 90920.08594489904 
0058000154 (0001000153) : 90982.90659976806 
0096000155 (0058000154) : 91391.26251205757 
0023000156 (0096000155) : 93325.45120599147 
0053000157 (0023000156) : 93431.34142216199 
0085000158 (0053000157) : 93652.18393269366 
0043000159 (0085000158) : 94009.12076928184 
0067000160 (0043000159) : 94220.4892167392 
0085000161 (0067000160) : 95333.47287698372 
0029000162 (0085000161) : 95866.12212234859 
0067000163 (0029000162) : 96849.65795557127 
0032000164 (0067000163) : 97030.4954916698 
0001000165 (0032000164) : 98896.6059046685 
0002000166 (0001000165) : 99636.18775068686 
0023000167 (0002000166) : 99826.30956390682 
