0000000000 (genesis block) : 0 
0023000001 (0000000000) : 383.2656970740374 
0072000002 (0023000001) : 693.23497896286 
0025000003 (0072000002) : 1164.330091329655 
0076000004 (0025000003) : 1307.1953140418811 
0003000005 (0076000004) : 1808.6692450763705 
0035000006 (0003000005) : 2647.615570973965 
0010000007 (0035000006) : 3066.864750180847 
0026000008 (0010000007) : 3081.992587978265 
0048000009 (0026000008) : 3308.1765792234837 
0022000010 (0048000009) : 3549.9484577978956 
0031000011 (0022000010) : 4288.095909551673 
0045000012 (0031000011) : 5127.043106428221 
0086000013 (0045000012) : 6639.214434112443 
0050000014 (0086000013) : 7432.13297238736 
0078000015 (0050000014) : 7682.670754703599 
0049000016 (0078000015) : 7713.807675053526 
0087000017 (0049000016) : 8129.674738233322 
0000000018 (0087000017) : 8462.386038948014 
0009000019 (0000000018) : 8836.586192429295 
0016000020 (0009000019) : 9080.712416791814 
0063000021 (0016000020) : 10088.836864855448 
0023000022 (0063000021) : 10419.562465007248 
0092000023 (0023000022) : 10470.574376346043 
0061000024 (0092000023) : 10550.827250594924 
0017000025 (0061000024) : 10806.301520492556 
0088000026 (0017000025) : 11451.944125190817 
0023000027 (0088000026) : 11960.54815909657 
0001000028 (0023000027) : 12269.540925219599 
0030000029 (0001000028) : 14501.171359866637 
0040000030 (0030000029) : 15673.776075953121 
0071000031 (0040000030) : 16869.643622901895 
0023000032 (0071000031) : 17122.123806948224 
0024000033 (0023000032) : 17595.927246633008 
0095000034 (0024000033) : 18244.518831653244 
0088000035 (0095000034) : 19221.183495791964 
0018000036 (0088000035) : 20303.668336971474 
0038000037 (0018000036) : 20351.88540470372 
0080000038 (0038000037) : 20753.405513998743 
0074000039 (0080000038) : 21055.978144666136 
0090000040 (0074000039) : 21209.958916082935 
0080000041 (0090000040) : 22284.867955907455 
0099000042 (0080000041) : 22644.65863640627 
0060000043 (0099000042) : 26117.81947422546 
0012000044 (0060000043) : 26871.767334078417 
0023000045 (0012000044) : 27437.412946345426 
0089000046 (0023000045) : 27598.010875603075 
0004000047 (0089000046) : 28641.516097507854 
0093000048 (0004000047) : 29340.13031508917 
0023000049 (0093000048) : 29730.25950731098 
0076000050 (0023000049) : 30331.662481270767 
0032000051 (0076000050) : 31104.36970317651 
0023000052 (0032000051) : 32641.829586455624 
0074000053 (0023000052) : 32659.410677587097 
0042000054 (0074000053) : 34281.25788956512 
0097000055 (0042000054) : 34655.93171717943 
0038000056 (0097000055) : 34788.42382968548 
0035000057 (0038000056) : 34853.81559296952 
0071000058 (0035000057) : 35066.88282858966 
0068000059 (0071000058) : 35917.06847245199 
0018000060 (0068000059) : 36139.9522722311 
0040000061 (0018000060) : 36401.940862595475 
0075000062 (0040000061) : 38032.62482498894 
0017000063 (0075000062) : 38107.344562314 
0032000064 (0017000063) : 38167.86925171834 
0080000065 (0032000064) : 39059.08273847218 
0012000066 (0080000065) : 40060.896611924596 
0073000067 (0012000066) : 42129.44181114998 
0058000068 (0073000067) : 42664.419675719364 
0047000069 (0058000068) : 43188.93972409439 
0081000070 (0047000069) : 44595.84607344326 
0011000071 (0081000070) : 45334.85747663105 
0049000072 (0011000071) : 45453.5105115962 
0023000073 (0049000072) : 46755.85938026004 
0049000074 (0023000073) : 47969.354849006966 
0093000075 (0049000074) : 48708.696812011716 
0028000076 (0093000075) : 49126.600535260055 
0023000077 (0028000076) : 49668.58783564024 
0076000078 (0023000077) : 50014.62926480671 
0014000079 (0076000078) : 50020.6238510928 
0060000080 (0014000079) : 50264.12681772113 
0010000081 (0060000080) : 50360.86522046664 
0045000082 (0010000081) : 50501.4889174172 
0055000083 (0045000082) : 53776.35640039016 
0053000084 (0055000083) : 53903.52153737089 
0079000085 (0053000084) : 54035.89816375772 
0023000086 (0079000085) : 54135.45456694973 
0081000087 (0023000086) : 56579.10609245371 
0022000088 (0081000087) : 56763.29064833855 
0030000089 (0022000088) : 57298.075076448375 
0023000090 (0030000089) : 58171.59426737393 
0037000091 (0023000090) : 58181.94407931631 
0039000092 (0037000091) : 58506.85280067705 
0043000093 (0039000092) : 58969.12350540205 
0045000094 (0043000093) : 59060.709091583456 
0089000095 (0045000094) : 59684.94271411625 
0039000096 (0089000095) : 60226.61977780511 
0083000097 (0039000096) : 61738.043219396866 
0093000098 (0083000097) : 62032.24316919934 
0091000099 (0093000098) : 62153.407726150086 
0041000100 (0091000099) : 62375.26191548766 
0022000101 (0041000100) : 62387.60206573379 
0035000102 (0022000101) : 62820.0627484206 
0026000103 (0035000102) : 63309.18589247641 
0023000104 (0026000103) : 64190.99228471286 
0085000105 (0023000104) : 64401.26024541285 
0081000106 (0085000105) : 64428.29903268165 
0050000107 (0081000106) : 65228.89955536755 
0037000108 (0050000107) : 65299.03110699128 
0059000109 (0037000108) : 67367.30941613032 
0031000110 (0059000109) : 68927.72920094473 
0049000111 (0031000110) : 69454.40775373492 
0045000112 (0049000111) : 69458.47346926345 
0018000113 (0045000112) : 69646.09271307384 
0023000114 (0018000113) : 70278.02547026987 
0096000115 (0023000114) : 70320.46504770197 
0011000116 (0096000115) : 70597.80208632635 
0098000117 (0011000116) : 71496.66727129978 
0077000118 (0098000117) : 72499.17637659094 
0040000119 (0077000118) : 72499.74567161771 
0084000120 (0040000119) : 73616.6672259797 
0090000121 (0084000120) : 73830.70610721847 
0001000122 (0090000121) : 74472.26953082807 
0087000123 (0001000122) : 77280.2911054503 
0006000124 (0087000123) : 77676.44042038821 
0023000125 (0006000124) : 78257.21034240622 
0056000126 (0023000125) : 78493.41545603621 
0038000127 (0056000126) : 79016.11127568744 
0070000128 (0038000127) : 79098.33643688615 
0014000129 (0070000128) : 79556.71253879009 
0069000130 (0014000129) : 79939.87862781456 
0088000131 (0069000130) : 80545.68330503852 
0072000132 (0088000131) : 80654.51769014282 
0074000133 (0072000132) : 80803.68111147048 
0024000134 (0074000133) : 81735.76485333436 
0073000135 (0024000134) : 81926.98199179964 
0070000136 (0073000135) : 82676.5471521059 
0098000137 (0070000136) : 82732.06058374763 
0013000138 (0098000137) : 82921.24530504708 
0023000139 (0013000138) : 83323.65095948214 
0096000140 (0023000139) : 83798.98170971854 
0033000141 (0096000140) : 84445.78134267147 
0030000142 (0033000141) : 84864.64626850653 
0009000143 (0030000142) : 85436.01667384843 
0042000144 (0009000143) : 85533.30190075828 
0018000145 (0042000144) : 85910.016839851 
0063000146 (0018000145) : 86117.9479805056 
0014000147 (0063000146) : 86465.9945723661 
0026000148 (0014000147) : 89028.708850529 
0002000149 (0026000148) : 89515.42609293242 
0016000150 (0002000149) : 89836.66650377803 
0044000151 (0016000150) : 89868.10426737634 
0099000152 (0044000151) : 90619.72680567684 
0001000153 (0099000152) : 90919.80544188489 
0058000154 (0001000153) : 90983.24488601496 
0096000155 (0058000154) : 91391.53041137246 
0023000156 (0096000155) : 93325.80147332312 
0053000157 (0023000156) : 93431.43780530669 
0085000158 (0053000157) : 93652.29405239885 
0043000159 (0085000158) : 94009.2913536388 
0067000160 (0043000159) : 94220.36556487565 
0085000161 (0067000160) : 95333.583684693 
0029000162 (0085000161) : 95865.84877983839 
0067000163 (0029000162) : 96849.53454997862 
0032000164 (0067000163) : 97030.354030547 
0001000165 (0032000164) : 98896.3241472228 
0002000166 (0001000165) : 99636.04750788237 
0023000167 (0002000166) : 99826.66609264357 
