0000000000 (genesis block) : 0 
0023000001 (0000000000) : 382.95784107500725 
0072000002 (0023000001) : 693.2205775021654 
0025000003 (0072000002) : 1164.2409956865667 
0076000004 (0025000003) : 1307.1335172269412 
0003000005 (0076000004) : 1808.5506928211594 
0035000006 (0003000005) : 2647.5203642285064 
0010000007 (0035000006) : 3066.6785081534927 
0026000008 (0010000007) : 3081.9290679550286 
0048000009 (0026000008) : 3308.1383698280065 
0022000010 (0048000009) : 3549.882973139151 
0031000011 (0022000010) : 4288.005645337923 
0045000012 (0031000011) : 5126.949648417178 
0086000013 (0045000012) : 6638.98699744803 
0050000014 (0086000013) : 7431.955537301726 
0078000015 (0050000014) : 7682.428465624644 
0049000016 (0078000015) : 7713.935329087789 
0087000017 (0049000016) : 8129.571292486244 
0000000018 (0087000017) : 8462.322054729206 
0009000019 (0000000018) : 8836.337078670884 
0016000020 (0009000019) : 9080.622801106 
0063000021 (0016000020) : 10088.770101610577 
0023000022 (0063000021) : 10419.25558843926 
0092000023 (0023000022) : 10470.403699957067 
0061000024 (0092000023) : 10550.65252968298 
0017000025 (0061000024) : 10806.212062537994 
0088000026 (0017000025) : 11452.260063333819 
0023000027 (0088000026) : 11960.243116418646 
0001000028 (0023000027) : 12269.500123055132 
0030000029 (0001000028) : 14501.079625555196 
0040000030 (0030000029) : 15673.467475357851 
0071000031 (0040000030) : 16869.29699279756 
0023000032 (0071000031) : 17121.819192148803 
0024000033 (0023000032) : 17595.9896944934 
0095000034 (0024000033) : 18244.55047530138 
0088000035 (0095000034) : 19221.501638057936 
0018000036 (0088000035) : 20304.055333400913 
0038000037 (0018000036) : 20351.581403511016 
0080000038 (0038000037) : 20753.140824247163 
0074000039 (0080000038) : 21055.802460524945 
0090000040 (0074000039) : 21209.86822473945 
0080000041 (0090000040) : 22284.60200072703 
0099000042 (0080000041) : 22644.748011495667 
0060000043 (0099000042) : 26117.762500745725 
0012000044 (0060000043) : 26871.729791019112 
0023000045 (0012000044) : 27437.107581447697 
0089000046 (0023000045) : 27597.945223246246 
0004000047 (0089000046) : 28641.508393115135 
0093000048 (0004000047) : 29340.0495869509 
0023000049 (0093000048) : 29729.95324832491 
0076000050 (0023000049) : 30331.607531085865 
0032000051 (0076000050) : 31104.33274340895 
0023000052 (0032000051) : 32641.521379538073 
0074000053 (0023000052) : 32659.23707837498 
0042000054 (0074000053) : 34281.08300362063 
0097000055 (0042000054) : 34656.02362335351 
0038000056 (0097000055) : 34788.1093394849 
0035000057 (0038000056) : 34853.72294144985 
0071000058 (0035000057) : 35066.53706128309 
0068000059 (0071000058) : 35916.768902554606 
0018000060 (0068000059) : 36140.342173441575 
0040000061 (0018000060) : 36401.63255262312 
0075000062 (0040000061) : 38032.497801454025 
0017000063 (0075000062) : 38107.24981070288 
0032000064 (0017000063) : 38167.83179449863 
0080000065 (0032000064) : 39058.81478610161 
0012000066 (0080000065) : 40060.8568058346 
0073000067 (0012000066) : 42129.26880440997 
0058000068 (0073000067) : 42664.557521672185 
0047000069 (0058000068) : 43189.32726107938 
0081000070 (0047000069) : 44595.670662881654 
0011000071 (0081000070) : 45334.777763368744 
0049000072 (0011000071) : 45453.64361514405 
0023000073 (0049000072) : 46755.550056018845 
0049000074 (0023000073) : 47969.48432591075 
0093000075 (0049000074) : 48708.607015540256 
0028000076 (0093000075) : 49126.511766172254 
0023000077 (0028000076) : 49668.27480754806 
0076000078 (0023000077) : 50014.57531227697 
0014000079 (0076000078) : 50020.88801892087 
0060000080 (0014000079) : 50264.07827398165 
0010000081 (0060000080) : 50360.677749497234 
0045000082 (0010000081) : 50501.397880597426 
0055000083 (0045000082) : 53776.31906116931 
0053000084 (0055000083) : 53903.34479536557 
0079000085 (0053000084) : 54035.73781227268 
0023000086 (0079000085) : 54135.14675106188 
0081000087 (0023000086) : 56578.93262762881 
0022000088 (0081000087) : 56763.22552299378 
0030000089 (0022000088) : 57297.98368433064 
0023000090 (0030000089) : 58171.28872184049 
0037000091 (0023000090) : 58181.8624002794 
0039000092 (0037000091) : 58506.61551679589 
0043000093 (0039000092) : 58968.94533108359 
0045000094 (0043000093) : 59060.61831375579 
0089000095 (0045000094) : 59684.87428546424 
0039000096 (0089000095) : 60226.380644290206 
0083000097 (0039000096) : 61737.73242381776 
0093000098 (0083000097) : 62032.151100174255 
0091000099 (0093000098) : 62153.02167883891 
0041000100 (0091000099) : 62375.578826959 
0022000101 (0041000100) : 62387.536255218074 
0035000102 (0022000101) : 62819.970705103726 
0026000103 (0035000102) : 63309.11951350239 
0023000104 (0026000103) : 64190.68491933493 
0085000105 (0023000104) : 64401.023556299915 
0081000106 (0085000105) : 64428.12404815835 
0050000107 (0081000106) : 65228.72572941454 
0037000108 (0050000107) : 65298.9452575859 
0059000109 (0037000108) : 67367.13299861285 
0031000110 (0059000109) : 68927.635791115 
0049000111 (0031000110) : 69454.53533151024 
0045000112 (0049000111) : 69458.38236535984 
0018000113 (0045000112) : 69646.48071381752 
0023000114 (0018000113) : 70277.70983362298 
0096000115 (0023000114) : 70320.20499954533 
0011000116 (0096000115) : 70597.71148860327 
0098000117 (0011000116) : 71496.57587544117 
0077000118 (0098000117) : 72499.03024303842 
0040000119 (0077000118) : 72499.43151192396 
0084000120 (0040000119) : 73616.84008732626 
0090000121 (0084000120) : 73830.61269876885 
0001000122 (0090000121) : 74472.23268457988 
0087000123 (0001000122) : 77280.18660479595 
0006000124 (0087000123) : 77676.20369658445 
0023000125 (0006000124) : 78256.90455745351 
0056000126 (0023000125) : 78493.34106623531 
0038000127 (0056000126) : 79015.798314183 
0070000128 (0038000127) : 79098.24645184446 
0014000129 (0070000128) : 79556.97802764687 
0069000130 (0014000129) : 79939.56732430932 
0088000131 (0069000130) : 80546.00085889152 
0072000132 (0088000131) : 80654.50082699521 
0074000133 (0072000132) : 80803.50611980032 
0024000134 (0074000133) : 81735.83168087743 
0073000135 (0024000134) : 81926.80692455103 
0070000136 (0073000135) : 82676.45866440015 
0098000137 (0070000136) : 82731.96836976214 
0013000138 (0098000137) : 82920.85956009685 
0023000139 (0013000138) : 83323.33957493759 
0096000140 (0023000139) : 83798.72407355047 
0033000141 (0096000140) : 84445.58733326773 
0030000142 (0033000141) : 84864.55625671042 
0009000143 (0030000142) : 85435.76929141524 
0042000144 (0009000143) : 85533.12701683372 
0018000145 (0042000144) : 85910.4038351036 
0063000146 (0018000145) : 86117.87834821963 
0014000147 (0063000146) : 86466.2567187495 
0026000148 (0014000147) : 89028.64375830848 
0002000149 (0026000148) : 89515.39090650326 
0016000150 (0002000149) : 89836.57345884579 
0044000151 (0016000150) : 89868.06457730658 
0099000152 (0044000151) : 90619.81624373388 
0001000153 (0099000152) : 90919.76970526301 
0058000154 (0001000153) : 90983.38507479255 
0096000155 (0058000154) : 91391.27368134547 
0023000156 (0096000155) : 93325.49403305775 
0053000157 (0023000156) : 93431.26201181438 
0085000158 (0053000157) : 93652.05387752506 
0043000159 (0085000158) : 94009.11624434422 
0067000160 (0043000159) : 94220.1901494133 
0085000161 (0067000160) : 95333.3456860578 
0029000162 (0085000161) : 95865.81367595364 
0067000163 (0029000162) : 96849.3601054913 
0032000164 (0067000163) : 97030.31678526277 
0001000165 (0032000164) : 98896.2868194979 
0002000166 (0001000165) : 99636.00735844554 
0023000167 (0002000166) : 99826.35306538362 
