0000000000 (genesis block) : 0 
0023000001 (0000000000) : 382.8141022022739 
0072000002 (0023000001) : 693.0714634291269 
0025000003 (0072000002) : 1164.280171486078 
0076000004 (0025000003) : 1307.0139131191884 
0003000005 (0076000004) : 1808.641046978849 
0035000006 (0003000005) : 2647.55756567223 
0010000007 (0035000006) : 3066.646642775249 
0026000008 (0010000007) : 3081.8137815489017 
0048000009 (0026000008) : 3308.12973119795 
0022000010 (0048000009) : 3549.8741048597267 
0031000011 (0022000010) : 4288.0413874701535 
0045000012 (0031000011) : 5126.986211708839 
0086000013 (0045000012) : 6638.841199811129 
0050000014 (0086000013) : 7431.903275936216 
0078000015 (0050000014) : 7682.284922361754 
0049000016 (0078000015) : 7713.83347227092 
0087000017 (0049000016) : 8129.621528031431 
0000000018 (0087000017) : 8462.203994712092 
0009000019 (0000000018) : 8836.481585440482 
0016000020 (0009000019) : 9080.659994246485 
0063000021 (0016000020) : 10088.664169215532 
0023000022 (0063000021) : 10419.112068730532 
0092000023 (0023000022) : 10470.2575571567 
0061000024 (0092000023) : 10550.690709678129 
0017000025 (0061000024) : 10806.248969001568 
0088000026 (0017000025) : 11452.361623802015 
0023000027 (0088000026) : 11960.09723309478 
0001000028 (0023000027) : 12269.356042500083 
0030000029 (0001000028) : 14501.04627043996 
0040000030 (0030000029) : 15673.348874818259 
0071000031 (0040000030) : 16869.44141423533 
0023000032 (0071000031) : 17121.674110583153 
0024000033 (0023000032) : 17595.968061331398 
0095000034 (0024000033) : 18244.522400582326 
0088000035 (0095000034) : 19221.60080590562 
0018000036 (0088000035) : 20303.993641194218 
0038000037 (0018000036) : 20351.433740969755 
0080000038 (0038000037) : 20752.99705236497 
0074000039 (0080000038) : 21055.84456554148 
0090000040 (0074000039) : 21209.84435323014 
0080000041 (0090000040) : 22284.457160683523 
0099000042 (0080000041) : 22644.73910699136 
0060000043 (0099000042) : 26117.795484220696 
0012000044 (0060000043) : 26871.729550285054 
0023000045 (0012000044) : 27436.961636459975 
0089000046 (0023000045) : 27597.840525150154 
0004000047 (0089000046) : 28641.4565672257 
0093000048 (0004000047) : 29339.930939896436 
0023000049 (0093000048) : 29729.805125436247 
0076000050 (0023000049) : 30331.490772032466 
0032000051 (0076000050) : 31104.326445278963 
0023000052 (0032000051) : 32641.376922434993 
0074000053 (0023000052) : 32659.27331744807 
0042000054 (0074000053) : 34281.034130629996 
0097000055 (0042000054) : 34655.97244108925 
0038000056 (0097000055) : 34787.966960257436 
0035000057 (0038000056) : 34853.7594172791 
0071000058 (0035000057) : 35066.68070057964 
0068000059 (0071000058) : 35916.621394532405 
0018000060 (0068000059) : 36140.27137878768 
0040000061 (0018000060) : 36401.51526318446 
0075000062 (0040000061) : 38032.52879107797 
0017000063 (0075000062) : 38107.28727127346 
0032000064 (0017000063) : 38167.821751438525 
0080000065 (0032000064) : 39058.668091126645 
0012000066 (0080000065) : 40060.85031394739 
0073000067 (0012000066) : 42129.304157482715 
0058000068 (0073000067) : 42664.411111548536 
0047000069 (0058000068) : 43189.39491715378 
0081000070 (0047000069) : 44595.6708764838 
0011000071 (0081000070) : 45334.80702508872 
0049000072 (0011000071) : 45453.5366511542 
0023000073 (0049000072) : 46755.40568088937 
0049000074 (0023000073) : 47969.37816279086 
0093000075 (0049000074) : 48708.48891222993 
0028000076 (0093000075) : 49126.39366407862 
0023000077 (0028000076) : 49668.130976622764 
0076000078 (0023000077) : 50014.459100708045 
0014000079 (0076000078) : 50021.033220843194 
0060000080 (0014000079) : 50264.10911876454 
0010000081 (0060000080) : 50360.643712001314 
0045000082 (0010000081) : 50501.435795884536 
0055000083 (0045000082) : 53776.46343880321 
0053000084 (0055000083) : 53903.38321476686 
0079000085 (0053000084) : 54035.692734914046 
0023000086 (0079000085) : 54135.00274137966 
0081000087 (0023000086) : 56578.9321331294 
0022000088 (0081000087) : 56763.2151445332 
0030000089 (0022000088) : 57297.94744632183 
0023000090 (0030000089) : 58171.14333806788 
0037000091 (0023000090) : 58181.73874479631 
0039000092 (0037000091) : 58506.47096264233 
0043000093 (0039000092) : 58968.801987518935 
0045000094 (0043000093) : 59060.65435893148 
0089000095 (0045000094) : 59684.772518455866 
0039000096 (0089000095) : 60226.23683337405 
0083000097 (0039000096) : 61737.58837390601 
0093000098 (0083000097) : 62032.03431934681 
0091000099 (0093000098) : 62153.16555291139 
0041000100 (0091000099) : 62375.503770170115 
0022000101 (0041000100) : 62387.52799532002 
0035000102 (0022000101) : 62820.00893824018 
0026000103 (0035000102) : 63309.00334685987 
0023000104 (0026000103) : 64190.539006189436 
0085000105 (0023000104) : 64400.87694286369 
0081000106 (0085000105) : 64428.126788645015 
0050000107 (0081000106) : 65228.68010479109 
0037000108 (0050000107) : 65298.823213911346 
0059000109 (0037000108) : 67367.17096795766 
0031000110 (0059000109) : 68927.67207884004 
0049000111 (0031000110) : 69454.43194929634 
0045000112 (0049000111) : 69458.41810491068 
0018000113 (0045000112) : 69646.41763166054 
0023000114 (0018000113) : 70277.56664051837 
0096000115 (0023000114) : 70320.34879318035 
0011000116 (0096000115) : 70597.74828404975 
0098000117 (0011000116) : 71496.61629587914 
0077000118 (0098000117) : 72499.07076418475 
0040000119 (0077000118) : 72499.31546207122 
0084000120 (0040000119) : 73616.70453167742 
0090000121 (0084000120) : 73830.58962329304 
0001000122 (0090000121) : 74472.08906828173 
0087000123 (0001000122) : 77280.23540536583 
0006000124 (0087000123) : 77676.05770837663 
0023000125 (0006000124) : 78256.75926502596 
0056000126 (0023000125) : 78493.1942938044 
0038000127 (0056000126) : 79015.65569000469 
0070000128 (0038000127) : 79098.1288032046 
0014000129 (0070000128) : 79557.12239181843 
0069000130 (0014000129) : 79939.42338077055 
0088000131 (0069000130) : 80546.1009524027 
0072000132 (0088000131) : 80654.35501228416 
0074000133 (0072000132) : 80803.54255726638 
0024000134 (0074000133) : 81735.80730891449 
0073000135 (0024000134) : 81926.84489194232 
0070000136 (0073000135) : 82676.34162968482 
0098000137 (0070000136) : 82732.00443189082 
0013000138 (0098000137) : 82920.9131606156 
0023000139 (0013000138) : 83323.1968022988 
0096000140 (0023000139) : 83798.87241733159 
0033000141 (0096000140) : 84445.64389351005 
0030000142 (0033000141) : 84864.51848400483 
0009000143 (0030000142) : 85435.91341369266 
0042000144 (0009000143) : 85533.08004333425 
0018000145 (0042000144) : 85910.33838476568 
0063000146 (0018000145) : 86117.77288425363 
0014000147 (0063000146) : 86466.40319859888 
0026000148 (0014000147) : 89028.52683791808 
0002000149 (0026000148) : 89515.38096935638 
0016000150 (0002000149) : 89836.61226475061 
0044000151 (0016000150) : 89868.0535138967 
0099000152 (0044000151) : 90619.81081906181 
0001000153 (0099000152) : 90919.62390226917 
0058000154 (0001000153) : 90983.24201998967 
0096000155 (0058000154) : 91391.41818147544 
0023000156 (0096000155) : 93325.3496054142 
0053000157 (0023000156) : 93431.30158720483 
0085000158 (0053000157) : 93651.91062842672 
0043000159 (0085000158) : 94008.97073243403 
0067000160 (0043000159) : 94220.23424015433 
0085000161 (0067000160) : 95333.1987350858 
0029000162 (0085000161) : 95865.94706928942 
0067000163 (0029000162) : 96849.39739498093 
0032000164 (0067000163) : 97030.30851512453 
0001000165 (0032000164) : 98896.14054206673 
0002000166 (0001000165) : 99635.99696263656 
0023000167 (0002000166) : 99826.2073805281 
