0000000000 (genesis block) : 0 
0023000001 (0000000000) : 383.2091623613505 
0072000002 (0023000001) : 693.4012685834446 
0025000003 (0072000002) : 1164.3367285428312 
0076000004 (0025000003) : 1307.1410893897505 
0003000005 (0076000004) : 1808.2149716292404 
0035000006 (0003000005) : 2647.614985207712 
0010000007 (0035000006) : 3066.4664458408115 
0026000008 (0010000007) : 3082.050904278167 
0048000009 (0026000008) : 3307.9987075909416 
0022000010 (0048000009) : 3550.11347776228 
0031000011 (0022000010) : 4288.098308202297 
0045000012 (0031000011) : 5127.044782234204 
0086000013 (0045000012) : 6638.896472580634 
0050000014 (0086000013) : 7432.0474623542805 
0078000015 (0050000014) : 7682.497323790392 
0049000016 (0078000015) : 7713.588257874426 
0087000017 (0049000016) : 8129.677373021939 
0000000018 (0087000017) : 8462.442213764492 
0009000019 (0000000018) : 8836.738839868107 
0016000020 (0009000019) : 9080.553693306043 
0063000021 (0016000020) : 10088.656951702074 
0023000022 (0063000021) : 10419.506932333052 
0092000023 (0023000022) : 10470.350360197604 
0061000024 (0092000023) : 10550.551486460432 
0017000025 (0061000024) : 10806.308791513688 
0088000026 (0017000025) : 11452.35273756145 
0023000027 (0088000026) : 11960.492184864619 
0001000028 (0023000027) : 12269.697388118526 
0030000029 (0001000028) : 14501.17477999879 
0040000030 (0030000029) : 15673.785178565915 
0071000031 (0040000030) : 16869.49250804721 
0023000032 (0071000031) : 17122.071749614413 
0024000033 (0023000032) : 17595.70218389919 
0095000034 (0024000033) : 18244.290554569106 
0088000035 (0095000034) : 19221.59229115969 
0018000036 (0088000035) : 20304.179145873582 
0038000037 (0018000036) : 20351.53683713696 
0080000038 (0038000037) : 20753.264677552874 
0074000039 (0080000038) : 21055.897634357993 
0090000040 (0074000039) : 21209.924383853817 
0080000041 (0090000040) : 22284.72672781049 
0099000042 (0080000041) : 22644.83845481058 
0060000043 (0099000042) : 26117.360130326786 
0012000044 (0060000043) : 26871.81869264503 
0023000045 (0012000044) : 27437.356625929096 
0089000046 (0023000045) : 27597.826911187152 
0004000047 (0089000046) : 28641.60291907845 
0093000048 (0004000047) : 29340.189121222742 
0023000049 (0093000048) : 29730.200087649395 
0076000050 (0023000049) : 30331.618345710474 
0032000051 (0076000050) : 31104.42085732395 
0023000052 (0032000051) : 32641.770826713473 
0074000053 (0023000052) : 32659.331075767455 
0042000054 (0074000053) : 34280.961678870284 
0097000055 (0042000054) : 34655.621370099434 
0038000056 (0097000055) : 34788.07163967982 
0035000057 (0038000056) : 34853.81741033044 
0071000058 (0035000057) : 35066.73223072489 
0068000059 (0071000058) : 35916.98827051904 
0018000060 (0068000059) : 36140.468202682525 
0040000061 (0018000060) : 36401.9536974804 
0075000062 (0040000061) : 38032.307008316384 
0017000063 (0075000062) : 38107.34514379116 
0032000064 (0017000063) : 38167.91766414352 
0080000065 (0032000064) : 39058.94070138478 
0012000066 (0080000065) : 40060.94601150116 
0073000067 (0012000066) : 42129.3632667682 
0058000068 (0073000067) : 42664.29813935465 
0047000069 (0058000068) : 43189.45310755102 
0081000070 (0047000069) : 44595.765925878244 
0011000071 (0081000070) : 45334.8666061797 
0049000072 (0011000071) : 45453.29566219467 
0023000073 (0049000072) : 46755.79768403331 
0049000074 (0023000073) : 47969.13734915567 
0093000075 (0049000074) : 48708.75452316929 
0028000076 (0093000075) : 49126.63932604863 
0023000077 (0028000076) : 49668.52395275628 
0076000078 (0023000077) : 50014.58225494547 
0014000079 (0076000078) : 50021.03639812919 
0060000080 (0014000079) : 50263.672844635 
0010000081 (0060000080) : 50360.46469673088 
0045000082 (0010000081) : 50501.49330133688 
0055000083 (0045000082) : 53776.68525394991 
0053000084 (0055000083) : 53903.443277468745 
0079000085 (0053000084) : 54035.58061822831 
0023000086 (0079000085) : 54135.39551538826 
0081000087 (0023000086) : 56579.027203460326 
0022000088 (0081000087) : 56763.456505910865 
0030000089 (0022000088) : 57298.08079715357 
0023000090 (0030000089) : 58171.5388737007 
0037000091 (0023000090) : 58181.8091984198 
0039000092 (0037000091) : 58506.795970677165 
0043000093 (0039000092) : 58969.13899800485 
0045000094 (0043000093) : 59060.71156510436 
0089000095 (0045000094) : 59684.75679750023 
0039000096 (0089000095) : 60226.569999235304 
0083000097 (0039000096) : 61737.69404509025 
0093000098 (0083000097) : 62032.30080509213 
0091000099 (0093000098) : 62153.42421820077 
0041000100 (0091000099) : 62375.455316255175 
0022000101 (0041000100) : 62387.767795130574 
0035000102 (0022000101) : 62820.065764140185 
0026000103 (0035000102) : 63309.245457832636 
0023000104 (0026000103) : 64190.93256538829 
0085000105 (0023000104) : 64400.95699351336 
0081000106 (0085000105) : 64428.219301818215 
0050000107 (0081000106) : 65228.820959292745 
0037000108 (0050000107) : 65298.89505916061 
0059000109 (0037000108) : 67367.03781475867 
0031000110 (0059000109) : 68927.7302293431 
0049000111 (0031000110) : 69454.19230602827 
0045000112 (0049000111) : 69458.47726224881 
0018000113 (0045000112) : 69646.6028534477 
0023000114 (0018000113) : 70277.96164052974 
0096000115 (0023000114) : 70320.00728940348 
0011000116 (0096000115) : 70597.80624890474 
0098000117 (0011000116) : 71496.6704579882 
0077000118 (0098000117) : 72498.94842960146 
0040000119 (0077000118) : 72499.7523173023 
0084000120 (0040000119) : 73616.438030768 
0090000121 (0084000120) : 73830.66816130474 
0001000122 (0090000121) : 74472.42779347858 
0087000123 (0001000122) : 77280.29318357194 
0006000124 (0087000123) : 77676.16473292201 
0023000125 (0006000124) : 78257.15010728134 
0056000126 (0023000125) : 78493.27777784453 
0038000127 (0056000126) : 79015.7622207771 
0070000128 (0038000127) : 79098.20701416365 
0014000129 (0070000128) : 79557.12180845454 
0069000130 (0014000129) : 79939.76419590873 
0088000131 (0069000130) : 80546.09891111977 
0072000132 (0088000131) : 80654.68952755014 
0074000133 (0072000132) : 80803.60176203333 
0024000134 (0074000133) : 81735.54109276859 
0073000135 (0024000134) : 81926.90225857856 
0070000136 (0073000135) : 82676.41362542666 
0098000137 (0070000136) : 82732.06245636004 
0013000138 (0098000137) : 82921.26237405911 
0023000139 (0013000138) : 83323.59267592434 
0096000140 (0023000139) : 83798.51700130664 
0033000141 (0096000140) : 84445.50789395031 
0030000142 (0033000141) : 84864.65132535227 
0009000143 (0030000142) : 85436.17112394546 
0042000144 (0009000143) : 85533.00769995613 
0018000145 (0042000144) : 85910.52862664813 
0063000146 (0018000145) : 86117.76253561921 
0014000147 (0063000146) : 86466.40787840809 
0026000148 (0014000147) : 89028.76850338235 
0002000149 (0026000148) : 89515.47578369195 
0016000150 (0002000149) : 89836.50666883726 
0044000151 (0016000150) : 89868.15157827878 
0099000152 (0044000151) : 90619.90504883371 
0001000153 (0099000152) : 90919.95899182397 
0058000154 (0001000153) : 90983.12498624684 
0096000155 (0058000154) : 91391.06548390478 
0023000156 (0096000155) : 93325.74471048819 
0053000157 (0023000156) : 93431.35843420032 
0085000158 (0053000157) : 93651.9894686344 
0043000159 (0085000158) : 94009.30761544779 
0067000160 (0043000159) : 94220.28614379716 
0085000161 (0067000160) : 95333.27771851521 
0029000162 (0085000161) : 95865.9975543815 
0067000163 (0029000162) : 96849.45500807826 
0032000164 (0067000163) : 97030.40496507175 
0001000165 (0032000164) : 98896.47931599154 
0002000166 (0001000165) : 99636.09640401351 
0023000167 (0002000166) : 99826.60077305514 
