0000000000 (genesis block) : 0 
0023000001 (0000000000) : 383.11843477569437 
0072000002 (0023000001) : 693.0236832627647 
0025000003 (0072000002) : 1164.1626088968248 
0076000004 (0025000003) : 1307.1793878233836 
0003000005 (0076000004) : 1808.4127342386985 
0035000006 (0003000005) : 2647.20812076008 
0010000007 (0035000006) : 3066.5974495437845 
0026000008 (0010000007) : 3082.087777348531 
0048000009 (0026000008) : 3308.0915675377946 
0022000010 (0048000009) : 3550.0292998170185 
0031000011 (0022000010) : 4287.901792603461 
0045000012 (0031000011) : 5126.871252461637 
0086000013 (0045000012) : 6639.077577050011 
0050000014 (0086000013) : 7431.962947105657 
0078000015 (0050000014) : 7682.630660857464 
0049000016 (0078000015) : 7713.857390444492 
0087000017 (0049000016) : 8129.508382934569 
0000000018 (0087000017) : 8462.433795071604 
0009000019 (0000000018) : 8836.647063379049 
0016000020 (0009000019) : 9080.311250782674 
0063000021 (0016000020) : 10088.625201977531 
0023000022 (0063000021) : 10419.41616587412 
0092000023 (0023000022) : 10470.599998400412 
0061000024 (0092000023) : 10550.656897493016 
0017000025 (0061000024) : 10805.899390416433 
0088000026 (0017000025) : 11452.247102060188 
0023000027 (0088000026) : 11960.401707882302 
0001000028 (0023000027) : 12269.59495250514 
0030000029 (0001000028) : 14500.768218711306 
0040000030 (0030000029) : 15673.696801314964 
0071000031 (0040000030) : 16869.24940244861 
0023000032 (0071000031) : 17121.98047681393 
0024000033 (0023000032) : 17595.994638056036 
0095000034 (0024000033) : 18244.555996352912 
0088000035 (0095000034) : 19221.484830243815 
0018000036 (0088000035) : 20304.07118814207 
0038000037 (0018000036) : 20351.781228213462 
0080000038 (0038000037) : 20753.26663334364 
0074000039 (0080000038) : 21055.808137648448 
0090000040 (0074000039) : 21209.710388867723 
0080000041 (0090000040) : 22284.731118686144 
0099000042 (0080000041) : 22644.701326027138 
0060000043 (0099000042) : 26117.765696322513 
0012000044 (0060000043) : 26871.680306975195 
0023000045 (0012000044) : 27437.264461833383 
0089000046 (0023000045) : 27597.863804125733 
0004000047 (0089000046) : 28641.513216411007 
0093000048 (0004000047) : 29340.228750050934 
0023000049 (0093000048) : 29730.10778487012 
0076000050 (0023000049) : 30331.65533358277 
0032000051 (0076000050) : 31104.28526983825 
0023000052 (0032000051) : 32641.679356316858 
0074000053 (0023000052) : 32659.24047160438 
0042000054 (0074000053) : 34281.086693362486 
0097000055 (0042000054) : 34656.029419456325 
0038000056 (0097000055) : 34788.31601339552 
0035000057 (0038000056) : 34853.41279284014 
0071000058 (0035000057) : 35066.48784999613 
0068000059 (0071000058) : 35916.898299979286 
0018000060 (0068000059) : 36140.3550673942 
0040000061 (0018000060) : 36401.86553564625 
0075000062 (0040000061) : 38032.58122951019 
0017000063 (0075000062) : 38106.93975416901 
0032000064 (0017000063) : 38167.780888432455 
0080000065 (0032000064) : 39058.94292864469 
0012000066 (0080000065) : 40060.80883354761 
0073000067 (0012000066) : 42129.27433509126 
0058000068 (0073000067) : 42664.438368645875 
0047000069 (0058000068) : 43189.345503948236 
0081000070 (0047000069) : 44595.674843063825 
0011000071 (0081000070) : 45334.687489070195 
0049000072 (0011000071) : 45453.566326009575 
0023000073 (0049000072) : 46755.712088249726 
0049000074 (0023000073) : 47969.405968368505 
0093000075 (0049000074) : 48708.79125902845 
0028000076 (0093000075) : 49126.54698907554 
0023000077 (0028000076) : 49668.436731012756 
0076000078 (0023000077) : 50014.62259003415 
0014000079 (0076000078) : 50020.925046956785 
0060000080 (0014000079) : 50264.07963346874 
0010000081 (0060000080) : 50360.59658478437 
0045000082 (0010000081) : 50501.32001301355 
0055000083 (0045000082) : 53776.58431330762 
0053000084 (0055000083) : 53903.35363132416 
0079000085 (0053000084) : 54035.74000500629 
0023000086 (0079000085) : 54135.30364912199 
0081000087 (0023000086) : 56578.93633699292 
0022000088 (0081000087) : 56763.37382303907 
0030000089 (0022000088) : 57297.670634729344 
0023000090 (0030000089) : 58171.4481059652 
0037000091 (0023000090) : 58181.912460593645 
0039000092 (0037000091) : 58506.81222996318 
0043000093 (0039000092) : 58969.049867792026 
0045000094 (0043000093) : 59060.5382305024 
0089000095 (0045000094) : 59684.79338827149 
0039000096 (0089000095) : 60226.5799503282 
0083000097 (0039000096) : 61737.941035765354 
0093000098 (0083000097) : 62032.339632930714 
0091000099 (0093000098) : 62153.33225860918 
0041000100 (0091000099) : 62375.56408453468 
0022000101 (0041000100) : 62387.68539686975 
0035000102 (0022000101) : 62819.6587907699 
0026000103 (0035000102) : 63309.283735220975 
0023000104 (0026000103) : 64190.841266402014 
0085000105 (0023000104) : 64401.22131304095 
0081000106 (0085000105) : 64428.13017711715 
0050000107 (0081000106) : 65228.73209734603 
0037000108 (0050000107) : 65298.99783097839 
0059000109 (0037000108) : 67367.13938285477 
0031000110 (0059000109) : 68927.535859261 
0049000111 (0031000110) : 69454.45779017227 
0045000112 (0049000111) : 69458.30424545806 
0018000113 (0045000112) : 69646.49569227413 
0023000114 (0018000113) : 70277.86989766946 
0096000115 (0023000114) : 70320.29977872808 
0011000116 (0096000115) : 70597.6327160753 
0098000117 (0011000116) : 71496.4974546049 
0077000118 (0098000117) : 72499.0362791958 
0040000119 (0077000118) : 72499.66746317419 
0084000120 (0040000119) : 73616.84536536351 
0090000121 (0084000120) : 73830.45661975154 
0001000122 (0090000121) : 74472.32484874366 
0087000123 (0001000122) : 77280.12020682011 
0006000124 (0087000123) : 77676.32678098626 
0023000125 (0006000124) : 78257.06041183216 
0056000126 (0023000125) : 78493.40382000494 
0038000127 (0056000126) : 79016.00735049845 
0070000128 (0038000127) : 79098.3039396176 
0014000129 (0070000128) : 79557.01456321581 
0069000130 (0014000129) : 79939.77287438398 
0088000131 (0069000130) : 80545.98517786083 
0072000132 (0088000131) : 80654.30933379306 
0074000133 (0072000132) : 80803.51034644799 
0024000134 (0074000133) : 81735.83666098365 
0073000135 (0024000134) : 81926.8142741595 
0070000136 (0073000135) : 82676.51723107259 
0098000137 (0070000136) : 82731.88848780504 
0013000138 (0098000137) : 82921.17128004032 
0023000139 (0013000138) : 83323.50116245783 
0096000140 (0023000139) : 83798.8146814011 
0033000141 (0096000140) : 84445.61409008884 
0030000142 (0033000141) : 84864.23754984736 
0009000143 (0030000142) : 85436.08230183226 
0042000144 (0009000143) : 85533.13242912502 
0018000145 (0042000144) : 85910.421482412 
0063000146 (0018000145) : 86117.73934980937 
0014000147 (0063000146) : 86466.2981165402 
0026000148 (0014000147) : 89028.80475452777 
0002000149 (0026000148) : 89515.31160661852 
0016000150 (0002000149) : 89836.26328654545 
0044000151 (0016000150) : 89867.85678661687 
0099000152 (0044000151) : 90619.77190216289 
0001000153 (0099000152) : 90919.86069583269 
0058000154 (0001000153) : 90983.26510390764 
0096000155 (0058000154) : 91391.36366812704 
0023000156 (0096000155) : 93325.65974134102 
0053000157 (0023000156) : 93431.27161652813 
0085000158 (0053000157) : 93652.25202324677 
0043000159 (0085000158) : 94009.21781737155 
0067000160 (0043000159) : 94220.1968053995 
0085000161 (0067000160) : 95333.54082542215 
0029000162 (0085000161) : 95865.89811525277 
0067000163 (0029000162) : 96849.36445197646 
0032000164 (0067000163) : 97030.26539923996 
0001000165 (0032000164) : 98896.37796124784 
0002000166 (0001000165) : 99635.93378922269 
0023000167 (0002000166) : 99826.51069056794 
