0000000000 (genesis block) : 0 
0023000001 (0000000000) : 383.07306905302863 
0072000002 (0023000001) : 693.2426943652331 
0025000003 (0072000002) : 1164.1046082296325 
0076000004 (0025000003) : 1307.2169975090005 
0003000005 (0076000004) : 1808.574032463735 
0035000006 (0003000005) : 2647.479558650712 
0010000007 (0035000006) : 3066.6541725464203 
0026000008 (0010000007) : 3082.0810913481987 
0048000009 (0026000008) : 3308.127672500425 
0022000010 (0048000009) : 3550.045137381634 
0031000011 (0022000010) : 4287.866599413711 
0045000012 (0031000011) : 5126.90918340223 
0086000013 (0045000012) : 6638.9763642664475 
0050000014 (0086000013) : 7431.91190051519 
0078000015 (0050000014) : 7682.456798634955 
0049000016 (0078000015) : 7713.895002266767 
0087000017 (0049000016) : 8129.543387793222 
0000000018 (0087000017) : 8462.475768023845 
0009000019 (0000000018) : 8836.6025067133 
0016000020 (0009000019) : 9080.581397653565 
0063000021 (0016000020) : 10088.728370698453 
0023000022 (0063000021) : 10419.370404820977 
0092000023 (0023000022) : 10470.429274449314 
0061000024 (0092000023) : 10550.55630614651 
0017000025 (0061000024) : 10806.17018030357 
0088000026 (0017000025) : 11452.282456621364 
0023000027 (0088000026) : 11960.355615794982 
0001000028 (0023000027) : 12269.585353176833 
0030000029 (0001000028) : 14501.039656012139 
0040000030 (0030000029) : 15673.615374548564 
0071000031 (0040000030) : 16869.517813725273 
0023000032 (0071000031) : 17121.938254125344 
0024000033 (0023000032) : 17595.948692745867 
0095000034 (0024000033) : 18244.51218263863 
0088000035 (0095000034) : 19221.523097038516 
0018000036 (0088000035) : 20304.109728592804 
0038000037 (0018000036) : 20351.605492336785 
0080000038 (0038000037) : 20753.21984271429 
0074000039 (0080000038) : 21055.762476327604 
0090000040 (0074000039) : 21209.732261232813 
0080000041 (0090000040) : 22284.684043664547 
0099000042 (0080000041) : 22644.91056413485 
0060000043 (0099000042) : 26117.719872556252 
0012000044 (0060000043) : 26871.89899238581 
0023000045 (0012000044) : 27437.22002340213 
0089000046 (0023000045) : 27597.903115685996 
0004000047 (0089000046) : 28641.4681921922 
0093000048 (0004000047) : 29340.196996031875 
0023000049 (0093000048) : 29730.06124805498 
0076000050 (0023000049) : 30331.695386962725 
0032000051 (0076000050) : 31104.392066489512 
0023000052 (0032000051) : 32641.63424241875 
0074000053 (0023000052) : 32659.194904720953 
0042000054 (0074000053) : 34281.043352037465 
0097000055 (0042000054) : 34655.981463622105 
0038000056 (0097000055) : 34788.13766764149 
0035000057 (0038000056) : 34853.6809255472 
0071000058 (0035000057) : 35066.75748632663 
0068000059 (0071000058) : 35916.85081657151 
0018000060 (0068000059) : 36140.394297695784 
0040000061 (0018000060) : 36401.78359795511 
0075000062 (0040000061) : 38032.53403277495 
0017000063 (0075000062) : 38107.21071903935 
0032000064 (0017000063) : 38167.89143353557 
0080000065 (0032000064) : 39058.89549296544 
0012000066 (0080000065) : 40061.023568306235 
0073000067 (0012000066) : 42129.226863567346 
0058000068 (0073000067) : 42664.6084146011 
0047000069 (0058000068) : 43189.38263137021 
0081000070 (0047000069) : 44595.40429825789 
0011000071 (0081000070) : 45334.63268385841 
0049000072 (0011000071) : 45453.602359254495 
0023000073 (0049000072) : 46755.66129064013 
0049000074 (0023000073) : 47969.442926847194 
0093000075 (0049000074) : 48708.75837109019 
0028000076 (0093000075) : 49126.66076275505 
0023000077 (0028000076) : 49668.386979477866 
0076000078 (0023000077) : 50014.659127664585 
0014000079 (0076000078) : 50020.96255918703 
0060000080 (0014000079) : 50264.03557890841 
0010000081 (0060000080) : 50360.653603749764 
0045000082 (0010000081) : 50501.35760519804 
0055000083 (0045000082) : 53776.587147101134 
0053000084 (0055000083) : 53903.30275950522 
0079000085 (0053000084) : 54035.695095377436 
0023000086 (0079000085) : 54135.260015095824 
0081000087 (0023000086) : 56578.66421663001 
0022000088 (0081000087) : 56763.38751184337 
0030000089 (0022000088) : 57297.94562810404 
0023000090 (0030000089) : 58171.400182200625 
0037000091 (0023000090) : 58181.81258876051 
0039000092 (0037000091) : 58506.64236097583 
0043000093 (0039000092) : 58969.00219534311 
0045000094 (0043000093) : 59060.57911858342 
0089000095 (0045000094) : 59684.83241579039 
0039000096 (0089000095) : 60226.409955006464 
0083000097 (0039000096) : 61737.76104470322 
0093000098 (0083000097) : 62032.30119742909 
0091000099 (0093000098) : 62153.28655590468 
0041000100 (0091000099) : 62375.60237833828 
0022000101 (0041000100) : 62387.69990506814 
0035000102 (0022000101) : 62819.92777683382 
0026000103 (0035000102) : 63309.27085518024 
0023000104 (0026000103) : 64190.797367965155 
0085000105 (0023000104) : 64401.04734464869 
0081000106 (0085000105) : 64427.86000956274 
0050000107 (0081000106) : 65228.68497364601 
0037000108 (0050000107) : 65298.89911091944 
0059000109 (0037000108) : 67367.03996476738 
0031000110 (0059000109) : 68927.49993740927 
0049000111 (0031000110) : 69454.495258739 
0045000112 (0049000111) : 69458.34340068755 
0018000113 (0045000112) : 69646.53102975563 
0023000114 (0018000113) : 70277.82597941242 
0096000115 (0023000114) : 70320.36937613029 
0011000116 (0096000115) : 70597.57611510094 
0098000117 (0011000116) : 71496.43970966717 
0077000118 (0098000117) : 72498.98945118299 
0040000119 (0077000118) : 72499.58316482752 
0084000120 (0040000119) : 73616.79953531193 
0090000121 (0084000120) : 73830.47764253733 
0001000122 (0090000121) : 74472.31486752232 
0087000123 (0001000122) : 77280.15629562324 
0006000124 (0087000123) : 77676.22949815399 
0023000125 (0006000124) : 78257.01543453404 
0056000126 (0023000125) : 78493.41509476607 
0038000127 (0056000126) : 79015.82788134346 
0070000128 (0038000127) : 79098.20544099694 
0014000129 (0070000128) : 79557.05246034962 
0069000130 (0014000129) : 79939.59337999561 
0088000131 (0069000130) : 80546.02205829349 
0072000132 (0088000131) : 80654.5283432827 
0074000133 (0072000132) : 80803.4644867744 
0024000134 (0074000133) : 81735.79082669693 
0073000135 (0024000134) : 81926.76678720512 
0070000136 (0073000135) : 82676.41715651174 
0098000137 (0070000136) : 82731.83152232734 
0013000138 (0098000137) : 82921.12769083903 
0023000139 (0013000138) : 83323.45945197504 
0096000140 (0023000139) : 83798.88008418684 
0033000141 (0096000140) : 84445.51298009805 
0030000142 (0033000141) : 84864.51436599069 
0009000143 (0030000142) : 85436.03388285801 
0042000144 (0009000143) : 85533.08589837438 
0018000145 (0042000144) : 85910.45980197073 
0063000146 (0018000145) : 86117.83620218112 
0014000147 (0063000146) : 86466.335539195 
0026000148 (0014000147) : 89028.79354034527 
0002000149 (0026000148) : 89515.55319682158 
0016000150 (0002000149) : 89836.53209668284 
0044000151 (0016000150) : 89868.12522847818 
0099000152 (0044000151) : 90619.98221612425 
0001000153 (0099000152) : 90919.85088534359 
0058000154 (0001000153) : 90983.43577258797 
0096000155 (0058000154) : 91391.42645261672 
0023000156 (0096000155) : 93325.60900480067 
0053000157 (0023000156) : 93431.22128106136 
0085000158 (0053000157) : 93652.08053033934 
0043000159 (0085000158) : 94009.17083594018 
0067000160 (0043000159) : 94220.14996137499 
0085000161 (0067000160) : 95333.36995193988 
0029000162 (0085000161) : 95866.0001378211 
0067000163 (0029000162) : 96849.31935665541 
0032000164 (0067000163) : 97030.37473471822 
0001000165 (0032000164) : 98896.3691014521 
0002000166 (0001000165) : 99636.16810054079 
0023000167 (0002000166) : 99826.4636397537 
