0000000000 (genesis block) : 0 
0023000001 (0000000000) : 383.39086898653767 
0072000002 (0023000001) : 693.4255692734383 
0025000003 (0072000002) : 1164.2524828683452 
0076000004 (0025000003) : 1307.4720934094541 
0003000005 (0076000004) : 1808.550414622978 
0035000006 (0003000005) : 2647.652339711755 
0010000007 (0035000006) : 3066.6835215841948 
0026000008 (0010000007) : 3082.3366960806725 
0048000009 (0026000008) : 3307.7211517444716 
0022000010 (0048000009) : 3550.223796447916 
0031000011 (0022000010) : 4288.015597881658 
0045000012 (0031000011) : 5127.161878406417 
0086000013 (0045000012) : 6638.889125603664 
0050000014 (0086000013) : 7432.255906261556 
0078000015 (0050000014) : 7682.521968174934 
0049000016 (0078000015) : 7714.027610214211 
0087000017 (0049000016) : 8129.726458869889 
0000000018 (0087000017) : 8462.508204944004 
0009000019 (0000000018) : 8836.93883434875 
0016000020 (0009000019) : 9080.448905749607 
0063000021 (0016000020) : 10088.882529180157 
0023000022 (0063000021) : 10419.686948135119 
0092000023 (0023000022) : 10470.494380049218 
0061000024 (0092000023) : 10550.947343664717 
0017000025 (0061000024) : 10806.343818928 
0088000026 (0017000025) : 11452.539788909 
0023000027 (0088000026) : 11960.675351800366 
0001000028 (0023000027) : 12269.921114024166 
0030000029 (0001000028) : 14501.21251217192 
0040000030 (0030000029) : 15673.924306919707 
0071000031 (0040000030) : 16869.387338502005 
0023000032 (0071000031) : 17122.25266475251 
0024000033 (0023000032) : 17596.152652523877 
0095000034 (0024000033) : 18244.743926237068 
0088000035 (0095000034) : 19221.775469621756 
0018000036 (0088000035) : 20304.359479218438 
0038000037 (0018000036) : 20351.91859624846 
0080000038 (0038000037) : 20753.2212357541 
0074000039 (0080000038) : 21056.098146071115 
0090000040 (0074000039) : 21209.26553978453 
0080000041 (0090000040) : 22284.682902116692 
0099000042 (0080000041) : 22645.001761368738 
0060000043 (0099000042) : 26117.958670402488 
0012000044 (0060000043) : 26871.9811005316 
0023000045 (0012000044) : 27437.54409097448 
0089000046 (0023000045) : 27598.154799643813 
0004000047 (0089000046) : 28641.806544096726 
0093000048 (0004000047) : 29340.473179352088 
0023000049 (0093000048) : 29730.38028399394 
0076000050 (0023000049) : 30331.945205545428 
0032000051 (0076000050) : 31104.325909570267 
0023000052 (0032000051) : 32641.957557559745 
0074000053 (0023000052) : 32659.53120399372 
0042000054 (0074000053) : 34281.17646881948 
0097000055 (0042000054) : 34656.0800522689 
0038000056 (0097000055) : 34788.44541894959 
0035000057 (0038000056) : 34853.855877517795 
0071000058 (0035000057) : 35066.6303751192 
0068000059 (0071000058) : 35917.188495457114 
0018000060 (0068000059) : 36140.64646356822 
0040000061 (0018000060) : 36402.089100397934 
0075000062 (0040000061) : 38032.62023142877 
0017000063 (0075000062) : 38107.38251558854 
0032000064 (0017000063) : 38167.82139231586 
0080000065 (0032000064) : 39058.89522087446 
0012000066 (0080000065) : 40061.11122244907 
0073000067 (0012000066) : 42129.48099043852 
0058000068 (0073000067) : 42664.63394705523 
0047000069 (0058000068) : 43189.63932709982 
0081000070 (0047000069) : 44595.869971134234 
0011000071 (0081000070) : 45334.779000323426 
0049000072 (0011000071) : 45453.73212421502 
0023000073 (0049000072) : 46755.979946002604 
0049000074 (0023000073) : 47969.574784282886 
0093000075 (0049000074) : 48709.04322307225 
0028000076 (0093000075) : 49126.94399533696 
0023000077 (0028000076) : 49668.71092406128 
0076000078 (0023000077) : 50014.911557013766 
0014000079 (0076000078) : 50021.22007460782 
0060000080 (0014000079) : 50264.27123424642 
0010000081 (0060000080) : 50360.682143236634 
0045000082 (0010000081) : 50501.61345138387 
0055000083 (0045000082) : 53776.922664647 
0053000084 (0055000083) : 53903.6426554128 
0079000085 (0053000084) : 54035.89566011219 
0023000086 (0079000085) : 54135.57842323504 
0081000087 (0023000086) : 56579.13032673181 
0022000088 (0081000087) : 56763.56696596824 
0030000089 (0022000088) : 57298.11967099178 
0023000090 (0030000089) : 58171.718166082464 
0037000091 (0023000090) : 58182.17655321883 
0039000092 (0037000091) : 58506.819277469825 
0043000093 (0039000092) : 58969.337622147905 
0045000094 (0043000093) : 59060.82787435356 
0089000095 (0045000094) : 59685.08424259434 
0039000096 (0089000095) : 60226.59044901562 
0083000097 (0039000096) : 61738.0819246412 
0093000098 (0083000097) : 62032.58638379896 
0091000099 (0093000098) : 62153.622947504715 
0041000100 (0091000099) : 62375.855397305524 
0022000101 (0041000100) : 62387.88344776157 
0035000102 (0022000101) : 62820.104970014065 
0026000103 (0035000102) : 63309.526113438355 
0023000104 (0026000103) : 64191.114677978236 
0085000105 (0023000104) : 64400.909819528824 
0081000106 (0085000105) : 64428.32642812089 
0050000107 (0081000106) : 65229.02447416704 
0037000108 (0050000107) : 65299.26124497721 
0059000109 (0037000108) : 67367.4308978267 
0031000110 (0059000109) : 68927.64865581339 
0049000111 (0031000110) : 69454.62706325107 
0045000112 (0049000111) : 69458.5944784956 
0018000113 (0045000112) : 69646.78575690325 
0023000114 (0018000113) : 70278.14300204946 
0096000115 (0023000114) : 70320.43918308793 
0011000116 (0096000115) : 70597.72375743558 
0098000117 (0011000116) : 71496.58838218219 
0077000118 (0098000117) : 72499.25109701905 
0040000119 (0077000118) : 72499.88975162804 
0084000120 (0040000119) : 73616.89030370754 
0090000121 (0084000120) : 73830.0123285559 
0001000122 (0090000121) : 74472.64782084741 
0087000123 (0001000122) : 77280.34181412518 
0006000124 (0087000123) : 77676.53703051338 
0023000125 (0006000124) : 78257.33420888917 
0056000126 (0023000125) : 78493.49124641943 
0038000127 (0056000126) : 79016.14120167146 
0070000128 (0038000127) : 79098.56864332351 
0014000129 (0070000128) : 79557.30446589515 
0069000130 (0014000129) : 79939.90266854808 
0088000131 (0069000130) : 80546.27591119007 
0072000132 (0088000131) : 80654.70765824176 
0074000133 (0072000132) : 80803.80165117214 
0024000134 (0074000133) : 81735.99004675614 
0073000135 (0024000134) : 81927.01707529095 
0070000136 (0073000135) : 82676.78011998216 
0098000137 (0070000136) : 82731.98087274417 
0013000138 (0098000137) : 82921.46144388014 
0023000139 (0013000138) : 83323.77110156944 
0096000140 (0023000139) : 83798.95385218682 
0033000141 (0096000140) : 84445.90326034566 
0030000142 (0033000141) : 84864.68180569923 
0009000143 (0030000142) : 85436.3725575096 
0042000144 (0009000143) : 85533.22440288079 
0018000145 (0042000144) : 85910.71191236081 
0063000146 (0018000145) : 86117.9918023408 
0014000147 (0063000146) : 86466.59127744964 
0026000148 (0014000147) : 89029.05040771943 
0002000149 (0026000148) : 89515.6405857316 
0016000150 (0002000149) : 89836.4016201542 
0044000151 (0016000150) : 89868.3016759822 
0099000152 (0044000151) : 90620.07516526217 
0001000153 (0099000152) : 90920.18673335019 
0058000154 (0001000153) : 90983.46144120421 
0096000155 (0058000154) : 91391.50152083964 
0023000156 (0096000155) : 93325.92385291377 
0053000157 (0023000156) : 93431.5594372556 
0085000158 (0053000157) : 93651.94076581844 
0043000159 (0085000158) : 94009.51455212705 
0067000160 (0043000159) : 94220.48574288895 
0085000161 (0067000160) : 95333.23142055317 
0029000162 (0085000161) : 95866.2971491413 
0067000163 (0029000162) : 96849.65422157281 
0032000164 (0067000163) : 97030.30692892006 
0001000165 (0032000164) : 98896.70239885747 
0002000166 (0001000165) : 99636.26026927332 
0023000167 (0002000166) : 99826.78523678526 
