0000000000 (genesis block) : 0 
0023000001 (0000000000) : 383.0428936824516 
0072000002 (0023000001) : 693.3032942483796 
0025000003 (0072000002) : 1164.3247843888862 
0076000004 (0025000003) : 1307.1854396675901 
0003000005 (0076000004) : 1808.634206614001 
0035000006 (0003000005) : 2647.605517955393 
0010000007 (0035000006) : 3066.594935540755 
0026000008 (0010000007) : 3081.9795183551555 
0048000009 (0026000008) : 3308.2229113902895 
0022000010 (0048000009) : 3549.9670134746584 
0031000011 (0022000010) : 4288.090746213736 
0045000012 (0031000011) : 5127.034696064729 
0086000013 (0045000012) : 6639.070849046099 
0050000014 (0086000013) : 7432.0426429651525 
0078000015 (0050000014) : 7682.5121491882555 
0049000016 (0078000015) : 7713.983753550291 
0087000017 (0049000016) : 8129.656653969536 
0000000018 (0087000017) : 8462.37518250958 
0009000019 (0000000018) : 8836.252408674165 
0016000020 (0009000019) : 9080.707532820958 
0063000021 (0016000020) : 10088.833499700775 
0023000022 (0063000021) : 10419.339646766723 
0092000023 (0023000022) : 10470.487470411084 
0061000024 (0092000023) : 10550.738276964426 
0017000025 (0061000024) : 10806.29604448118 
0088000026 (0017000025) : 11452.176215553824 
0023000027 (0088000026) : 11960.327327545969 
0001000028 (0023000027) : 12269.421197538826 
0030000029 (0001000028) : 14501.163239667925 
0040000030 (0030000029) : 15673.551172988971 
0071000031 (0040000030) : 16869.381146421903 
0023000032 (0071000031) : 17121.9041040128 
0024000033 (0023000032) : 17596.07346703616 
0095000034 (0024000033) : 18244.633890349603 
0088000035 (0095000034) : 19221.418088512528 
0018000036 (0088000035) : 20304.00000815032 
0038000037 (0018000036) : 20351.665886159124 
0080000038 (0038000037) : 20753.22451051795 
0074000039 (0080000038) : 21055.886252790195 
0090000040 (0074000039) : 21209.953075540925 
0080000041 (0090000040) : 22284.688464149967 
0099000042 (0080000041) : 22644.83305113423 
0060000043 (0099000042) : 26117.846335161095 
0012000044 (0060000043) : 26871.81476488482 
0023000045 (0012000044) : 27437.191138966715 
0089000046 (0023000045) : 27598.008790966524 
0004000047 (0089000046) : 28641.592059725608 
0093000048 (0004000047) : 29340.11991903407 
0023000049 (0093000048) : 29730.037761448893 
0076000050 (0023000049) : 30331.661215052132 
0032000051 (0076000050) : 31104.41872135613 
0023000052 (0032000051) : 32641.605484284908 
0074000053 (0023000052) : 32659.320690733577 
0042000054 (0074000053) : 34281.0898774817 
0097000055 (0042000054) : 34656.10813755215 
0038000056 (0097000055) : 34788.19534332555 
0035000057 (0038000056) : 34853.80845020802 
0071000058 (0035000057) : 35066.62450579766 
0068000059 (0071000058) : 35916.85332440247 
0018000060 (0068000059) : 36140.28106638296 
0040000061 (0018000060) : 36401.716948132045 
0075000062 (0040000061) : 38032.58202547878 
0017000063 (0075000062) : 38107.33334180659 
0032000064 (0017000063) : 38167.91577991279 
0080000065 (0032000064) : 39058.89817345637 
0012000066 (0080000065) : 40060.941732548294 
0073000067 (0012000066) : 42129.35278248741 
0058000068 (0073000067) : 42664.642679512064 
0047000069 (0058000068) : 43189.27502156686 
0081000070 (0047000069) : 44595.754282347305 
0011000071 (0081000070) : 45334.86471510308 
0049000072 (0011000071) : 45453.690404866305 
0023000073 (0049000072) : 46755.63412499201 
0049000074 (0023000073) : 47969.53263934514 
0093000075 (0049000074) : 48708.68443137852 
0028000076 (0093000075) : 49126.590485629626 
0023000077 (0028000076) : 49668.36225076918 
0076000078 (0023000077) : 50014.62708535837 
0014000079 (0076000078) : 50020.804620201685 
0060000080 (0014000079) : 50264.161846311465 
0010000081 (0060000080) : 50360.59350371064 
0045000082 (0010000081) : 50501.48249793881 
0055000083 (0045000082) : 53776.23495587133 
0053000084 (0055000083) : 53903.429674892584 
0079000085 (0053000084) : 54035.82344701843 
0023000086 (0079000085) : 54135.234084461124 
0081000087 (0023000086) : 56579.0163179095 
0022000088 (0081000087) : 56763.309340761545 
0030000089 (0022000088) : 57298.06984690636 
0023000090 (0030000089) : 58171.37222893107 
0037000091 (0023000090) : 58181.93435898567 
0039000092 (0037000091) : 58506.70246354006 
0043000093 (0039000092) : 58969.028716174675 
0045000094 (0043000093) : 59060.705238488445 
0089000095 (0045000094) : 59684.93786913426 
0039000096 (0089000095) : 60226.464431059336 
0083000097 (0039000096) : 61737.81625010008 
0093000098 (0083000097) : 62032.231047610636 
0091000099 (0093000098) : 62153.106345688924 
0041000100 (0091000099) : 62375.49373132393 
0022000101 (0041000100) : 62387.619948692794 
0035000102 (0022000101) : 62820.05418293069 
0026000103 (0035000102) : 63309.17406493354 
0023000104 (0026000103) : 64190.77104803276 
0085000105 (0023000104) : 64401.109206099834 
0081000106 (0085000105) : 64428.2074684898 
0050000107 (0081000106) : 65228.80933266285 
0037000108 (0050000107) : 65299.01929475573 
0059000109 (0037000108) : 67367.21653125419 
0031000110 (0059000109) : 68927.7219073726 
0049000111 (0031000110) : 69454.58529938861 
0045000112 (0049000111) : 69458.46759152014 
0018000113 (0045000112) : 69646.42426530241 
0023000114 (0018000113) : 70277.79376190284 
0096000115 (0023000114) : 70320.28876378799 
0011000116 (0096000115) : 70597.79553282929 
0098000117 (0011000116) : 71496.6611276095 
0077000118 (0098000117) : 72499.11405345796 
0040000119 (0077000118) : 72499.5157063979 
0084000120 (0040000119) : 73616.89697687035 
0090000121 (0084000120) : 73830.69853874703 
0001000122 (0090000121) : 74472.15151198774 
0087000123 (0001000122) : 77280.27302421622 
0006000124 (0087000123) : 77676.28820255931 
0023000125 (0006000124) : 78256.98891952747 
0056000126 (0023000125) : 78493.40111681052 
0038000127 (0056000126) : 79015.88246067782 
0070000128 (0038000127) : 79098.3253667285 
0014000129 (0070000128) : 79556.89302723641 
0069000130 (0014000129) : 79939.65302940732 
0088000131 (0069000130) : 80545.9162922065 
0072000132 (0088000131) : 80654.58449749467 
0074000133 (0072000132) : 80803.59063476915 
0024000134 (0074000133) : 81735.91542586089 
0073000135 (0024000134) : 81926.89137324771 
0070000136 (0073000135) : 82676.53620013925 
0098000137 (0070000136) : 82732.05175939911 
0013000138 (0098000137) : 82920.94742447195 
0023000139 (0013000138) : 83323.42644492025 
0096000140 (0023000139) : 83798.80894144045 
0033000141 (0096000140) : 84445.67103332731 
0030000142 (0033000141) : 84864.64152216398 
0009000143 (0030000142) : 85435.6836231256 
0042000144 (0009000143) : 85533.13627012193 
0018000145 (0042000144) : 85910.34751247571 
0063000146 (0018000145) : 86117.94173011491 
0014000147 (0063000146) : 86466.17277422546 
0026000148 (0014000147) : 89028.6958499914 
0002000149 (0026000148) : 89515.45407264406 
0016000150 (0002000149) : 89836.65749850243 
0044000151 (0016000150) : 89867.99504558826 
0099000152 (0044000151) : 90619.90050200088 
0001000153 (0099000152) : 90919.68614734791 
0058000154 (0001000153) : 90983.46958770594 
0096000155 (0058000154) : 91391.35719804335 
0023000156 (0096000155) : 93325.57764083463 
0053000157 (0023000156) : 93431.34773053564 
0085000158 (0053000157) : 93652.13755379939 
0043000159 (0085000158) : 94009.20151502873 
0067000160 (0043000159) : 94220.27354599361 
0085000161 (0067000160) : 95333.43078079358 
0029000162 (0085000161) : 95865.72905331048 
0067000163 (0029000162) : 96849.44426287558 
0032000164 (0067000163) : 97030.40528887407 
0001000165 (0032000164) : 98896.20576764553 
0002000166 (0001000165) : 99636.07469641612 
0023000167 (0002000166) : 99826.43676161644 
