0000000000 (genesis block) : 0 
0023000001 (0000000000) : 382.98325003718514 
0072000002 (0023000001) : 693.0179491222978 
0025000003 (0072000002) : 1164.2595386467542 
0076000004 (0025000003) : 1307.1303413814485 
0003000005 (0076000004) : 1808.549045385732 
0035000006 (0003000005) : 2647.7196455206436 
0010000007 (0035000006) : 3066.483591675393 
0026000008 (0010000007) : 3081.9267314810622 
0048000009 (0026000008) : 3308.0735174704405 
0022000010 (0048000009) : 3549.817663143678 
0031000011 (0022000010) : 4288.207413801538 
0045000012 (0031000011) : 5127.157456604913 
0086000013 (0045000012) : 6638.915191363227 
0050000014 (0086000013) : 7432.072780075115 
0078000015 (0050000014) : 7682.1154588345435 
0049000016 (0078000015) : 7713.922122506624 
0087000017 (0049000016) : 8129.67351558528 
0000000018 (0087000017) : 8462.307411845648 
0009000019 (0000000018) : 8836.651446245176 
0016000020 (0009000019) : 9080.82300697184 
0063000021 (0016000020) : 10088.779203522216 
0023000022 (0063000021) : 10419.279519150032 
0092000023 (0023000022) : 10470.08876078803 
0061000024 (0092000023) : 10550.815848002807 
0017000025 (0061000024) : 10806.379744043159 
0088000026 (0017000025) : 11452.411333139344 
0023000027 (0088000026) : 11960.265240537168 
0001000028 (0023000027) : 12269.52543444697 
0030000029 (0001000028) : 14500.990601628284 
0040000030 (0030000029) : 15673.517512207563 
0071000031 (0040000030) : 16869.609670568603 
0023000032 (0071000031) : 17121.84186870599 
0024000033 (0023000032) : 17595.79987176866 
0095000034 (0024000033) : 18244.38926291276 
0088000035 (0095000034) : 19221.648542212675 
0018000036 (0088000035) : 20304.093138574426 
0038000037 (0018000036) : 20351.5088721794 
0080000038 (0038000037) : 20752.8830151026 
0074000039 (0080000038) : 21056.014252352266 
0090000040 (0074000039) : 21209.67573589932 
0080000041 (0090000040) : 22284.343819458914 
0099000042 (0080000041) : 22644.68722438104 
0060000043 (0099000042) : 26117.68985484354 
0012000044 (0060000043) : 26871.66892145326 
0023000045 (0012000044) : 27437.132760028857 
0089000046 (0023000045) : 27597.958100761072 
0004000047 (0089000046) : 28641.523154067563 
0093000048 (0004000047) : 29340.067193520186 
0023000049 (0093000048) : 29729.972572037255 
0076000050 (0023000049) : 30331.60869363359 
0032000051 (0076000050) : 31104.267799898465 
0023000052 (0032000051) : 32641.551992790297 
0074000053 (0023000052) : 32659.441749614358 
0042000054 (0074000053) : 34280.97603156466 
0097000055 (0042000054) : 34655.802220767255 
0038000056 (0097000055) : 34788.03829364574 
0035000057 (0038000056) : 34853.92476536069 
0071000058 (0035000057) : 35066.84903595774 
0068000059 (0071000058) : 35916.78936030992 
0018000060 (0068000059) : 36140.37548146045 
0040000061 (0018000060) : 36401.68331657629 
0075000062 (0040000061) : 38032.47831343034 
0017000063 (0075000062) : 38107.41846094772 
0032000064 (0017000063) : 38167.767439608826 
0080000065 (0032000064) : 39058.55506087358 
0012000066 (0080000065) : 40060.794868600264 
0073000067 (0012000066) : 42129.47310103663 
0058000068 (0073000067) : 42664.579475013605 
0047000069 (0058000068) : 43189.49607721062 
0081000070 (0047000069) : 44595.745105306225 
0011000071 (0081000070) : 45334.971200389286 
0049000072 (0011000071) : 45453.630487074326 
0023000073 (0049000072) : 46755.57358741271 
0049000074 (0023000073) : 47969.469206217684 
0093000075 (0049000074) : 48708.631040316315 
0028000076 (0093000075) : 49126.536812775055 
0023000077 (0028000076) : 49668.30481353823 
0076000078 (0023000077) : 50014.57372020484 
0014000079 (0076000078) : 50021.089206048244 
0060000080 (0014000079) : 50263.9991716215 
0010000081 (0060000080) : 50360.4823946362 
0045000082 (0010000081) : 50501.604695801674 
0055000083 (0045000082) : 53776.57669767085 
0053000084 (0055000083) : 53903.54557432726 
0079000085 (0053000084) : 54035.65505331079 
0023000086 (0079000085) : 54135.1712157909 
0081000087 (0023000086) : 56579.00771130272 
0022000088 (0081000087) : 56763.160357219815 
0030000089 (0022000088) : 57297.891861468095 
0023000090 (0030000089) : 58171.310644042635 
0037000091 (0023000090) : 58181.882321366335 
0039000092 (0037000091) : 58506.41233199789 
0043000093 (0039000092) : 58968.96906303867 
0045000094 (0043000093) : 59060.822500086295 
0089000095 (0045000094) : 59684.88495087253 
0039000096 (0089000095) : 60226.182919463805 
0083000097 (0039000096) : 61737.663984787985 
0093000098 (0083000097) : 62032.17926408161 
0091000099 (0093000098) : 62153.33291975355 
0041000100 (0091000099) : 62375.554440122374 
0022000101 (0041000100) : 62387.47297547903 
0035000102 (0022000101) : 62820.170366620136 
0026000103 (0035000102) : 63309.11944723505 
0023000104 (0026000103) : 64190.70654822086 
0085000105 (0023000104) : 64400.708908930006 
0081000106 (0085000105) : 64428.198675711516 
0050000107 (0081000106) : 65228.84999175913 
0037000108 (0050000107) : 65298.96716105481 
0059000109 (0037000108) : 67367.30026397067 
0031000110 (0059000109) : 68927.84040296848 
0049000111 (0031000110) : 69454.52649689741 
0045000112 (0049000111) : 69458.58664961741 
0018000113 (0045000112) : 69646.51671627809 
0023000114 (0018000113) : 70277.7358325695 
0096000115 (0023000114) : 70320.33720638671 
0011000116 (0096000115) : 70597.91555705549 
0098000117 (0011000116) : 71496.77768928857 
0077000118 (0098000117) : 72499.04668060712 
0040000119 (0077000118) : 72499.48322866562 
0084000120 (0040000119) : 73616.53658371446 
0090000121 (0084000120) : 73830.42063081777 
0001000122 (0090000121) : 74472.25872793753 
0087000123 (0001000122) : 77280.28706388616 
0006000124 (0087000123) : 77676.13027408461 
0023000125 (0006000124) : 78256.92793903129 
0056000126 (0023000125) : 78493.2894669458 
0038000127 (0056000126) : 79015.7313341074 
0070000128 (0038000127) : 79098.27186971455 
0014000129 (0070000128) : 79557.18026695462 
0069000130 (0014000129) : 79939.49401405895 
0088000131 (0069000130) : 80546.15197314482 
0072000132 (0088000131) : 80654.30168049 
0074000133 (0072000132) : 80803.71172502267 
0024000134 (0074000133) : 81735.63883438992 
0073000135 (0024000134) : 81927.01164241157 
0070000136 (0073000135) : 82676.48333661178 
0098000137 (0070000136) : 82732.17099884288 
0013000138 (0098000137) : 82921.08177879358 
0023000139 (0013000138) : 83323.36475749036 
0096000140 (0023000139) : 83798.8550623503 
0033000141 (0096000140) : 84445.67643822201 
0030000142 (0033000141) : 84864.45992571759 
0009000143 (0030000142) : 85436.08119955791 
0042000144 (0009000143) : 85533.02427744059 
0018000145 (0042000144) : 85910.43859103924 
0063000146 (0018000145) : 86117.88969245586 
0014000147 (0063000146) : 86466.46062474338 
0026000148 (0014000147) : 89028.64338516392 
0002000149 (0026000148) : 89515.3248690986 
0016000150 (0002000149) : 89836.777941651 
0044000151 (0016000150) : 89867.99816751167 
0099000152 (0044000151) : 90619.75580775554 
0001000153 (0099000152) : 90919.792380931 
0058000154 (0001000153) : 90983.41041020835 
0096000155 (0058000154) : 91391.39978632511 
0023000156 (0096000155) : 93325.51774316136 
0053000157 (0023000156) : 93431.4648801002 
0085000158 (0053000157) : 93651.73973318102 
0043000159 (0085000158) : 94009.14077861996 
0067000160 (0043000159) : 94220.40120606312 
0085000161 (0067000160) : 95333.02926779525 
0029000162 (0085000161) : 95865.89046827977 
0067000163 (0029000162) : 96849.56565913973 
0032000164 (0067000163) : 97030.24940209907 
0001000165 (0032000164) : 98896.30822552116 
0002000166 (0001000165) : 99635.94157871963 
0023000167 (0002000166) : 99826.37731891147 
