0000000000 (genesis block) : 0 
0023000001 (0000000000) : 383.3710343273155 
0072000002 (0023000001) : 693.4926626603288 
0025000003 (0072000002) : 1164.5148057926765 
0076000004 (0025000003) : 1307.1901188484424 
0003000005 (0076000004) : 1808.283017481775 
0035000006 (0003000005) : 2647.7949060050655 
0010000007 (0035000006) : 3066.7849733767953 
0026000008 (0010000007) : 3082.0975818768675 
0048000009 (0026000008) : 3308.1178850982446 
0022000010 (0048000009) : 3550.3552895920943 
0031000011 (0022000010) : 4288.2140271674 
0045000012 (0031000011) : 5127.224993318715 
0086000013 (0045000012) : 6639.024293061284 
0050000014 (0086000013) : 7432.3142539611445 
0078000015 (0050000014) : 7682.765912757315 
0049000016 (0078000015) : 7713.270229850031 
0087000017 (0049000016) : 8129.856839443761 
0000000018 (0087000017) : 8462.493451071992 
0009000019 (0000000018) : 8836.965511968236 
0016000020 (0009000019) : 9080.622876618534 
0063000021 (0016000020) : 10088.700511423574 
0023000022 (0063000021) : 10419.672061232963 
0092000023 (0023000022) : 10470.617567449028 
0061000024 (0092000023) : 10550.821141300055 
0017000025 (0061000024) : 10806.360596364015 
0088000026 (0017000025) : 11452.375952776767 
0023000027 (0088000026) : 11960.653834054983 
0001000028 (0023000027) : 12269.917421663185 
0030000029 (0001000028) : 14501.35371409235 
0040000030 (0030000029) : 15673.881625538914 
0071000031 (0040000030) : 16869.561127648456 
0023000032 (0071000031) : 17122.23200296867 
0024000033 (0023000032) : 17595.968063885684 
0095000034 (0024000033) : 18244.55873599123 
0088000035 (0095000034) : 19221.615610119476 
0018000036 (0088000035) : 20304.201208146522 
0038000037 (0018000036) : 20351.85693101303 
0080000038 (0038000037) : 20753.164571370675 
0074000039 (0080000038) : 21056.159002571683 
0090000040 (0074000039) : 21210.020915257486 
0080000041 (0090000040) : 22284.627568027758 
0099000042 (0080000041) : 22645.107151115983 
0060000043 (0099000042) : 26117.628960230468 
0012000044 (0060000043) : 26872.088725944086 
0023000045 (0012000044) : 27437.52114176599 
0089000046 (0023000045) : 27597.874862275457 
0004000047 (0089000046) : 28641.86441330563 
0093000048 (0004000047) : 29340.237709293004 
0023000049 (0093000048) : 29730.363671195642 
0076000050 (0023000049) : 30331.666528070742 
0032000051 (0076000050) : 31104.689297463945 
0023000052 (0032000051) : 32641.9345523345 
0074000053 (0023000052) : 32659.593271763602 
0042000054 (0074000053) : 34281.28107495031 
0097000055 (0042000054) : 34655.89155359595 
0038000056 (0097000055) : 34788.391852394845 
0035000057 (0038000056) : 34853.99618899517 
0071000058 (0035000057) : 35066.8007778919 
0068000059 (0071000058) : 35917.1779458705 
0018000060 (0068000059) : 36140.4857602672 
0040000061 (0018000060) : 36402.04874618767 
0075000062 (0040000061) : 38032.624574479756 
0017000063 (0075000062) : 38107.402551655876 
0032000064 (0017000063) : 38168.186322852205 
0080000065 (0032000064) : 39058.83706906397 
0012000066 (0080000065) : 40061.21581684703 
0073000067 (0012000066) : 42129.625472419735 
0058000068 (0073000067) : 42664.36708060351 
0047000069 (0058000068) : 43189.474789780106 
0081000070 (0047000069) : 44596.026187934425 
0011000071 (0081000070) : 45335.040621019136 
0049000072 (0011000071) : 45452.97771751661 
0023000073 (0049000072) : 46755.966428377455 
0049000074 (0023000073) : 47968.81887846656 
0093000075 (0049000074) : 48708.80113403659 
0028000076 (0093000075) : 49126.70835943143 
0023000077 (0028000076) : 49668.68852236313 
0076000078 (0023000077) : 50014.63203437278 
0014000079 (0076000078) : 50021.00496279605 
0060000080 (0014000079) : 50263.942596672256 
0010000081 (0060000080) : 50360.78857904712 
0045000082 (0010000081) : 50501.671431759976 
0055000083 (0045000082) : 53776.734572143556 
0053000084 (0055000083) : 53903.70276521963 
0079000085 (0053000084) : 54035.899405689546 
0023000086 (0079000085) : 54135.56106272605 
0081000087 (0023000086) : 56579.29063428907 
0022000088 (0081000087) : 56763.6973847199 
0030000089 (0022000088) : 57298.25795008598 
0023000090 (0030000089) : 58171.70073619668 
0037000091 (0023000090) : 58182.05153913759 
0039000092 (0037000091) : 58507.029518734795 
0043000093 (0039000092) : 58969.24154283742 
0045000094 (0043000093) : 59060.8909573823 
0089000095 (0045000094) : 59684.802998715844 
0039000096 (0089000095) : 60226.79842588069 
0083000097 (0039000096) : 61738.013160533905 
0093000098 (0083000097) : 62032.349542236145 
0091000099 (0093000098) : 62153.68360235544 
0041000100 (0091000099) : 62375.67702471221 
0022000101 (0041000100) : 62388.00706363034 
0035000102 (0022000101) : 62820.24257803375 
0026000103 (0035000102) : 63309.29281148785 
0023000104 (0026000103) : 64191.101700446816 
0085000105 (0023000104) : 64401.2287181828 
0081000106 (0085000105) : 64428.481258187516 
0050000107 (0081000106) : 65229.081244352965 
0037000108 (0050000107) : 65299.13983053326 
0059000109 (0037000108) : 67367.308231849 
0031000110 (0059000109) : 68927.84759957087 
0049000111 (0031000110) : 69453.87254929692 
0045000112 (0049000111) : 69458.65513564735 
0018000113 (0045000112) : 69646.62532799368 
0023000114 (0018000113) : 70278.12831020789 
0096000115 (0023000114) : 70320.06982866944 
0011000116 (0096000115) : 70597.98378642322 
0098000117 (0011000116) : 71496.84732581214 
0077000118 (0098000117) : 72499.08149428132 
0040000119 (0077000118) : 72499.84675425886 
0084000120 (0040000119) : 73616.70733522763 
0090000121 (0084000120) : 73830.76808976608 
0001000122 (0090000121) : 74472.65033352954 
0087000123 (0001000122) : 77280.47218762606 
0006000124 (0087000123) : 77676.48222326457 
0023000125 (0006000124) : 78257.31716793084 
0056000126 (0023000125) : 78493.52403436569 
0038000127 (0056000126) : 79016.08277220091 
0070000128 (0038000127) : 79098.44231793114 
0014000129 (0070000128) : 79557.09496667674 
0069000130 (0014000129) : 79939.98505943001 
0088000131 (0069000130) : 80546.117013491 
0072000132 (0088000131) : 80654.77861875927 
0074000133 (0072000132) : 80803.86086005284 
0024000134 (0074000133) : 81735.81050824079 
0073000135 (0024000134) : 81927.16338623913 
0070000136 (0073000135) : 82676.65457101737 
0098000137 (0070000136) : 82732.23925374594 
0013000138 (0098000137) : 82921.444771496 
0023000139 (0013000138) : 83323.75800661164 
0096000140 (0023000139) : 83798.58744472235 
0033000141 (0096000140) : 84445.779399661 
0030000142 (0033000141) : 84864.82699978242 
0009000143 (0030000142) : 85436.39827152182 
0042000144 (0009000143) : 85533.32737434896 
0018000145 (0042000144) : 85910.55044183251 
0063000146 (0018000145) : 86117.8113141238 
0014000147 (0063000146) : 86466.37554349947 
0026000148 (0014000147) : 89028.82032514192 
0002000149 (0026000148) : 89515.74617419357 
0016000150 (0002000149) : 89836.57424209196 
0044000151 (0016000150) : 89868.42063238265 
0099000152 (0044000151) : 90620.17311199332 
0001000153 (0099000152) : 90920.18443834467 
0058000154 (0001000153) : 90983.19338187398 
0096000155 (0058000154) : 91391.13742958405 
0023000156 (0096000155) : 93325.90876820106 
0053000157 (0023000156) : 93431.6180807747 
0085000158 (0053000157) : 93652.26084272019 
0043000159 (0085000158) : 94009.41157513233 
0067000160 (0043000159) : 94220.54890053946 
0085000161 (0067000160) : 95333.5463134552 
0029000162 (0085000161) : 95866.22645586901 
0067000163 (0029000162) : 96849.7174682614 
0032000164 (0067000163) : 97030.6740987815 
0001000165 (0032000164) : 98896.69776167911 
0002000166 (0001000165) : 99636.36398708643 
0023000167 (0002000166) : 99826.76757588841 
