0000000000 (genesis block) : 0 
0023000001 (0000000000) : 382.96056074213914 
0072000002 (0023000001) : 693.1825374275109 
0025000003 (0072000002) : 1164.0881173688936 
0076000004 (0025000003) : 1307.104268367196 
0003000005 (0076000004) : 1808.463105120638 
0035000006 (0003000005) : 2647.367137375658 
0010000007 (0035000006) : 3066.5408255309053 
0026000008 (0010000007) : 3082.0040515065075 
0048000009 (0026000008) : 3308.0672197097865 
0022000010 (0048000009) : 3550.035559623557 
0031000011 (0022000010) : 4287.850458198721 
0045000012 (0031000011) : 5126.7966376153545 
0086000013 (0045000012) : 6638.91660112878 
0050000014 (0086000013) : 7431.7986570902885 
0078000015 (0050000014) : 7682.475566227043 
0049000016 (0078000015) : 7713.782216989147 
0087000017 (0049000016) : 8129.429357166824 
0000000018 (0087000017) : 8462.39638451701 
0009000019 (0000000018) : 8836.490096802869 
0016000020 (0009000019) : 9080.47016796195 
0063000021 (0016000020) : 10088.617266654874 
0023000022 (0063000021) : 10419.25889387837 
0092000023 (0023000022) : 10470.446930540986 
0061000024 (0092000023) : 10550.498841901319 
0017000025 (0061000024) : 10806.05916527465 
0088000026 (0017000025) : 11452.171390752012 
0023000027 (0088000026) : 11960.24397032925 
0001000028 (0023000027) : 12269.473918988124 
0030000029 (0001000028) : 14500.926445599554 
0040000030 (0030000029) : 15673.53920774005 
0071000031 (0040000030) : 16869.40658968015 
0023000032 (0071000031) : 17121.823183936103 
0024000033 (0023000032) : 17595.836972392175 
0095000034 (0024000033) : 18244.397016640298 
0088000035 (0095000034) : 19221.41123545193 
0018000036 (0088000035) : 20303.99641543085 
0038000037 (0018000036) : 20351.623328197093 
0080000038 (0038000037) : 20753.10822459192 
0074000039 (0080000038) : 21055.64971809141 
0090000040 (0074000039) : 21209.71419794391 
0080000041 (0090000040) : 22284.571456925947 
0099000042 (0080000041) : 22644.86069666566 
0060000043 (0099000042) : 26117.608381895563 
0012000044 (0060000043) : 26871.837732936845 
0023000045 (0012000044) : 27437.10729504186 
0089000046 (0023000045) : 27597.7910972774 
0004000047 (0089000046) : 28641.354393586327 
0093000048 (0004000047) : 29340.120730526654 
0023000049 (0093000048) : 29729.950157431613 
0076000050 (0023000049) : 30331.580636049457 
0032000051 (0076000050) : 31104.27772544469 
0023000052 (0032000051) : 32641.521921846997 
0074000053 (0023000052) : 32659.082874147647 
0042000054 (0074000053) : 34280.929631629806 
0097000055 (0042000054) : 34655.87001564282 
0038000056 (0097000055) : 34788.1573291199 
0035000057 (0038000056) : 34853.569531627894 
0071000058 (0035000057) : 35066.64490293073 
0068000059 (0071000058) : 35916.738141467285 
0018000060 (0068000059) : 36140.27983605218 
0040000061 (0018000060) : 36401.70762868442 
0075000062 (0040000061) : 38032.42213846439 
0017000063 (0075000062) : 38107.09704422724 
0032000064 (0017000063) : 38167.77953552432 
0080000065 (0032000064) : 39058.78538426463 
0012000066 (0080000065) : 40060.966098952165 
0073000067 (0012000066) : 42129.115298008415 
0058000068 (0073000067) : 42664.497308429585 
0047000069 (0058000068) : 43189.270001344805 
0081000070 (0047000069) : 44595.517899189705 
0011000071 (0081000070) : 45334.61598868592 
0049000072 (0011000071) : 45453.488994618005 
0023000073 (0049000072) : 46755.54979810699 
0049000074 (0023000073) : 47969.32995096289 
0093000075 (0049000074) : 48708.68012173448 
0028000076 (0093000075) : 49126.58415703127 
0023000077 (0028000076) : 49668.27566020876 
0076000078 (0023000077) : 50014.54627576683 
0014000079 (0076000078) : 50020.850515659535 
0060000080 (0014000079) : 50263.922268790164 
0010000081 (0060000080) : 50360.53980346933 
0045000082 (0010000081) : 50501.24510579612 
0055000083 (0045000082) : 53776.474671555734 
0053000084 (0055000083) : 53903.19151131058 
0079000085 (0053000084) : 54035.582805025144 
0023000086 (0079000085) : 54135.14647913415 
0081000087 (0023000086) : 56578.777157183504 
0022000088 (0081000087) : 56763.37927984827 
0030000089 (0022000088) : 57297.83089739636 
0023000090 (0030000089) : 58171.28830850923 
0037000091 (0023000090) : 58181.75421211095 
0039000092 (0037000091) : 58506.66153561887 
0043000093 (0039000092) : 58968.89021624097 
0045000094 (0043000093) : 59060.462335130076 
0089000095 (0045000094) : 59684.72069138185 
0039000096 (0089000095) : 60226.42835038565 
0083000097 (0039000096) : 61737.77912766739 
0093000098 (0083000097) : 62032.2251795438 
0091000099 (0093000098) : 62153.17502887586 
0041000100 (0091000099) : 62375.49044632887 
0022000101 (0041000100) : 62387.68907189339 
0035000102 (0022000101) : 62819.81612261506 
0026000103 (0035000102) : 63309.19400955796 
0023000104 (0026000103) : 64190.68357197117 
0085000105 (0023000104) : 64401.06650420612 
0081000106 (0085000105) : 64427.971295673684 
0050000107 (0081000106) : 65228.57294526159 
0037000108 (0050000107) : 65298.83970490629 
0059000109 (0037000108) : 67366.9803154356 
0031000110 (0059000109) : 68927.48223647187 
0049000111 (0031000110) : 69454.38237064514 
0045000112 (0049000111) : 69458.22877987835 
0018000113 (0045000112) : 69646.42002165304 
0023000114 (0018000113) : 70277.71228377851 
0096000115 (0023000114) : 70320.25535606594 
0011000116 (0096000115) : 70597.55829298882 
0098000117 (0011000116) : 71496.42258230469 
0077000118 (0098000117) : 72498.87731033082 
0040000119 (0077000118) : 72499.50773516072 
0084000120 (0040000119) : 73616.68612182784 
0090000121 (0084000120) : 73830.45980752938 
0001000122 (0090000121) : 74472.19965765724 
0087000123 (0001000122) : 77280.04449026188 
0006000124 (0087000123) : 77676.25104140343 
0023000125 (0006000124) : 78256.90197934517 
0056000126 (0023000125) : 78493.30087157193 
0038000127 (0056000126) : 79015.84518262424 
0070000128 (0038000127) : 79098.14566171031 
0014000129 (0070000128) : 79556.93935710294 
0069000130 (0014000129) : 79939.61526762857 
0088000131 (0069000130) : 80545.9101238589 
0072000132 (0088000131) : 80654.46694838443 
0074000133 (0072000132) : 80803.35255845364 
0024000134 (0074000133) : 81735.67868981877 
0073000135 (0024000134) : 81926.65404383933 
0070000136 (0073000135) : 82676.35927504812 
0098000137 (0070000136) : 82731.81424171785 
0013000138 (0098000137) : 82921.01437145234 
0023000139 (0013000138) : 83323.34343718416 
0096000140 (0023000139) : 83798.7667387386 
0033000141 (0096000140) : 84445.4529866927 
0030000142 (0033000141) : 84864.40238785383 
0009000143 (0030000142) : 85435.92223542316 
0042000144 (0009000143) : 85532.97382654471 
0018000145 (0042000144) : 85910.34753970895 
0063000146 (0018000145) : 86117.72503353687 
0014000147 (0063000146) : 86466.22262313633 
0026000148 (0014000147) : 89028.71859418412 
0002000149 (0026000148) : 89515.47188376298 
0016000150 (0002000149) : 89836.42085559279 
0044000151 (0016000150) : 89868.01418610956 
0099000152 (0044000151) : 90619.93054513991 
0001000153 (0099000152) : 90919.7352707366 
0058000154 (0001000153) : 90983.3235197207 
0096000155 (0058000154) : 91391.3136624339 
0023000156 (0096000155) : 93325.4964873019 
0053000157 (0023000156) : 93431.10932501486 
0085000158 (0053000157) : 93652.10053112099 
0043000159 (0085000158) : 94009.05928753148 
0067000160 (0043000159) : 94220.03726524378 
0085000161 (0067000160) : 95333.38920459959 
0029000162 (0085000161) : 95865.94071676908 
0067000163 (0029000162) : 96849.20680515592 
0032000164 (0067000163) : 97030.26224252238 
0001000165 (0032000164) : 98896.25501998604 
0002000166 (0001000165) : 99636.09160559424 
0023000167 (0002000166) : 99826.3524074931 
