0000000000 (genesis block) : 0 
0023000001 (0000000000) : 383.2530693215528 
0072000002 (0023000001) : 693.5220942931967 
0025000003 (0072000002) : 1164.4661716064109 
0076000004 (0025000003) : 1307.3620559562391 
0003000005 (0076000004) : 1807.91286453846 
0035000006 (0003000005) : 2647.706284879595 
0010000007 (0035000006) : 3066.768369100525 
0026000008 (0010000007) : 3082.268259890384 
0048000009 (0026000008) : 3308.1015636745838 
0022000010 (0048000009) : 3550.3749961791054 
0031000011 (0022000010) : 4288.0948241302285 
0045000012 (0031000011) : 5127.346840071489 
0086000013 (0045000012) : 6639.200182024222 
0050000014 (0086000013) : 7432.348183164415 
0078000015 (0050000014) : 7682.748839760281 
0049000016 (0078000015) : 7713.640146785361 
0087000017 (0049000016) : 8129.981988249407 
0000000018 (0087000017) : 8462.661458888182 
0009000019 (0000000018) : 8836.976252625322 
0016000020 (0009000019) : 9080.503069596349 
0063000021 (0016000020) : 10088.66404948483 
0023000022 (0063000021) : 10419.552630584667 
0092000023 (0023000022) : 10470.602419065657 
0061000024 (0092000023) : 10550.809005118535 
0017000025 (0061000024) : 10806.324210739154 
0088000026 (0017000025) : 11452.60707621425 
0023000027 (0088000026) : 11960.541045393462 
0001000028 (0023000027) : 12269.947667765686 
0030000029 (0001000028) : 14501.25454767964 
0040000030 (0030000029) : 15674.05193915205 
0071000031 (0040000030) : 16869.442027444267 
0023000032 (0071000031) : 17122.113744316455 
0024000033 (0023000032) : 17595.95078483092 
0095000034 (0024000033) : 18244.539804016516 
0088000035 (0095000034) : 19221.845513552464 
0018000036 (0088000035) : 20304.29926618493 
0038000037 (0018000036) : 20351.838683461727 
0080000038 (0038000037) : 20753.516005767066 
0074000039 (0080000038) : 21055.966626778754 
0090000040 (0074000039) : 21209.905154330292 
0080000041 (0090000040) : 22284.983257880987 
0099000042 (0080000041) : 22645.03400993123 
0060000043 (0099000042) : 26117.611438898533 
0012000044 (0060000043) : 26872.070669519115 
0023000045 (0012000044) : 27437.402401614043 
0089000046 (0023000045) : 27598.046501383134 
0004000047 (0089000046) : 28641.90816433033 
0093000048 (0004000047) : 29340.409315021046 
0023000049 (0093000048) : 29730.24305998367 
0076000050 (0023000049) : 30331.83682960786 
0032000051 (0076000050) : 31104.67141103526 
0023000052 (0032000051) : 32641.817821023396 
0074000053 (0023000052) : 32659.395807435612 
0042000054 (0074000053) : 34281.26295025004 
0097000055 (0042000054) : 34655.87428740654 
0038000056 (0097000055) : 34788.37629312835 
0035000057 (0038000056) : 34853.91067729978 
0071000058 (0035000057) : 35066.68330503984 
0068000059 (0071000058) : 35917.29145606606 
0018000060 (0068000059) : 36140.5790413357 
0040000061 (0018000060) : 36402.2197807033 
0075000062 (0040000061) : 38032.609646447105 
0017000063 (0075000062) : 38107.36596869421 
0032000064 (0017000063) : 38168.17152383689 
0080000065 (0032000064) : 39059.19370327937 
0012000066 (0080000065) : 40061.20267759118 
0073000067 (0012000066) : 42129.33039068785 
0058000068 (0073000067) : 42663.99666899025 
0047000069 (0058000068) : 43189.703116267316 
0081000070 (0047000069) : 44596.06952281355 
0011000071 (0081000070) : 45335.11305673762 
0049000072 (0011000071) : 45453.34815665505 
0023000073 (0049000072) : 46755.84462841587 
0049000074 (0023000073) : 47969.19295981893 
0093000075 (0049000074) : 48708.97438724631 
0028000076 (0093000075) : 49126.56063153832 
0023000077 (0028000076) : 49668.573372360115 
0076000078 (0023000077) : 50014.80189039016 
0014000079 (0076000078) : 50021.29053945808 
0060000080 (0014000079) : 50263.929349977756 
0010000081 (0060000080) : 50360.76654773203 
0045000082 (0010000081) : 50501.79916687688 
0055000083 (0045000082) : 53776.827263883955 
0053000084 (0055000083) : 53903.696845804305 
0079000085 (0053000084) : 54035.882497024075 
0023000086 (0079000085) : 54135.442153435244 
0081000087 (0023000086) : 56579.32852844333 
0022000088 (0081000087) : 56763.71703493803 
0030000089 (0022000088) : 57298.15933454509 
0023000090 (0030000089) : 58171.581032519854 
0037000091 (0023000090) : 58182.06099726146 
0039000092 (0037000091) : 58507.0501666419 
0043000093 (0039000092) : 58968.87188156363 
0045000094 (0043000093) : 59061.012411560114 
0089000095 (0045000094) : 59684.97425856511 
0039000096 (0089000095) : 60226.819660675195 
0083000097 (0039000096) : 61737.99716447643 
0093000098 (0083000097) : 62032.51981948647 
0091000099 (0093000098) : 62153.659640719976 
0041000100 (0091000099) : 62375.71127338806 
0022000101 (0041000100) : 62388.02688906702 
0035000102 (0022000101) : 62820.16106022059 
0026000103 (0035000102) : 63309.46511719541 
0023000104 (0026000103) : 64190.97243174488 
0085000105 (0023000104) : 64401.21158753468 
0081000106 (0085000105) : 64428.52523978536 
0050000107 (0081000106) : 65229.12417627937 
0037000108 (0050000107) : 65299.14755244831 
0059000109 (0037000108) : 67367.29344539488 
0031000110 (0059000109) : 68927.7276182584 
0049000111 (0031000110) : 69454.24444716796 
0045000112 (0049000111) : 69458.77858996265 
0018000113 (0045000112) : 69646.72303616353 
0023000114 (0018000113) : 70278.0085357806 
0096000115 (0023000114) : 70319.92233515761 
0011000116 (0096000115) : 70598.05645173794 
0098000117 (0011000116) : 71496.89549488874 
0077000118 (0098000117) : 72498.71094971489 
0040000119 (0077000118) : 72500.01952144713 
0084000120 (0040000119) : 73616.68990076636 
0090000121 (0084000120) : 73830.64886188654 
0001000122 (0090000121) : 74472.68194054696 
0087000123 (0001000122) : 77280.59519530587 
0006000124 (0087000123) : 77676.46654642589 
0023000125 (0006000124) : 78257.19711183623 
0056000126 (0023000125) : 78493.37776655062 
0038000127 (0056000126) : 79016.06749027575 
0070000128 (0038000127) : 79098.42218335437 
0014000129 (0070000128) : 79557.3798313979 
0069000130 (0014000129) : 79940.06601817576 
0088000131 (0069000130) : 80546.35139944295 
0072000132 (0088000131) : 80654.80629004375 
0074000133 (0072000132) : 80803.66658093828 
0024000134 (0074000133) : 81735.7889769217 
0073000135 (0024000134) : 81926.86791404958 
0070000136 (0073000135) : 82676.631391168 
0098000137 (0070000136) : 82732.29040222018 
0013000138 (0098000137) : 82921.49612198686 
0023000139 (0013000138) : 83323.63519260124 
0096000140 (0023000139) : 83798.43881617048 
0033000141 (0096000140) : 84445.76182040897 
0030000142 (0033000141) : 84864.72801943905 
0009000143 (0030000142) : 85436.40846118731 
0042000144 (0009000143) : 85533.3101170271 
0018000145 (0042000144) : 85910.64435381466 
0063000146 (0018000145) : 86117.77356340548 
0014000147 (0063000146) : 86466.66055454718 
0026000148 (0014000147) : 89028.98471275839 
0002000149 (0026000148) : 89515.73075432565 
0016000150 (0002000149) : 89836.45556604139 
0044000151 (0016000150) : 89868.3567719899 
0099000152 (0044000151) : 90620.09928365336 
0001000153 (0099000152) : 90920.2121167971 
0058000154 (0001000153) : 90982.82327230857 
0096000155 (0058000154) : 91390.98718533393 
0023000156 (0096000155) : 93325.78843554934 
0053000157 (0023000156) : 93431.61487233112 
0085000158 (0053000157) : 93652.2408333161 
0043000159 (0085000158) : 94009.03998628858 
0067000160 (0043000159) : 94220.41419530191 
0085000161 (0067000160) : 95333.52870185 
0029000162 (0085000161) : 95866.25034993918 
0067000163 (0029000162) : 96849.58461812923 
0032000164 (0067000163) : 97030.65699193628 
0001000165 (0032000164) : 98896.7331240164 
0002000166 (0001000165) : 99636.34916556375 
0023000167 (0002000166) : 99826.64806587847 
