0000000000 (genesis block) : 0 
0023000001 (0000000000) : 382.9103750002229 
0072000002 (0023000001) : 693.1728581141983 
0025000003 (0072000002) : 1164.28847362733 
0076000004 (0025000003) : 1307.0838750701482 
0003000005 (0076000004) : 1808.597953857478 
0035000006 (0003000005) : 2647.5682674634745 
0010000007 (0035000006) : 3066.72589045566 
0026000008 (0010000007) : 3081.882007782292 
0048000009 (0026000008) : 3308.186360190064 
0022000010 (0048000009) : 3549.935434602295 
0031000011 (0022000010) : 4288.05333061042 
0045000012 (0031000011) : 5126.996748706593 
0086000013 (0045000012) : 6638.937742190543 
0050000014 (0086000013) : 7432.0034328173015 
0078000015 (0050000014) : 7682.381518954568 
0049000016 (0078000015) : 7713.904443404603 
0087000017 (0049000016) : 8129.5567560815125 
0000000018 (0087000017) : 8462.27340854104 
0009000019 (0000000018) : 8836.385065438253 
0016000020 (0009000019) : 9080.669818295437 
0063000021 (0016000020) : 10088.73326351998 
0023000022 (0063000021) : 10419.208461507547 
0092000023 (0023000022) : 10470.356299633526 
0061000024 (0092000023) : 10550.700170258186 
0017000025 (0061000024) : 10806.259146108514 
0088000026 (0017000025) : 11452.307674712634 
0023000027 (0088000026) : 11960.195855260241 
0001000028 (0023000027) : 12269.45254344112 
0030000029 (0001000028) : 14501.126794697422 
0040000030 (0030000029) : 15673.41961270555 
0071000031 (0040000030) : 16869.34390985484 
0023000032 (0071000031) : 17121.770984474555 
0024000033 (0023000032) : 17596.036510909973 
0095000034 (0024000033) : 18244.59252699503 
0088000035 (0095000034) : 19221.55147884652 
0018000036 (0088000035) : 20304.062600280344 
0038000037 (0018000036) : 20351.533080102658 
0080000038 (0038000037) : 20753.093790323932 
0074000039 (0080000038) : 21055.84987547959 
0090000040 (0074000039) : 21209.91529114532 
0080000041 (0090000040) : 22284.55384799241 
0099000042 (0080000041) : 22644.79494248908 
0060000043 (0099000042) : 26117.81036854356 
0012000044 (0060000043) : 26871.77765164679 
0023000045 (0012000044) : 27437.060185757106 
0089000046 (0023000045) : 27597.90817927321 
0004000047 (0089000046) : 28641.55492982831 
0093000048 (0004000047) : 29340.002233611143 
0023000049 (0093000048) : 29729.90547793994 
0076000050 (0023000049) : 30331.56042204558 
0032000051 (0076000050) : 31104.380285175925 
0023000052 (0032000051) : 32641.473797068276 
0074000053 (0023000052) : 32659.284177556874 
0042000054 (0074000053) : 34281.12996603211 
0097000055 (0042000054) : 34656.06918395519 
0038000056 (0097000055) : 34788.06240623055 
0035000057 (0038000056) : 34853.77061119808 
0071000058 (0035000057) : 35066.58398544308 
0068000059 (0071000058) : 35916.71960572132 
0018000060 (0068000059) : 36140.34109506278 
0040000061 (0018000060) : 36401.58478966188 
0075000062 (0040000061) : 38032.54766376701 
0017000063 (0075000062) : 38107.297003119376 
0032000064 (0017000063) : 38167.878879976844 
0080000065 (0032000064) : 39058.76607479443 
0012000066 (0080000065) : 40060.903750945145 
0073000067 (0012000066) : 42129.31580970147 
0058000068 (0073000067) : 42664.50867842447 
0047000069 (0058000068) : 43189.374930666214 
0081000070 (0047000069) : 44595.71822481729 
0011000071 (0081000070) : 45334.82585615884 
0049000072 (0011000071) : 45453.60622950064 
0023000073 (0049000072) : 46755.50303960248 
0049000074 (0023000073) : 47969.448072560845 
0093000075 (0049000074) : 48708.55994449797 
0028000076 (0093000075) : 49126.46485208997 
0023000077 (0028000076) : 49668.22745562312 
0076000078 (0023000077) : 50014.52835696635 
0014000079 (0076000078) : 50020.93546801346 
0060000080 (0014000079) : 50264.126304627 
0010000081 (0060000080) : 50360.72508246651 
0045000082 (0010000081) : 50501.444893482905 
0055000083 (0045000082) : 53776.36602195032 
0053000084 (0055000083) : 53903.39289201863 
0079000085 (0053000084) : 54035.785243113416 
0023000086 (0079000085) : 54135.09941192891 
0081000087 (0023000086) : 56578.98126795372 
0022000088 (0081000087) : 56763.27281250205 
0030000089 (0022000088) : 57298.03241955138 
0023000090 (0030000089) : 58171.23910058379 
0037000091 (0023000090) : 58181.81329434112 
0039000092 (0037000091) : 58506.56780025819 
0043000093 (0039000092) : 58968.89787228904 
0045000094 (0043000093) : 59060.66787798062 
0089000095 (0045000094) : 59684.840296443705 
0039000096 (0089000095) : 60226.33260798795 
0083000097 (0039000096) : 61737.68483231594 
0093000098 (0083000097) : 62032.103977243634 
0091000099 (0093000098) : 62153.06878908623 
0041000100 (0091000099) : 62375.570410690394 
0022000101 (0041000100) : 62387.58402442557 
0035000102 (0022000101) : 62820.01818797763 
0026000103 (0035000102) : 63309.07257091701 
0023000104 (0026000103) : 64190.63714217994 
0085000105 (0023000104) : 64400.97564427538 
0081000106 (0085000105) : 64428.17285837086 
0050000107 (0081000106) : 65228.77365096797 
0037000108 (0050000107) : 65298.89371318067 
0059000109 (0037000108) : 67367.18048047501 
0031000110 (0059000109) : 68927.68381693507 
0049000111 (0031000110) : 69454.50139655625 
0045000112 (0049000111) : 69458.43101888016 
0018000113 (0045000112) : 69646.48715246054 
0023000114 (0018000113) : 70277.66270608845 
0096000115 (0023000114) : 70320.2525997194 
0011000116 (0096000115) : 70597.7618875184 
0098000117 (0011000116) : 71496.62304872846 
0077000118 (0098000117) : 72499.07733299158 
0040000119 (0077000118) : 72499.38431405039 
0084000120 (0040000119) : 73616.80173880032 
0090000121 (0084000120) : 73830.66193563855 
0001000122 (0090000121) : 74472.18473073223 
0087000123 (0001000122) : 77280.17343004834 
0006000124 (0087000123) : 77676.15615163975 
0023000125 (0006000124) : 78256.85592833639 
0056000126 (0023000125) : 78493.29294088452 
0038000127 (0056000126) : 79015.75139526787 
0070000128 (0038000127) : 79098.19875804732 
0014000129 (0070000128) : 79557.02537964772 
0069000130 (0014000129) : 79939.52028828622 
0088000131 (0069000130) : 80546.04830855322 
0072000132 (0088000131) : 80654.45231227732 
0074000133 (0072000132) : 80803.5535155113 
0024000134 (0074000133) : 81735.87691369311 
0073000135 (0024000134) : 81926.85660603283 
0070000136 (0073000135) : 82676.41156068264 
0098000137 (0070000136) : 82732.01558695624 
0013000138 (0098000137) : 82920.81196312394 
0023000139 (0013000138) : 83323.29262895032 
0096000140 (0023000139) : 83798.77266793161 
0033000141 (0096000140) : 84445.63446923275 
0030000142 (0033000141) : 84864.60357208888 
0009000143 (0030000142) : 85435.81631450893 
0042000144 (0009000143) : 85533.17435201902 
0018000145 (0042000144) : 85910.40783257406 
0063000146 (0018000145) : 86117.84347354287 
0014000147 (0063000146) : 86466.30535265013 
0026000148 (0014000147) : 89028.59599086698 
0002000149 (0026000148) : 89515.43944114391 
0016000150 (0002000149) : 89836.6211317308 
0044000151 (0016000150) : 89868.1117126348 
0099000152 (0044000151) : 90619.86352337823 
0001000153 (0099000152) : 90919.72422011875 
0058000154 (0001000153) : 90983.33764388274 
0096000155 (0058000154) : 91391.32223304221 
0023000156 (0096000155) : 93325.4469317502 
0053000157 (0023000156) : 93431.30923619865 
0085000158 (0053000157) : 93652.00616448233 
0043000159 (0085000158) : 94009.0676015495 
0067000160 (0043000159) : 94220.23884007442 
0085000161 (0067000160) : 95333.2965176739 
0029000162 (0085000161) : 95865.8623980063 
0067000163 (0029000162) : 96849.40753539516 
0032000164 (0067000163) : 97030.36433186852 
0001000165 (0032000164) : 98896.23750517263 
0002000166 (0001000165) : 99636.0544595913 
0023000167 (0002000166) : 99826.30586944534 
