0000000000 (genesis block) : 0 
0023000001 (0000000000) : 383.20626463254166 
0072000002 (0023000001) : 693.5788880908636 
0025000003 (0072000002) : 1164.5227804413844 
0076000004 (0025000003) : 1307.3508273512568 
0003000005 (0076000004) : 1808.0905454542124 
0035000006 (0003000005) : 2647.76319824174 
0010000007 (0035000006) : 3066.7219213646445 
0026000008 (0010000007) : 3082.2447183497957 
0048000009 (0026000008) : 3308.0573110768073 
0022000010 (0048000009) : 3550.303470427527 
0031000011 (0022000010) : 4288.151141883374 
0045000012 (0031000011) : 5127.30065159314 
0086000013 (0045000012) : 6639.152996367841 
0050000014 (0086000013) : 7432.302081211925 
0078000015 (0050000014) : 7682.703363030123 
0049000016 (0078000015) : 7713.59496591573 
0087000017 (0049000016) : 8129.935436677611 
0000000018 (0087000017) : 8462.636586355273 
0009000019 (0000000018) : 8836.797273510498 
0016000020 (0009000019) : 9080.558268749533 
0063000021 (0016000020) : 10088.840653830151 
0023000022 (0063000021) : 10419.506034962542 
0092000023 (0023000022) : 10470.557357690393 
0061000024 (0092000023) : 10550.76206743224 
0017000025 (0061000024) : 10806.454711877215 
0088000026 (0017000025) : 11452.561968482298 
0023000027 (0088000026) : 11960.4952001253 
0001000028 (0023000027) : 12269.901568037923 
0030000029 (0001000028) : 14501.322926284174 
0040000030 (0030000029) : 15673.9261636936 
0071000031 (0040000030) : 16869.499418596733 
0023000032 (0071000031) : 17122.06887784882 
0024000033 (0023000032) : 17595.90517883932 
0095000034 (0024000033) : 18244.49578072375 
0088000035 (0095000034) : 19221.803594510166 
0018000036 (0088000035) : 20304.385043944374 
0038000037 (0018000036) : 20351.792291373164 
0080000038 (0038000037) : 20753.472590322228 
0074000039 (0080000038) : 21056.143468615803 
0090000040 (0074000039) : 21209.95827644941 
0080000041 (0090000040) : 22284.936103080097 
0099000042 (0080000041) : 22645.043997859782 
0060000043 (0099000042) : 26117.564902120517 
0012000044 (0060000043) : 26872.024638370716 
0023000045 (0012000044) : 27437.35494731493 
0089000046 (0023000045) : 27598.034166770976 
0004000047 (0089000046) : 28641.860236023887 
0093000048 (0004000047) : 29340.357292587545 
0023000049 (0093000048) : 29730.19558952326 
0076000050 (0023000049) : 30331.82582646187 
0032000051 (0076000050) : 31104.625232219532 
0023000052 (0032000051) : 32641.772156724084 
0074000053 (0023000052) : 32659.571713573296 
0042000054 (0074000053) : 34281.1226325971 
0097000055 (0042000054) : 34655.82928714628 
0038000056 (0097000055) : 34788.33153558267 
0035000057 (0038000056) : 34853.96576569676 
0071000058 (0035000057) : 35066.73737622524 
0068000059 (0071000058) : 35917.228462356725 
0018000060 (0068000059) : 36140.67341716677 
0040000061 (0018000060) : 36402.09182942833 
0075000062 (0040000061) : 38032.563487968924 
0017000063 (0075000062) : 38107.49336237923 
0032000064 (0017000063) : 38168.12508082665 
0080000065 (0032000064) : 39059.1478062866 
0012000066 (0080000065) : 40061.15348640343 
0073000067 (0012000066) : 42129.506309233526 
0058000068 (0073000067) : 42664.17251078404 
0047000069 (0058000068) : 43189.66086187551 
0081000070 (0047000069) : 44596.02504324929 
0011000071 (0081000070) : 45335.125868568204 
0049000072 (0011000071) : 45453.30257178954 
0023000073 (0049000072) : 46755.7986766106 
0049000074 (0023000073) : 47969.14531547998 
0093000075 (0049000074) : 48708.92103435333 
0028000076 (0093000075) : 49126.38309747361 
0023000077 (0028000076) : 49668.52263637927 
0076000078 (0023000077) : 50014.7888547813 
0014000079 (0076000078) : 50021.2457657285 
0060000080 (0014000079) : 50263.885260202 
0010000081 (0060000080) : 50360.72049473804 
0045000082 (0010000081) : 50501.750341642175 
0055000083 (0045000082) : 53776.7797516792 
0053000084 (0055000083) : 53903.6554027185 
0079000085 (0053000084) : 54035.83690540559 
0023000086 (0079000085) : 54135.396953381045 
0081000087 (0023000086) : 56579.28287286739 
0022000088 (0081000087) : 56763.64382918488 
0030000089 (0022000088) : 57298.224924743685 
0023000090 (0030000089) : 58171.53497099608 
0037000091 (0023000090) : 58182.014604339805 
0039000092 (0037000091) : 58507.00320122096 
0043000093 (0039000092) : 58969.04809942973 
0045000094 (0043000093) : 59060.967984981195 
0089000095 (0045000094) : 59684.96422379952 
0039000096 (0089000095) : 60226.77381707196 
0083000097 (0039000096) : 61737.95010769032 
0093000098 (0083000097) : 62032.466277618805 
0091000099 (0093000098) : 62153.48143372193 
0041000100 (0091000099) : 62375.66579040189 
0022000101 (0041000100) : 62387.954811716714 
0035000102 (0022000101) : 62820.21321303006 
0026000103 (0035000102) : 63309.43455487899 
0023000104 (0026000103) : 64190.92699419945 
0085000105 (0023000104) : 64401.16433171422 
0081000106 (0085000105) : 64428.475201494 
0050000107 (0081000106) : 65229.07722420626 
0037000108 (0050000107) : 65299.103846504026 
0059000109 (0037000108) : 67367.2436405123 
0031000110 (0059000109) : 68927.78385746296 
0049000111 (0031000110) : 69454.19636711749 
0045000112 (0049000111) : 69458.73503950838 
0018000113 (0045000112) : 69646.80860486403 
0023000114 (0018000113) : 70277.96155483529 
0096000115 (0023000114) : 70319.74577015077 
0011000116 (0096000115) : 70598.06365727432 
0098000117 (0011000116) : 71496.92689667616 
0077000118 (0098000117) : 72498.88796742044 
0040000119 (0077000118) : 72499.89100152437 
0084000120 (0040000119) : 73616.64394902154 
0090000121 (0084000120) : 73830.70799468411 
0001000122 (0090000121) : 74472.63602964397 
0087000123 (0001000122) : 77280.54873540251 
0006000124 (0087000123) : 77676.41959138334 
0023000125 (0006000124) : 78257.15057907105 
0056000126 (0023000125) : 78493.3298852655 
0038000127 (0056000126) : 79016.01809862521 
0070000128 (0038000127) : 79098.41189333813 
0014000129 (0070000128) : 79557.33369259232 
0069000130 (0014000129) : 79940.02038024267 
0088000131 (0069000130) : 80546.30494095999 
0072000132 (0088000131) : 80654.86260859172 
0074000133 (0072000132) : 80803.84480981744 
0024000134 (0074000133) : 81735.74920271708 
0073000135 (0024000134) : 81927.04380900844 
0070000136 (0073000135) : 82676.61908490979 
0098000137 (0070000136) : 82732.31955712214 
0013000138 (0098000137) : 82921.31828351424 
0023000139 (0013000138) : 83323.58938306148 
0096000140 (0023000139) : 83798.26262197457 
0033000141 (0096000140) : 84445.71747831072 
0030000142 (0033000141) : 84864.79253687583 
0009000143 (0030000142) : 85436.23230401984 
0042000144 (0009000143) : 85533.16601520535 
0018000145 (0042000144) : 85910.73583269808 
0063000146 (0018000145) : 86117.94986288708 
0014000147 (0063000146) : 86466.6145843927 
0026000148 (0014000147) : 89028.95844016646 
0002000149 (0026000148) : 89515.68482389244 
0016000150 (0002000149) : 89836.51240184803 
0044000151 (0016000150) : 89868.35858622596 
0099000152 (0044000151) : 90620.10995309484 
0001000153 (0099000152) : 90920.16542598791 
0058000154 (0001000153) : 90983.00039484512 
0096000155 (0058000154) : 91390.81023694845 
0023000156 (0096000155) : 93325.74372061453 
0053000157 (0023000156) : 93431.57196730051 
0085000158 (0053000157) : 93652.19514481908 
0043000159 (0085000158) : 94009.21717318101 
0067000160 (0043000159) : 94220.54294695839 
0085000161 (0067000160) : 95333.48394570546 
0029000162 (0085000161) : 95866.2030998887 
0067000163 (0029000162) : 96849.71048884794 
0032000164 (0067000163) : 97030.61213645645 
0001000165 (0032000164) : 98896.68620651706 
0002000166 (0001000165) : 99636.30316859994 
0023000167 (0002000166) : 99826.60008076887 
