0000000000 (genesis block) : 0 
0023000001 (0000000000) : 383.2621195634732 
0072000002 (0023000001) : 693.2713305798973 
0025000003 (0072000002) : 1164.229773082159 
0076000004 (0025000003) : 1307.3685405073834 
0003000005 (0076000004) : 1808.6596904127216 
0035000006 (0003000005) : 2647.455964122558 
0010000007 (0035000006) : 3066.698208691183 
0026000008 (0010000007) : 3082.185170665911 
0048000009 (0026000008) : 3307.851130926715 
0022000010 (0048000009) : 3549.792894486969 
0031000011 (0022000010) : 4288.148996852286 
0045000012 (0031000011) : 5127.11867928102 
0086000013 (0045000012) : 6639.162780734227 
0050000014 (0086000013) : 7432.210322244088 
0078000015 (0050000014) : 7682.507012009571 
0049000016 (0078000015) : 7714.085477857543 
0087000017 (0049000016) : 8129.448632251534 
0000000018 (0087000017) : 8462.576797181857 
0009000019 (0000000018) : 8836.640994734265 
0016000020 (0009000019) : 9080.558226234085 
0063000021 (0016000020) : 10088.872952811937 
0023000022 (0063000021) : 10419.561716346352 
0092000023 (0023000022) : 10470.481914774473 
0061000024 (0092000023) : 10550.90615460761 
0017000025 (0061000024) : 10806.147127093978 
0088000026 (0017000025) : 11452.340677115433 
0023000027 (0088000026) : 11960.547698980321 
0001000028 (0023000027) : 12269.542871031499 
0030000029 (0001000028) : 14500.88740810717 
0040000030 (0030000029) : 15673.794650612337 
0071000031 (0040000030) : 16869.496563471203 
0023000032 (0071000031) : 17122.121645188246 
0024000033 (0023000032) : 17596.041610337266 
0095000034 (0024000033) : 18244.635587183035 
0088000035 (0095000034) : 19221.58361590109 
0018000036 (0088000035) : 20304.06245987574 
0038000037 (0018000036) : 20351.59610495905 
0080000038 (0038000037) : 20753.044010447782 
0074000039 (0080000038) : 21056.055591803135 
0090000040 (0074000039) : 21209.95781676242 
0080000041 (0090000040) : 22284.504337916114 
0099000042 (0080000041) : 22644.46293397609 
0060000043 (0099000042) : 26117.849157263205 
0012000044 (0060000043) : 26871.440566760324 
0023000045 (0012000044) : 27437.41516151533 
0089000046 (0023000045) : 27598.11092764022 
0004000047 (0089000046) : 28641.345079718893 
0093000048 (0004000047) : 29340.322573375277 
0023000049 (0093000048) : 29730.255124268017 
0076000050 (0023000049) : 30331.84411409405 
0032000051 (0076000050) : 31104.04164594634 
0023000052 (0032000051) : 32641.83165566977 
0074000053 (0023000052) : 32659.487878450505 
0042000054 (0074000053) : 34281.19245799429 
0097000055 (0042000054) : 34655.966454409456 
0038000056 (0097000055) : 34788.13033278387 
0035000057 (0038000056) : 34853.66010734374 
0071000058 (0035000057) : 35066.73476067444 
0068000059 (0071000058) : 35917.06888939131 
0018000060 (0068000059) : 36140.34281258294 
0040000061 (0018000060) : 36401.968066164736 
0075000062 (0040000061) : 38032.56260301261 
0017000063 (0075000062) : 38107.188325381314 
0032000064 (0017000063) : 38167.54073584329 
0080000065 (0032000064) : 39058.72220964903 
0012000066 (0080000065) : 40060.56685513242 
0073000067 (0012000066) : 42129.521243545445 
0058000068 (0073000067) : 42664.532614531796 
0047000069 (0058000068) : 43189.43708900512 
0081000070 (0047000069) : 44595.921733686846 
0011000071 (0081000070) : 45334.93483423071 
0049000072 (0011000071) : 45453.79179464049 
0023000073 (0049000072) : 46755.85460853472 
0049000074 (0023000073) : 47969.63493868766 
0093000075 (0049000074) : 48708.889576275804 
0028000076 (0093000075) : 49126.627298150386 
0023000077 (0028000076) : 49668.586427234804 
0076000078 (0023000077) : 50014.81255607019 
0014000079 (0076000078) : 50021.025120024795 
0060000080 (0014000079) : 50264.16349706464 
0010000081 (0060000080) : 50360.69480685647 
0045000082 (0010000081) : 50501.568162329466 
0055000083 (0045000082) : 53776.622233252216 
0053000084 (0055000083) : 53903.600690189596 
0079000085 (0053000084) : 54035.814634551534 
0023000086 (0079000085) : 54135.45204072814 
0081000087 (0023000086) : 56579.183239447615 
0022000088 (0081000087) : 56763.12957964675 
0030000089 (0022000088) : 57297.79531533793 
0023000090 (0030000089) : 58171.59156686931 
0037000091 (0023000090) : 58181.96018340978 
0039000092 (0037000091) : 58506.69206371825 
0043000093 (0039000092) : 58968.92306718575 
0045000094 (0043000093) : 59060.7857321613 
0089000095 (0045000094) : 59685.04033628172 
0039000096 (0089000095) : 60226.46026202324 
0083000097 (0039000096) : 61737.75359742363 
0093000098 (0083000097) : 62032.43217248002 
0091000099 (0093000098) : 62153.479138944494 
0041000100 (0091000099) : 62375.444747622554 
0022000101 (0041000100) : 62387.44511337067 
0035000102 (0022000101) : 62819.90819667616 
0026000103 (0035000102) : 63309.3805737272 
0023000104 (0026000103) : 64190.9890457264 
0085000105 (0023000104) : 64401.10562973081 
0081000106 (0085000105) : 64428.377785220066 
0050000107 (0081000106) : 65228.97946778599 
0037000108 (0050000107) : 65299.047326475775 
0059000109 (0037000108) : 67367.38648121721 
0031000110 (0059000109) : 68927.78475521512 
0049000111 (0031000110) : 69454.6913817522 
0045000112 (0049000111) : 69458.55226171785 
0018000113 (0045000112) : 69646.48262426464 
0023000114 (0018000113) : 70278.01829110603 
0096000115 (0023000114) : 70320.50119708902 
0011000116 (0096000115) : 70597.8802404726 
0098000117 (0011000116) : 71496.75115750365 
0077000118 (0098000117) : 72499.20593272276 
0040000119 (0077000118) : 72499.76413614616 
0084000120 (0040000119) : 73616.78332018763 
0090000121 (0084000120) : 73830.70361379189 
0001000122 (0090000121) : 74472.2743944695 
0087000123 (0001000122) : 77280.05934171572 
0006000124 (0087000123) : 77676.07918133447 
0023000125 (0006000124) : 78257.20914379283 
0056000126 (0023000125) : 78493.50449236894 
0038000127 (0056000126) : 79015.8221739395 
0070000128 (0038000127) : 79098.35436780365 
0014000129 (0070000128) : 79557.110618505 
0069000130 (0014000129) : 79939.7726524831 
0088000131 (0069000130) : 80546.08207731384 
0072000132 (0088000131) : 80654.55651300681 
0074000133 (0072000132) : 80803.75752174629 
0024000134 (0074000133) : 81735.8819637921 
0073000135 (0024000134) : 81927.06136996887 
0070000136 (0073000135) : 82676.56597940988 
0098000137 (0070000136) : 82732.13715991059 
0013000138 (0098000137) : 82921.31687979556 
0023000139 (0013000138) : 83323.64367339296 
0096000140 (0023000139) : 83799.022484768 
0033000141 (0096000140) : 84445.50193489878 
0030000142 (0033000141) : 84864.35699178957 
0009000143 (0030000142) : 85436.0713638083 
0042000144 (0009000143) : 85533.23792000255 
0018000145 (0042000144) : 85910.40965601432 
0063000146 (0018000145) : 86117.98817586758 
0014000147 (0063000146) : 86466.39293413144 
0026000148 (0014000147) : 89028.90856714023 
0002000149 (0026000148) : 89515.06471365548 
0016000150 (0002000149) : 89836.51064279395 
0044000151 (0016000150) : 89867.6068469336 
0099000152 (0044000151) : 90619.52792668418 
0001000153 (0099000152) : 90919.80979453376 
0058000154 (0001000153) : 90983.36028046564 
0096000155 (0058000154) : 91391.56312891336 
0023000156 (0096000155) : 93325.79928763746 
0053000157 (0023000156) : 93431.51880242786 
0085000158 (0053000157) : 93652.13404382633 
0043000159 (0085000158) : 94009.0919467155 
0067000160 (0043000159) : 94220.44454728547 
0085000161 (0067000160) : 95333.42312924097 
0029000162 (0085000161) : 95866.11748213836 
0067000163 (0029000162) : 96849.61171146006 
0032000164 (0067000163) : 97030.02412925004 
0001000165 (0032000164) : 98896.33066598963 
0002000166 (0001000165) : 99635.6853591458 
0023000167 (0002000166) : 99826.65621335738 
