0000000000 (genesis block) : 0 
0023000001 (0000000000) : 382.99422702968576 
0072000002 (0023000001) : 693.3381669115992 
0025000003 (0072000002) : 1164.4137058112813 
0076000004 (0025000003) : 1307.0876849136184 
0003000005 (0076000004) : 1808.3843852298392 
0035000006 (0003000005) : 2647.691912712414 
0010000007 (0035000006) : 3066.5343860600833 
0026000008 (0010000007) : 3081.9959148755015 
0048000009 (0026000008) : 3308.0175427446497 
0022000010 (0048000009) : 3550.1414025611634 
0031000011 (0022000010) : 4288.157357388032 
0045000012 (0031000011) : 5127.121849089824 
0086000013 (0045000012) : 6638.924790822536 
0050000014 (0086000013) : 7432.12446599888 
0078000015 (0050000014) : 7682.436514867155 
0049000016 (0078000015) : 7713.763860837572 
0087000017 (0049000016) : 8129.754635699071 
0000000018 (0087000017) : 8462.388828845335 
0009000019 (0000000018) : 8836.818243852116 
0016000020 (0009000019) : 9080.728808644168 
0063000021 (0016000020) : 10088.733528183582 
0023000022 (0063000021) : 10419.291331197946 
0092000023 (0023000022) : 10470.286174319506 
0061000024 (0092000023) : 10550.62035200623 
0017000025 (0061000024) : 10806.385959955518 
0088000026 (0017000025) : 11452.292243826723 
0023000027 (0088000026) : 11960.279408507127 
0001000028 (0023000027) : 12269.763044028123 
0030000029 (0001000028) : 14501.252526790238 
0040000030 (0030000029) : 15673.781649289229 
0071000031 (0040000030) : 16869.666882667832 
0023000032 (0071000031) : 17121.854289425333 
0024000033 (0023000032) : 17595.511515535076 
0095000034 (0024000033) : 18244.068741166935 
0088000035 (0095000034) : 19221.530276031724 
0018000036 (0088000035) : 20304.116874377094 
0038000037 (0018000036) : 20351.756330672528 
0080000038 (0038000037) : 20753.20305340608 
0074000039 (0080000038) : 21055.974568093337 
0090000040 (0074000039) : 21209.94152377691 
0080000041 (0090000040) : 22284.66497568748 
0099000042 (0080000041) : 22644.857782252904 
0060000043 (0099000042) : 26117.528721207986 
0012000044 (0060000043) : 26871.840403534872 
0023000045 (0012000044) : 27437.140589536975 
0089000046 (0023000045) : 27597.90802075886 
0004000047 (0089000046) : 28641.68137016025 
0093000048 (0004000047) : 29340.135750276655 
0023000049 (0093000048) : 29729.98406269151 
0076000050 (0023000049) : 30331.56396271277 
0032000051 (0076000050) : 31104.438535041623 
0023000052 (0032000051) : 32641.555605423524 
0074000053 (0023000052) : 32659.41302346862 
0042000054 (0074000053) : 34280.962743588156 
0097000055 (0042000054) : 34655.64044997659 
0038000056 (0097000055) : 34788.29827371296 
0035000057 (0038000056) : 34853.8942471983 
0071000058 (0035000057) : 35066.90363559476 
0068000059 (0071000058) : 35917.064076869196 
0018000060 (0068000059) : 36140.40164606813 
0040000061 (0018000060) : 36401.94534456071 
0075000062 (0040000061) : 38032.3329190001 
0017000063 (0075000062) : 38107.42191741161 
0032000064 (0017000063) : 38167.93782892904 
0080000065 (0032000064) : 39058.879331864795 
0012000066 (0080000065) : 40060.96418644105 
0073000067 (0012000066) : 42129.37740250022 
0058000068 (0073000067) : 42664.27432272337 
0047000069 (0058000068) : 43189.39130560885 
0081000070 (0047000069) : 44595.84571362393 
0011000071 (0081000070) : 45334.94282999506 
0049000072 (0011000071) : 45453.47426218867 
0023000073 (0049000072) : 46755.58370212875 
0049000074 (0023000073) : 47969.308613431975 
0093000075 (0049000074) : 48708.69953643486 
0028000076 (0093000075) : 49126.606256996 
0023000077 (0028000076) : 49668.3119573246 
0076000078 (0023000077) : 50014.52892489314 
0014000079 (0076000078) : 50020.97504251488 
0060000080 (0014000079) : 50263.84037897411 
0010000081 (0060000080) : 50360.535457592574 
0045000082 (0010000081) : 50501.5702275508 
0055000083 (0045000082) : 53776.704808921444 
0053000084 (0055000083) : 53903.226329158635 
0079000085 (0053000084) : 54035.56894919199 
0023000086 (0079000085) : 54135.17967467512 
0081000087 (0023000086) : 56579.10246578177 
0022000088 (0081000087) : 56763.48127128303 
0030000089 (0022000088) : 57298.15718313768 
0023000090 (0030000089) : 58171.32094583451 
0037000091 (0023000090) : 58181.845426565786 
0039000092 (0037000091) : 58506.7328010745 
0043000093 (0039000092) : 58969.132640741525 
0045000094 (0043000093) : 59060.78714529149 
0089000095 (0045000094) : 59684.83787134521 
0039000096 (0089000095) : 60226.504657930294 
0083000097 (0039000096) : 61737.92034235089 
0093000098 (0083000097) : 62032.247295517 
0091000099 (0093000098) : 62153.50243427009 
0041000100 (0091000099) : 62375.39167406594 
0022000101 (0041000100) : 62387.794950933494 
0035000102 (0022000101) : 62820.14189958454 
0026000103 (0035000102) : 63309.186675044126 
0023000104 (0026000103) : 64190.7159243009 
0085000105 (0023000104) : 64400.97679465131 
0081000106 (0085000105) : 64428.29588011789 
0050000107 (0081000106) : 65228.898904483714 
0037000108 (0050000107) : 65298.93409818016 
0059000109 (0037000108) : 67367.10548350336 
0031000110 (0059000109) : 68927.79199856528 
0049000111 (0031000110) : 69454.36799760899 
0045000112 (0049000111) : 69458.55337339651 
0018000113 (0045000112) : 69646.54190999123 
0023000114 (0018000113) : 70277.74598343203 
0096000115 (0023000114) : 70320.17524592992 
0011000116 (0096000115) : 70597.88290499094 
0098000117 (0011000116) : 71496.7523949666 
0077000118 (0098000117) : 72498.7597425941 
0040000119 (0077000118) : 72499.74652759697 
0084000120 (0040000119) : 73616.37858637444 
0090000121 (0084000120) : 73830.69106283148 
0001000122 (0090000121) : 74472.49294349644 
0087000123 (0001000122) : 77280.3699243882 
0006000124 (0087000123) : 77676.32515172687 
0023000125 (0006000124) : 78256.93697777219 
0056000126 (0023000125) : 78493.08442674934 
0038000127 (0056000126) : 79015.990714839 
0070000128 (0038000127) : 79098.19536644047 
0014000129 (0070000128) : 79557.05879290734 
0069000130 (0014000129) : 79939.81951511576 
0088000131 (0069000130) : 80546.03324349475 
0072000132 (0088000131) : 80654.62383182421 
0074000133 (0072000132) : 80803.6773801872 
0024000134 (0074000133) : 81735.35022759999 
0073000135 (0024000134) : 81926.91393229546 
0070000136 (0073000135) : 82676.40766624363 
0098000137 (0070000136) : 82732.14060500702 
0013000138 (0098000137) : 82921.33872122066 
0023000139 (0013000138) : 83323.3762629042 
0096000140 (0023000139) : 83798.6926117666 
0033000141 (0096000140) : 84445.57675765557 
0030000142 (0033000141) : 84864.72873872326 
0009000143 (0030000142) : 85436.24790501008 
0042000144 (0009000143) : 85533.00652434559 
0018000145 (0042000144) : 85910.4652461983 
0063000146 (0018000145) : 86117.84419195587 
0014000147 (0063000146) : 86466.34298013234 
0026000148 (0014000147) : 89028.71401727304 
0002000149 (0026000148) : 89515.49581505192 
0016000150 (0002000149) : 89836.67917094057 
0044000151 (0016000150) : 89868.16997040957 
0099000152 (0044000151) : 90619.92373222366 
0001000153 (0099000152) : 90920.02974355004 
0058000154 (0001000153) : 90983.10132522021 
0096000155 (0058000154) : 91391.23895850396 
0023000156 (0096000155) : 93325.5286512565 
0053000157 (0023000156) : 93431.142567445 
0085000158 (0053000157) : 93652.0089980172 
0043000159 (0085000158) : 94009.29918516234 
0067000160 (0043000159) : 94220.36439161345 
0085000161 (0067000160) : 95333.29681320711 
0029000162 (0085000161) : 95866.06399649696 
0067000163 (0029000162) : 96849.53110651612 
0032000164 (0067000163) : 97030.42013736015 
0001000165 (0032000164) : 98896.54963984531 
0002000166 (0001000165) : 99636.11416132585 
0023000167 (0002000166) : 99826.38344580588 
