0000000000 (genesis block) : 0 
0023000001 (0000000000) : 383.1554882557922 
0072000002 (0023000001) : 693.1891271725057 
0025000003 (0072000002) : 1164.1219152067674 
0076000004 (0025000003) : 1307.263293363003 
0003000005 (0076000004) : 1808.6545761252141 
0035000006 (0003000005) : 2647.5583311537603 
0010000007 (0035000006) : 3066.5897479937753 
0026000008 (0010000007) : 3082.0784393841886 
0048000009 (0026000008) : 3307.788719578946 
0022000010 (0048000009) : 3549.6812629084666 
0031000011 (0022000010) : 4288.111138251651 
0045000012 (0031000011) : 5127.221403813264 
0086000013 (0045000012) : 6639.049504895468 
0050000014 (0086000013) : 7432.209833732366 
0078000015 (0050000014) : 7682.401562654337 
0049000016 (0078000015) : 7714.026668471681 
0087000017 (0049000016) : 8129.385980618797 
0000000018 (0087000017) : 8462.470745457424 
0009000019 (0000000018) : 8836.688272292846 
0016000020 (0009000019) : 9080.661737251075 
0063000021 (0016000020) : 10088.818757995326 
0023000022 (0063000021) : 10419.454562755593 
0092000023 (0023000022) : 10470.374420156182 
0061000024 (0092000023) : 10550.80071960953 
0017000025 (0061000024) : 10806.094392583238 
0088000026 (0017000025) : 11452.233154483994 
0023000027 (0088000026) : 11960.436893817348 
0001000028 (0023000027) : 12269.437468503284 
0030000029 (0001000028) : 14500.826675472568 
0040000030 (0030000029) : 15673.688192230948 
0071000031 (0040000030) : 16869.597965261102 
0023000032 (0071000031) : 17122.01325263783 
0024000033 (0023000032) : 17595.98222130553 
0095000034 (0024000033) : 18244.57463320464 
0088000035 (0095000034) : 19221.474592569706 
0018000036 (0088000035) : 20303.955310650996 
0038000037 (0018000036) : 20351.57326122316 
0080000038 (0038000037) : 20753.014754565324 
0074000039 (0080000038) : 21056.14691897693 
0090000040 (0074000039) : 21209.919613509006 
0080000041 (0090000040) : 22284.477473063103 
0099000042 (0080000041) : 22644.39885618397 
0060000043 (0099000042) : 26117.789898355048 
0012000044 (0060000043) : 26871.37801642392 
0023000045 (0012000044) : 27437.305735380756 
0089000046 (0023000045) : 27598.08475367363 
0004000047 (0089000046) : 28641.238521251562 
0093000048 (0004000047) : 29340.213355946988 
0023000049 (0093000048) : 29730.146946412522 
0076000050 (0023000049) : 30331.73745852611 
0032000051 (0076000050) : 31103.98219712298 
0023000052 (0032000051) : 32641.725551189327 
0074000053 (0023000052) : 32659.579290103135 
0042000054 (0074000053) : 34281.085203766816 
0097000055 (0042000054) : 34655.905340971396 
0038000056 (0097000055) : 34788.10453876544 
0035000057 (0038000056) : 34853.76026835212 
0071000058 (0035000057) : 35066.83711157661 
0068000059 (0071000058) : 35916.96261763465 
0018000060 (0068000059) : 36140.23674570669 
0040000061 (0018000060) : 36401.85803548423 
0075000062 (0040000061) : 38032.45583536239 
0017000063 (0075000062) : 38107.13201073285 
0032000064 (0017000063) : 38167.48009971669 
0080000065 (0032000064) : 39058.693449579776 
0012000066 (0080000065) : 40060.50681455761 
0073000067 (0012000066) : 42129.57578476775 
0058000068 (0073000067) : 42664.47356015523 
0047000069 (0058000068) : 43189.33434800361 
0081000070 (0047000069) : 44595.91628669644 
0011000071 (0081000070) : 45334.89708629819 
0049000072 (0011000071) : 45453.7361890161 
0023000073 (0049000072) : 46755.746043546984 
0049000074 (0023000073) : 47969.574078662336 
0093000075 (0049000074) : 48708.782220993344 
0028000076 (0093000075) : 49126.56543623366 
0023000077 (0028000076) : 49668.47747828561 
0076000078 (0023000077) : 50014.702191450975 
0014000079 (0076000078) : 50020.915244818185 
0060000080 (0014000079) : 50264.10290039707 
0010000081 (0060000080) : 50360.58904404061 
0045000082 (0010000081) : 50501.6684581596 
0055000083 (0045000082) : 53776.64734014528 
0053000084 (0055000083) : 53903.689093848814 
0079000085 (0053000084) : 54035.73735990586 
0023000086 (0079000085) : 54135.34445826896 
0081000087 (0023000086) : 56579.17810582541 
0022000088 (0081000087) : 56763.02366895463 
0030000089 (0022000088) : 57297.73254643689 
0023000090 (0030000089) : 58171.48398913851 
0037000091 (0023000090) : 58181.900422178456 
0039000092 (0037000091) : 58506.585683879435 
0043000093 (0039000092) : 58968.862164142854 
0045000094 (0043000093) : 59060.891290153195 
0089000095 (0045000094) : 59685.0136133595 
0039000096 (0089000095) : 60226.35309202418 
0083000097 (0039000096) : 61737.72666326533 
0093000098 (0083000097) : 62032.325898436975 
0091000099 (0093000098) : 62153.37261043799 
0041000100 (0091000099) : 62375.33653413566 
0022000101 (0041000100) : 62387.33320672302 
0035000102 (0022000101) : 62820.00723061834 
0026000103 (0035000102) : 63309.272049042396 
0023000104 (0026000103) : 64190.882772464975 
0085000105 (0023000104) : 64400.994288669775 
0081000106 (0085000105) : 64428.3723002723 
0050000107 (0081000106) : 65228.98531789221 
0037000108 (0050000107) : 65298.98650362018 
0059000109 (0037000108) : 67367.28352206793 
0031000110 (0059000109) : 68927.74310102292 
0049000111 (0031000110) : 69454.63290535957 
0045000112 (0049000111) : 69458.65359659574 
0018000113 (0045000112) : 69646.37740025812 
0023000114 (0018000113) : 70277.90907676007 
0096000115 (0023000114) : 70320.44036611872 
0011000116 (0096000115) : 70597.84568080294 
0098000117 (0011000116) : 71496.7090313165 
0077000118 (0098000117) : 72499.14421685258 
0040000119 (0077000118) : 72499.65740856153 
0084000120 (0040000119) : 73616.719925451 
0090000121 (0084000120) : 73830.66205879244 
0001000122 (0090000121) : 74472.16776010774 
0087000123 (0001000122) : 77280.00010812806 
0006000124 (0087000123) : 77676.05109954732 
0023000125 (0006000124) : 78257.1009029237 
0056000126 (0023000125) : 78493.39676827838 
0038000127 (0056000126) : 79015.79544708534 
0070000128 (0038000127) : 79098.29495159662 
0014000129 (0070000128) : 79557.00375195853 
0069000130 (0014000129) : 79939.66643819242 
0088000131 (0069000130) : 80545.97579558646 
0072000132 (0088000131) : 80654.47318604426 
0074000133 (0072000132) : 80803.84821690743 
0024000134 (0074000133) : 81735.82334198494 
0073000135 (0024000134) : 81927.10890695345 
0070000136 (0073000135) : 82676.50503950451 
0098000137 (0070000136) : 82732.09967514624 
0013000138 (0098000137) : 82921.20740749923 
0023000139 (0013000138) : 83323.53766509535 
0096000140 (0023000139) : 83798.95900353728 
0033000141 (0096000140) : 84445.39104623417 
0030000142 (0033000141) : 84864.29770009803 
0009000143 (0030000142) : 85436.12641112023 
0042000144 (0009000143) : 85533.13122971727 
0018000145 (0042000144) : 85910.3008801483 
0063000146 (0018000145) : 86117.93164062174 
0014000147 (0063000146) : 86466.28650976387 
0026000148 (0014000147) : 89028.79484794513 
0002000149 (0026000148) : 89515.03876032968 
0016000150 (0002000149) : 89836.61077533649 
0044000151 (0016000150) : 89867.71306388506 
0099000152 (0044000151) : 90619.46661408285 
0001000153 (0099000152) : 90919.70139942043 
0058000154 (0001000153) : 90983.30023443629 
0096000155 (0058000154) : 91391.5020347745 
0023000156 (0096000155) : 93325.69188632038 
0053000157 (0023000156) : 93431.607594263 
0085000158 (0053000157) : 93652.0263539069 
0043000159 (0085000158) : 94009.03079437469 
0067000160 (0043000159) : 94220.53967262199 
0085000161 (0067000160) : 95333.31423348986 
0029000162 (0085000161) : 95866.06310380781 
0067000163 (0029000162) : 96849.70622819167 
0032000164 (0067000163) : 97029.96298684656 
0001000165 (0032000164) : 98896.22376990401 
0002000166 (0001000165) : 99635.65715593548 
0023000167 (0002000166) : 99826.54993985328 
