0000000000 (genesis block) : 0 
0023000001 (0000000000) : 383.16394034943863 
0072000002 (0023000001) : 693.4192677512366 
0025000003 (0072000002) : 1164.3321037731685 
0076000004 (0025000003) : 1307.3470009404282 
0003000005 (0076000004) : 1808.5658973155546 
0035000006 (0003000005) : 2647.6108819882734 
0010000007 (0035000006) : 3066.7658650318253 
0026000008 (0010000007) : 3082.1611419040314 
0048000009 (0026000008) : 3308.3103927431703 
0022000010 (0048000009) : 3550.114178924913 
0031000011 (0022000010) : 4287.945847646838 
0045000012 (0031000011) : 5127.038938091292 
0086000013 (0045000012) : 6639.159285604551 
0050000014 (0086000013) : 7431.954951198519 
0078000015 (0050000014) : 7682.633316000173 
0049000016 (0078000015) : 7714.026274273341 
0087000017 (0049000016) : 8129.672435387705 
0000000018 (0087000017) : 8462.553551099847 
0009000019 (0000000018) : 8836.569322280786 
0016000020 (0009000019) : 9080.696326486373 
0063000021 (0016000020) : 10088.864201926448 
0023000022 (0063000021) : 10419.45892879827 
0092000023 (0023000022) : 10470.604346397253 
0061000024 (0092000023) : 10550.74151229619 
0017000025 (0061000024) : 10806.302203787776 
0088000026 (0017000025) : 11452.414207250624 
0023000027 (0088000026) : 11960.44763498802 
0001000028 (0023000027) : 12269.62903952773 
0030000029 (0001000028) : 14501.172269999097 
0040000030 (0030000029) : 15673.697834298182 
0071000031 (0040000030) : 16869.528134540717 
0023000032 (0071000031) : 17122.021514731437 
0024000033 (0023000032) : 17596.066296773 
0095000034 (0024000033) : 18244.622228321212 
0088000035 (0095000034) : 19221.65351411915 
0018000036 (0088000035) : 20304.238723237297 
0038000037 (0018000036) : 20351.781598133042 
0080000038 (0038000037) : 20753.2656955907 
0074000039 (0080000038) : 21055.813162108185 
0090000040 (0074000039) : 21209.957388303512 
0080000041 (0090000040) : 22284.728728380884 
0099000042 (0080000041) : 22644.979516000258 
0060000043 (0099000042) : 26117.85297065055 
0012000044 (0060000043) : 26871.961338753055 
0023000045 (0012000044) : 27437.30997829639 
0089000046 (0023000045) : 27598.034017719096 
0004000047 (0089000046) : 28641.51031751353 
0093000048 (0004000047) : 29340.280119036528 
0023000049 (0093000048) : 29730.153012337425 
0076000050 (0023000049) : 30331.823284322414 
0032000051 (0076000050) : 31104.520690715097 
0023000052 (0032000051) : 32641.725218434516 
0074000053 (0023000052) : 32659.243135600176 
0042000054 (0074000053) : 34281.17336498111 
0097000055 (0042000054) : 34656.11428333497 
0038000056 (0097000055) : 34788.31702827089 
0035000057 (0038000056) : 34853.812745027455 
0071000058 (0035000057) : 35066.7685874734 
0068000059 (0071000058) : 35916.89524091893 
0018000060 (0068000059) : 36140.522482639106 
0040000061 (0018000060) : 36401.86405763624 
0075000062 (0040000061) : 38032.580272946776 
0017000063 (0075000062) : 38107.33936666926 
0032000064 (0017000063) : 38168.023620715714 
0080000065 (0032000064) : 39058.942746488574 
0012000066 (0080000065) : 40061.087980350094 
0073000067 (0012000066) : 42129.16795457213 
0058000068 (0073000067) : 42664.5063378138 
0047000069 (0058000068) : 43189.51210960965 
0081000070 (0047000069) : 44595.76178581914 
0011000071 (0081000070) : 45334.85816287179 
0049000072 (0011000071) : 45453.73197434444 
0023000073 (0049000072) : 46755.75229845163 
0049000074 (0023000073) : 47969.57535286811 
0093000075 (0049000074) : 48708.838099604516 
0028000076 (0093000075) : 49126.741299183755 
0023000077 (0028000076) : 49668.47789590804 
0076000078 (0023000077) : 50014.78922584935 
0014000079 (0076000078) : 50021.093524162665 
0060000080 (0014000079) : 50264.16510162679 
0010000081 (0060000080) : 50360.763392594185 
0045000082 (0010000081) : 50501.48827722218 
0055000083 (0045000082) : 53776.55046300058 
0053000084 (0055000083) : 53903.43361928734 
0079000085 (0053000084) : 54035.74161312338 
0023000086 (0079000085) : 54135.35126234226 
0081000087 (0023000086) : 56579.01938666383 
0022000088 (0081000087) : 56763.458786134186 
0030000089 (0022000088) : 57298.07391213409 
0023000090 (0030000089) : 58171.495972491255 
0037000091 (0023000090) : 58181.99748916519 
0039000092 (0037000091) : 58506.81911871693 
0043000093 (0039000092) : 58969.051898919424 
0045000094 (0043000093) : 59060.70622922633 
0089000095 (0045000094) : 59684.96346165828 
0039000096 (0089000095) : 60226.58514169747 
0083000097 (0039000096) : 61737.936857965105 
0093000098 (0083000097) : 62032.3826685364 
0091000099 (0093000098) : 62153.25369247673 
0041000100 (0091000099) : 62375.73251492045 
0022000101 (0041000100) : 62387.76757310216 
0035000102 (0022000101) : 62820.06383637631 
0026000103 (0035000102) : 63309.35148859598 
0023000104 (0026000103) : 64190.88907978253 
0085000105 (0023000104) : 64401.224125397835 
0081000106 (0085000105) : 64428.21356034157 
0050000107 (0081000106) : 65228.73196094987 
0037000108 (0050000107) : 65299.083869665534 
0059000109 (0037000108) : 67367.22316695777 
0031000110 (0059000109) : 68927.57946074783 
0049000111 (0031000110) : 69454.62798836619 
0045000112 (0049000111) : 69458.4727759053 
0018000113 (0045000112) : 69646.66605657506 
0023000114 (0018000113) : 70277.91548913733 
0096000115 (0023000114) : 70320.43708508696 
0011000116 (0096000115) : 70597.80274197889 
0098000117 (0011000116) : 71496.66747355883 
0077000118 (0098000117) : 72498.93926411313 
0040000119 (0077000118) : 72499.6640727478 
0084000120 (0040000119) : 73616.92897686665 
0090000121 (0084000120) : 73830.70283439197 
0001000122 (0090000121) : 74472.35783568019 
0087000123 (0001000122) : 77280.28774054234 
0006000124 (0087000123) : 77676.40812418309 
0023000125 (0006000124) : 78257.10871977109 
0056000126 (0023000125) : 78493.31667891536 
0038000127 (0056000126) : 79016.00264767506 
0070000128 (0038000127) : 79098.3902877588 
0014000129 (0070000128) : 79557.18174504652 
0069000130 (0014000129) : 79939.77158181548 
0088000131 (0069000130) : 80546.15302828768 
0072000132 (0088000131) : 80654.7043276302 
0074000133 (0072000132) : 80803.51543325168 
0024000134 (0074000133) : 81735.90345958139 
0073000135 (0024000134) : 81926.70340234546 
0070000136 (0073000135) : 82676.60211731114 
0098000137 (0070000136) : 82732.05722270878 
0013000138 (0098000137) : 82921.09209229438 
0023000139 (0013000138) : 83323.54473436644 
0096000140 (0023000139) : 83798.95751859016 
0033000141 (0096000140) : 84445.6965785837 
0030000142 (0033000141) : 84864.64442782529 
0009000143 (0030000142) : 85436.00062063143 
0042000144 (0009000143) : 85533.2204591325 
0018000145 (0042000144) : 85910.5906348827 
0063000146 (0018000145) : 86117.96987790025 
0014000147 (0063000146) : 86466.46560732149 
0026000148 (0014000147) : 89028.87595868782 
0002000149 (0026000148) : 89515.62372507312 
0016000150 (0002000149) : 89836.64537633819 
0044000151 (0016000150) : 89868.26329517837 
0099000152 (0044000151) : 90620.04742382531 
0001000153 (0099000152) : 90919.8918059866 
0058000154 (0001000153) : 90983.3330305505 
0096000155 (0058000154) : 91391.5071418409 
0023000156 (0096000155) : 93325.69844797236 
0053000157 (0023000156) : 93431.35433305168 
0085000158 (0053000157) : 93652.25970719101 
0043000159 (0085000158) : 94009.21752062454 
0067000160 (0043000159) : 94220.26198064626 
0085000161 (0067000160) : 95333.5477658307 
0029000162 (0085000161) : 95866.04526737369 
0067000163 (0029000162) : 96849.43280100796 
0032000164 (0067000163) : 97030.50976375033 
0001000165 (0032000164) : 98896.41360748473 
0002000166 (0001000165) : 99636.2386012698 
0023000167 (0002000166) : 99826.55538571281 
