0000000000 (genesis block) : 0 
0023000001 (0000000000) : 383.11510931528267 
0072000002 (0023000001) : 693.2031098943584 
0025000003 (0072000002) : 1164.4427281385754 
0076000004 (0025000003) : 1307.3161163089633 
0003000005 (0076000004) : 1808.735043123005 
0035000006 (0003000005) : 2647.7799021066794 
0010000007 (0035000006) : 3066.599998775575 
0026000008 (0010000007) : 3082.1110359947966 
0048000009 (0026000008) : 3308.0628031013284 
0022000010 (0048000009) : 3550.003593599662 
0031000011 (0022000010) : 4288.1390243355245 
0045000012 (0031000011) : 5127.208616371598 
0086000013 (0045000012) : 6639.100317336126 
0050000014 (0086000013) : 7432.125881907853 
0078000015 (0050000014) : 7682.3001833983735 
0049000016 (0078000015) : 7713.737395212178 
0087000017 (0049000016) : 8129.658095522902 
0000000018 (0087000017) : 8462.425814916745 
0009000019 (0000000018) : 8836.78330934694 
0016000020 (0009000019) : 9080.882519780496 
0063000021 (0016000020) : 10088.963003618914 
0023000022 (0063000021) : 10419.410189390686 
0092000023 (0023000022) : 10470.273166029463 
0061000024 (0092000023) : 10550.913391901853 
0017000025 (0061000024) : 10806.413095895625 
0088000026 (0017000025) : 11452.55365462625 
0023000027 (0088000026) : 11960.3996055893 
0001000028 (0023000027) : 12269.579439026571 
0030000029 (0001000028) : 14501.098922119489 
0040000030 (0030000029) : 15673.647261859303 
0071000031 (0040000030) : 16869.73930262206 
0023000032 (0071000031) : 17121.972203482674 
0024000033 (0023000032) : 17595.984434854476 
0095000034 (0024000033) : 18244.573516458793 
0088000035 (0095000034) : 19221.79759867189 
0018000036 (0088000035) : 20304.27492397916 
0038000037 (0018000036) : 20351.56801407549 
0080000038 (0038000037) : 20752.696972862217 
0074000039 (0080000038) : 21056.00392828446 
0090000040 (0074000039) : 21209.793646295217 
0080000041 (0090000040) : 22284.15827852287 
0099000042 (0080000041) : 22644.671967242346 
0060000043 (0099000042) : 26117.87440135613 
0012000044 (0060000043) : 26871.65034470641 
0023000045 (0012000044) : 27437.259842774194 
0089000046 (0023000045) : 27598.1404869348 
0004000047 (0089000046) : 28641.55860310805 
0093000048 (0004000047) : 29340.22873156709 
0023000049 (0093000048) : 29730.103339926198 
0076000050 (0023000049) : 30331.789734114347 
0032000051 (0076000050) : 31104.25267213007 
0023000052 (0032000051) : 32641.676008038416 
0074000053 (0023000052) : 32659.434630127307 
0042000054 (0074000053) : 34281.09373340389 
0097000055 (0042000054) : 34655.98697859543 
0038000056 (0097000055) : 34788.10333550015 
0035000057 (0038000056) : 34853.98076090588 
0071000058 (0035000057) : 35066.97850786328 
0068000059 (0071000058) : 35916.84464369501 
0018000060 (0068000059) : 36140.555772198204 
0040000061 (0018000060) : 36401.815610302125 
0075000062 (0040000061) : 38032.622394542166 
0017000063 (0075000062) : 38107.4505879821 
0032000064 (0017000063) : 38167.75207853513 
0080000065 (0032000064) : 39058.37049076889 
0012000066 (0080000065) : 40060.78010246265 
0073000067 (0012000066) : 42129.35921683141 
0058000068 (0073000067) : 42664.70908462898 
0047000069 (0058000068) : 43189.65037758168 
0081000070 (0047000069) : 44595.92938127971 
0011000071 (0081000070) : 45335.02882746181 
0049000072 (0011000071) : 45453.44514710279 
0023000073 (0049000072) : 46755.70350688744 
0049000074 (0023000073) : 47969.28719919294 
0093000075 (0049000074) : 48708.787151616154 
0028000076 (0093000075) : 49126.691543364956 
0023000077 (0028000076) : 49668.428415458315 
0076000078 (0023000077) : 50014.75807329696 
0014000079 (0076000078) : 50021.23566926761 
0060000080 (0014000079) : 50264.18522027442 
0010000081 (0060000080) : 50360.599410504234 
0045000082 (0010000081) : 50501.657528154516 
0055000083 (0045000082) : 53776.7613311756 
0053000084 (0055000083) : 53903.60389537936 
0079000085 (0053000084) : 54035.78612682517 
0023000086 (0079000085) : 54135.30265451203 
0081000087 (0023000086) : 56579.18933240599 
0022000088 (0081000087) : 56763.34099103199 
0030000089 (0022000088) : 57298.00618230642 
0023000090 (0030000089) : 58171.44247492194 
0037000091 (0023000090) : 58182.03649018996 
0039000092 (0037000091) : 58506.597898667285 
0043000093 (0039000092) : 58969.10205583747 
0045000094 (0043000093) : 59060.87805972465 
0089000095 (0045000094) : 59685.06928646176 
0039000096 (0089000095) : 60226.369495241524 
0083000097 (0039000096) : 61737.725955893366 
0093000098 (0083000097) : 62032.33416650737 
0091000099 (0093000098) : 62153.46335210503 
0041000100 (0091000099) : 62375.658263064084 
0022000101 (0041000100) : 62387.65371010264 
0035000102 (0022000101) : 62820.23210658295 
0026000103 (0035000102) : 63309.30185861256 
0023000104 (0026000103) : 64190.837997309005 
0085000105 (0023000104) : 64400.827424726675 
0081000106 (0085000105) : 64428.38393461932 
0050000107 (0081000106) : 65228.90128720847 
0037000108 (0050000107) : 65299.121633481765 
0059000109 (0037000108) : 67367.39431547948 
0031000110 (0059000109) : 68927.77191671124 
0049000111 (0031000110) : 69454.3406017124 
0045000112 (0049000111) : 69458.64169380508 
0018000113 (0045000112) : 69646.69500551511 
0023000114 (0018000113) : 70277.86701389462 
0096000115 (0023000114) : 70320.521845686 
0011000116 (0096000115) : 70597.9708744391 
0098000117 (0011000116) : 71496.83840319063 
0077000118 (0098000117) : 72499.13162325749 
0040000119 (0077000118) : 72499.6149858508 
0084000120 (0040000119) : 73616.72183925053 
0090000121 (0084000120) : 73830.53960526425 
0001000122 (0090000121) : 74472.30863897808 
0087000123 (0001000122) : 77280.27171283033 
0006000124 (0087000123) : 77676.04927299714 
0023000125 (0006000124) : 78257.05666344124 
0056000126 (0023000125) : 78493.40874220182 
0038000127 (0056000126) : 79015.79666907783 
0070000128 (0038000127) : 79098.42797566019 
0014000129 (0070000128) : 79557.32326069982 
0069000130 (0014000129) : 79939.67903650046 
0088000131 (0069000130) : 80546.29588914834 
0072000132 (0088000131) : 80654.48842190225 
0074000133 (0072000132) : 80803.70564502884 
0024000134 (0074000133) : 81735.82457893886 
0073000135 (0024000134) : 81926.89538070555 
0070000136 (0073000135) : 82676.64191941278 
0098000137 (0070000136) : 82732.22620152602 
0013000138 (0098000137) : 82921.21285279807 
0023000139 (0013000138) : 83323.49466017282 
0096000140 (0023000139) : 83799.03933738038 
0033000141 (0096000140) : 84445.70877439849 
0030000142 (0033000141) : 84864.56857955013 
0009000143 (0030000142) : 85436.21098801758 
0042000144 (0009000143) : 85533.1418621818 
0018000145 (0042000144) : 85910.62125160992 
0063000146 (0018000145) : 86118.07126350925 
0014000147 (0063000146) : 86466.60709596187 
0026000148 (0014000147) : 89028.8271035171 
0002000149 (0026000148) : 89515.277828669 
0016000150 (0002000149) : 89836.83432168492 
0044000151 (0016000150) : 89867.9523976529 
0099000152 (0044000151) : 90619.74097733226 
0001000153 (0099000152) : 90919.84329542579 
0058000154 (0001000153) : 90983.54205880297 
0096000155 (0058000154) : 91391.5850671848 
0023000156 (0096000155) : 93325.65242136782 
0053000157 (0023000156) : 93431.52736186325 
0085000158 (0053000157) : 93651.8596983031 
0043000159 (0085000158) : 94009.27360929357 
0067000160 (0043000159) : 94220.45470860161 
0085000161 (0067000160) : 95333.14812645971 
0029000162 (0085000161) : 95866.07470477757 
0067000163 (0029000162) : 96849.61949280403 
0032000164 (0067000163) : 97030.23703321574 
0001000165 (0032000164) : 98896.3627597243 
0002000166 (0001000165) : 99635.89645124202 
0023000167 (0002000166) : 99826.50481223993 
