0000000000 (genesis block) : 0 
0023000001 (0000000000) : 383.0728792273102 
0072000002 (0023000001) : 693.1946758173749 
0025000003 (0072000002) : 1164.2180955590893 
0076000004 (0025000003) : 1306.8926184991592 
0003000005 (0076000004) : 1808.3796942828915 
0035000006 (0003000005) : 2647.4970761313234 
0010000007 (0035000006) : 3066.7152716886912 
0026000008 (0010000007) : 3081.8005224467156 
0048000009 (0026000008) : 3308.1912999842343 
0022000010 (0048000009) : 3550.056389346973 
0031000011 (0022000010) : 4287.978268156369 
0045000012 (0031000011) : 5126.925494128458 
0086000013 (0045000012) : 6639.104762566261 
0050000014 (0086000013) : 7432.017662638584 
0078000015 (0050000014) : 7682.498828599954 
0049000016 (0078000015) : 7713.570893030839 
0087000017 (0049000016) : 8129.558831412182 
0000000018 (0087000017) : 8462.19401605617 
0009000019 (0000000018) : 8836.681927902553 
0016000020 (0009000019) : 9080.597410746812 
0063000021 (0016000020) : 10088.40292680008 
0023000022 (0063000021) : 10419.375380186382 
0092000023 (0023000022) : 10470.465572563051 
0061000024 (0092000023) : 10550.712646960035 
0017000025 (0061000024) : 10806.06346645319 
0088000026 (0017000025) : 11452.27768931484 
0023000027 (0088000026) : 11960.356609675782 
0001000028 (0023000027) : 12269.61918106866 
0030000029 (0001000028) : 14501.057021416987 
0040000030 (0030000029) : 15673.58478119568 
0071000031 (0040000030) : 16869.536297840965 
0023000032 (0071000031) : 17121.93412647789 
0024000033 (0023000032) : 17595.842476999504 
0095000034 (0024000033) : 18244.401088423823 
0088000035 (0095000034) : 19221.517207013472 
0018000036 (0088000035) : 20303.982101801736 
0038000037 (0018000036) : 20351.693409543237 
0080000038 (0038000037) : 20753.25815790554 
0074000039 (0080000038) : 21055.861814415086 
0090000040 (0074000039) : 21209.842027131097 
0080000041 (0090000040) : 22284.718317145405 
0099000042 (0080000041) : 22644.905577371745 
0060000043 (0099000042) : 26117.55182418767 
0012000044 (0060000043) : 26871.886164502896 
0023000045 (0012000044) : 27437.223315008116 
0089000046 (0023000045) : 27597.577438958902 
0004000047 (0089000046) : 28641.567807757292 
0093000048 (0004000047) : 29339.940760808127 
0023000049 (0093000048) : 29730.066392005276 
0076000050 (0023000049) : 30331.368952619134 
0032000051 (0076000050) : 31104.408433632278 
0023000052 (0032000051) : 32641.637712347023 
0074000053 (0023000052) : 32659.29556695227 
0042000054 (0074000053) : 34281.141134249585 
0097000055 (0042000054) : 34655.81367226969 
0038000056 (0097000055) : 34788.231037944184 
0035000057 (0038000056) : 34853.699276457584 
0071000058 (0035000057) : 35066.7748012747 
0068000059 (0071000058) : 35916.88121765717 
0018000060 (0068000059) : 36140.2616478015 
0040000061 (0018000060) : 36401.75208411418 
0075000062 (0040000061) : 38032.55586824931 
0017000063 (0075000062) : 38107.10578707061 
0032000064 (0017000063) : 38167.90950905176 
0080000065 (0032000064) : 39058.93205162521 
0012000066 (0080000065) : 40061.01466543611 
0073000067 (0012000066) : 42129.32743689852 
0058000068 (0073000067) : 42664.46430785845 
0047000069 (0058000068) : 43189.37790564857 
0081000070 (0047000069) : 44595.72911167507 
0011000071 (0081000070) : 45334.74193465013 
0049000072 (0011000071) : 45453.27455385352 
0023000073 (0049000072) : 46755.66973943748 
0049000074 (0023000073) : 47969.11653479398 
0093000075 (0049000074) : 48708.50427936722 
0028000076 (0093000075) : 49126.41165808523 
0023000077 (0028000076) : 49668.39174870427 
0076000078 (0023000077) : 50014.334795429866 
0014000079 (0076000078) : 50020.959332174156 
0060000080 (0014000079) : 50263.865365687554 
0010000081 (0060000080) : 50360.71415375265 
0045000082 (0010000081) : 50501.37345802363 
0055000083 (0045000082) : 53776.665640541 
0053000084 (0055000083) : 53903.40617545175 
0079000085 (0053000084) : 54035.79422416697 
0023000086 (0079000085) : 54135.26353440833 
0081000087 (0023000086) : 56578.99198724816 
0022000088 (0081000087) : 56763.40031231056 
0030000089 (0022000088) : 57297.958574140626 
0023000090 (0030000089) : 58171.40381311485 
0037000091 (0023000090) : 58181.754587417636 
0039000092 (0037000091) : 58506.73258102066 
0043000093 (0039000092) : 58969.064306330045 
0045000094 (0043000093) : 59060.59183653152 
0089000095 (0045000094) : 59684.50602700835 
0039000096 (0089000095) : 60226.49980019665 
0083000097 (0039000096) : 61737.85138276987 
0093000098 (0083000097) : 62032.051748822574 
0091000099 (0093000098) : 62153.38658438725 
0041000100 (0091000099) : 62375.37941221633 
0022000101 (0041000100) : 62387.71006265346 
0035000102 (0022000101) : 62819.94590210002 
0026000103 (0035000102) : 63308.99621451333 
0023000104 (0026000103) : 64190.802474283366 
0085000105 (0023000104) : 64401.08612325324 
0081000106 (0085000105) : 64428.18291113315 
0050000107 (0081000106) : 65228.78459053421 
0037000108 (0050000107) : 65298.84318724511 
0059000109 (0037000108) : 67367.19208006568 
0031000110 (0059000109) : 68927.61539056094 
0049000111 (0031000110) : 69454.1697139673 
0045000112 (0049000111) : 69458.35723166307 
0018000113 (0045000112) : 69646.40584028793 
0023000114 (0018000113) : 70277.83075795005 
0096000115 (0023000114) : 70320.20384282865 
0011000116 (0096000115) : 70597.68659455133 
0098000117 (0011000116) : 71496.55071057587 
0077000118 (0098000117) : 72499.08927296576 
0040000119 (0077000118) : 72499.55014619816 
0084000120 (0040000119) : 73616.629289325 
0090000121 (0084000120) : 73830.59068421045 
0001000122 (0090000121) : 74472.35341782446 
0087000123 (0001000122) : 77280.17344300613 
0006000124 (0087000123) : 77676.32189477414 
0023000125 (0006000124) : 78257.01884348763 
0056000126 (0023000125) : 78493.41585300598 
0038000127 (0056000126) : 79015.91604180072 
0070000128 (0038000127) : 79098.14543011927 
0014000129 (0070000128) : 79557.0463679959 
0069000130 (0014000129) : 79939.6878832148 
0088000131 (0069000130) : 80546.0177213547 
0072000132 (0088000131) : 80654.48048949619 
0074000133 (0072000132) : 80803.5642115002 
0024000134 (0074000133) : 81735.68134794969 
0073000135 (0024000134) : 81926.86657784504 
0070000136 (0073000135) : 82676.35711905838 
0098000137 (0070000136) : 82731.94253042145 
0013000138 (0098000137) : 82921.14715982598 
0023000139 (0013000138) : 83323.4595254904 
0096000140 (0023000139) : 83798.71843270712 
0033000141 (0096000140) : 84445.6676220982 
0030000142 (0033000141) : 84864.52931983687 
0009000143 (0030000142) : 85436.11684229384 
0042000144 (0009000143) : 85533.18856156018 
0018000145 (0042000144) : 85910.32775260911 
0063000146 (0018000145) : 86117.51272361308 
0014000147 (0063000146) : 86466.3280943019 
0026000148 (0014000147) : 89028.5180296408 
0002000149 (0026000148) : 89515.5455744335 
0016000150 (0002000149) : 89836.54975357853 
0044000151 (0016000150) : 89868.14332857101 
0099000152 (0044000151) : 90619.97530205973 
0001000153 (0099000152) : 90919.8869223815 
0058000154 (0001000153) : 90983.29067964209 
0096000155 (0058000154) : 91391.2652505895 
0023000156 (0096000155) : 93325.61212379097 
0053000157 (0023000156) : 93431.32148331079 
0085000158 (0053000157) : 93652.11745427399 
0043000159 (0085000158) : 94009.23125773984 
0067000160 (0043000159) : 94220.25035781288 
0085000161 (0067000160) : 95333.40756641775 
0029000162 (0085000161) : 95866.06730228801 
0067000163 (0029000162) : 96849.42052364975 
0032000164 (0067000163) : 97030.39076980516 
0001000165 (0032000164) : 98896.40112872436 
0002000166 (0001000165) : 99636.16805302633 
0023000167 (0002000166) : 99826.4705698979 
