0000000000 (genesis block) : 0 
0023000001 (0000000000) : 382.9639881869225 
0072000002 (0023000001) : 693.2194053467256 
0025000003 (0072000002) : 1164.1323071363743 
0076000004 (0025000003) : 1307.1465792313797 
0003000005 (0076000004) : 1808.50619397653 
0035000006 (0003000005) : 2647.4103348282274 
0010000007 (0035000006) : 3066.583113081306 
0026000008 (0010000007) : 3081.9616670873957 
0048000009 (0026000008) : 3308.110671830919 
0022000010 (0048000009) : 3550.0254072167068 
0031000011 (0022000010) : 4287.89343780533 
0045000012 (0031000011) : 5126.839200426374 
0086000013 (0045000012) : 6638.959118079828 
0050000014 (0086000013) : 7431.754918048138 
0078000015 (0050000014) : 7682.432679799003 
0049000016 (0078000015) : 7713.826072330169 
0087000017 (0049000016) : 8129.471809513044 
0000000018 (0087000017) : 8462.352701243453 
0009000019 (0000000018) : 8836.532575728665 
0016000020 (0009000019) : 9080.51269948395 
0063000021 (0016000020) : 10088.659614063778 
0023000022 (0063000021) : 10419.259139498736 
0092000023 (0023000022) : 10470.404370375967 
0061000024 (0092000023) : 10550.541793496537 
0017000025 (0061000024) : 10806.101667929091 
0088000026 (0017000025) : 11452.214247275237 
0023000027 (0088000026) : 11960.246993798515 
0001000028 (0023000027) : 12269.429227008806 
0030000029 (0001000028) : 14500.969087873309 
0040000030 (0030000029) : 15673.496868655218 
0071000031 (0040000030) : 16869.45062468533 
0023000032 (0071000031) : 17121.82120420886 
0024000033 (0023000032) : 17595.879233519794 
0095000034 (0024000033) : 18244.44058780001 
0088000035 (0095000034) : 19221.453564782296 
0018000036 (0088000035) : 20304.03869178083 
0038000037 (0018000036) : 20351.581291277293 
0080000038 (0038000037) : 20753.065959944328 
0074000039 (0080000038) : 21055.69300683648 
0090000040 (0074000039) : 21209.75623603515 
0080000041 (0090000040) : 22284.528163679475 
0099000042 (0080000041) : 22644.851838616607 
0060000043 (0099000042) : 26117.65137619258 
0012000044 (0060000043) : 26871.83095393854 
0023000045 (0012000044) : 27437.109795866585 
0089000046 (0023000045) : 27597.833158378955 
0004000047 (0089000046) : 28641.30995153982 
0093000048 (0004000047) : 29340.07834801789 
0023000049 (0093000048) : 29729.953198066232 
0076000050 (0023000049) : 30331.6231177793 
0032000051 (0076000050) : 31104.32072570211 
0023000052 (0032000051) : 32641.524475244765 
0074000053 (0023000052) : 32659.12530664636 
0042000054 (0074000053) : 34280.97334727103 
0097000055 (0042000054) : 34655.912302475685 
0038000056 (0097000055) : 34788.11453883517 
0035000057 (0038000056) : 34853.61206007274 
0071000058 (0035000057) : 35066.68759262506 
0068000059 (0071000058) : 35916.69530708864 
0018000060 (0068000059) : 36140.32183360994 
0040000061 (0018000060) : 36401.66484681248 
0075000062 (0040000061) : 38032.38005465634 
0017000063 (0075000062) : 38107.139169144786 
0032000064 (0017000063) : 38167.82210827048 
0080000065 (0032000064) : 39058.742769083314 
0012000066 (0080000065) : 40060.95963681648 
0073000067 (0012000066) : 42129.157278719795 
0058000068 (0073000067) : 42664.53990651204 
0047000069 (0058000068) : 43189.31199501221 
0081000070 (0047000069) : 44595.56021319379 
0011000071 (0081000070) : 45334.65821056817 
0049000072 (0011000071) : 45453.53126058438 
0023000073 (0049000072) : 46755.552607487196 
0049000074 (0023000073) : 47969.37296513965 
0093000075 (0049000074) : 48708.63736656864 
0028000076 (0093000075) : 49126.5414991691 
0023000077 (0028000076) : 49668.27784965279 
0076000078 (0023000077) : 50014.58953269229 
0014000079 (0076000078) : 50020.892680602934 
0060000080 (0014000079) : 50263.9651695876 
0010000081 (0060000080) : 50360.58304341895 
0045000082 (0010000081) : 50501.288285475166 
0055000083 (0045000082) : 53776.51688914807 
0053000084 (0055000083) : 53903.23380298676 
0079000085 (0053000084) : 54035.54078217104 
0023000086 (0079000085) : 54135.151079185765 
0081000087 (0023000086) : 56578.81934565097 
0022000088 (0081000087) : 56763.36246465045 
0030000089 (0022000088) : 57297.872853622 
0023000090 (0030000089) : 58171.29165595652 
0037000091 (0023000090) : 58181.79716616448 
0039000092 (0037000091) : 58506.61940702177 
0043000093 (0039000092) : 58968.93217662564 
0045000094 (0043000093) : 59060.506322881316 
0089000095 (0045000094) : 59684.76278280615 
0039000096 (0089000095) : 60226.38486185646 
0083000097 (0039000096) : 61737.73627435852 
0093000098 (0083000097) : 62032.18291596389 
0091000099 (0093000098) : 62153.217559268254 
0041000100 (0091000099) : 62375.532438508286 
0022000101 (0041000100) : 62387.67466670825 
0035000102 (0022000101) : 62819.861428135 
0026000103 (0035000102) : 63309.15049271385 
0023000104 (0026000103) : 64190.68750661245 
0085000105 (0023000104) : 64401.02396111275 
0081000106 (0085000105) : 64428.0133877381 
0050000107 (0081000106) : 65228.529940703826 
0037000108 (0050000107) : 65298.88181395302 
0059000109 (0037000108) : 67367.02257470078 
0031000110 (0059000109) : 68927.52435965755 
0049000111 (0031000110) : 69454.42549443003 
0045000112 (0049000111) : 69458.27140761714 
0018000113 (0045000112) : 69646.46578057305 
0023000114 (0018000113) : 70277.71545548925 
0096000115 (0023000114) : 70320.29785787134 
0011000116 (0096000115) : 70597.60130099652 
0098000117 (0011000116) : 71496.46777950098 
0077000118 (0098000117) : 72498.92061620242 
0040000119 (0077000118) : 72499.46416563867 
0084000120 (0040000119) : 73616.72919283908 
0090000121 (0084000120) : 73830.50237408481 
0001000122 (0090000121) : 74472.15738287057 
0087000123 (0001000122) : 77280.08775939367 
0006000124 (0087000123) : 77676.20738007051 
0023000125 (0006000124) : 78256.90700685402 
0056000126 (0023000125) : 78493.34500825903 
0038000127 (0056000126) : 79015.80267384413 
0070000128 (0038000127) : 79098.18977372094 
0014000129 (0070000128) : 79556.98170458626 
0069000130 (0014000129) : 79939.57168993699 
0088000131 (0069000130) : 80545.95314436969 
0072000132 (0088000131) : 80654.50304134695 
0074000133 (0072000132) : 80803.39535138322 
0024000134 (0074000133) : 81735.72123123007 
0073000135 (0024000134) : 81926.69740224564 
0070000136 (0073000135) : 82676.40202473843 
0098000137 (0070000136) : 82731.85710729504 
0013000138 (0098000137) : 82921.05774089566 
0023000139 (0013000138) : 83323.3447012398 
0096000140 (0023000139) : 83798.80992007455 
0033000141 (0096000140) : 84445.49535969095 
0030000142 (0033000141) : 84864.444641834 
0009000143 (0030000142) : 85435.9681690664 
0042000144 (0009000143) : 85533.01627246085 
0018000145 (0042000144) : 85910.39006532067 
0063000146 (0018000145) : 86117.76735491747 
0014000147 (0063000146) : 86466.26588115367 
0026000148 (0014000147) : 89028.67617322011 
0002000149 (0026000148) : 89515.49209021006 
0016000150 (0002000149) : 89836.4629241151 
0044000151 (0016000150) : 89868.06282144805 
0099000152 (0044000151) : 90619.92164541068 
0001000153 (0099000152) : 90919.69123032891 
0058000154 (0001000153) : 90983.36615654959 
0096000155 (0058000154) : 91391.35851497478 
0023000156 (0096000155) : 93325.4982979699 
0053000157 (0023000156) : 93431.15438273211 
0085000158 (0053000157) : 93652.05842577171 
0043000159 (0085000158) : 94009.10141157758 
0067000160 (0043000159) : 94220.08528794757 
0085000161 (0067000160) : 95333.34543444857 
0029000162 (0085000161) : 95865.9857119984 
0067000163 (0029000162) : 96849.25049889593 
0032000164 (0067000163) : 97030.30996899211 
0001000165 (0032000164) : 98896.21235411054 
0002000166 (0001000165) : 99636.1122478945 
0023000167 (0002000166) : 99826.35555787073 
