0000000000 (genesis block) : 0 
0023000001 (0000000000) : 383.2542292401201 
0072000002 (0023000001) : 693.5636557113861 
0025000003 (0072000002) : 1164.3088720815624 
0076000004 (0025000003) : 1307.3465937489193 
0003000005 (0076000004) : 1808.1243164537452 
0035000006 (0003000005) : 2647.745434514006 
0010000007 (0035000006) : 3066.7928942537574 
0026000008 (0010000007) : 3082.2552916018094 
0048000009 (0026000008) : 3308.248428276971 
0022000010 (0048000009) : 3550.3294732842437 
0031000011 (0022000010) : 4287.897435963841 
0045000012 (0031000011) : 5127.17582369671 
0086000013 (0045000012) : 6639.151800383398 
0050000014 (0086000013) : 7432.17637169541 
0078000015 (0050000014) : 7682.663030777831 
0049000016 (0078000015) : 7713.853497417432 
0087000017 (0049000016) : 8129.808303344943 
0000000018 (0087000017) : 8462.647403165309 
0009000019 (0000000018) : 8836.869508898975 
0016000020 (0009000019) : 9080.64592284053 
0063000021 (0016000020) : 10088.877885762715 
0023000022 (0063000021) : 10419.550422095806 
0092000023 (0023000022) : 10470.51178357173 
0061000024 (0092000023) : 10550.814794092763 
0017000025 (0061000024) : 10806.43876390942 
0088000026 (0017000025) : 11452.517319559278 
0023000027 (0088000026) : 11960.539801956087 
0001000028 (0023000027) : 12269.800579534714 
0030000029 (0001000028) : 14501.064030120368 
0040000030 (0030000029) : 15673.918261998551 
0071000031 (0040000030) : 16869.583286012967 
0023000032 (0071000031) : 17122.112399053145 
0024000033 (0023000032) : 17595.73881784162 
0095000034 (0024000033) : 18244.328153110473 
0088000035 (0095000034) : 19221.756504150882 
0018000036 (0088000035) : 20304.341543556606 
0038000037 (0018000036) : 20351.966973786737 
0080000038 (0038000037) : 20753.330530821808 
0074000039 (0080000038) : 21055.755179963973 
0090000040 (0074000039) : 21210.0173701155 
0080000041 (0090000040) : 22284.7910432868 
0099000042 (0080000041) : 22645.000310680945 
0060000043 (0099000042) : 26117.75360315346 
0012000044 (0060000043) : 26871.976923506223 
0023000045 (0012000044) : 27437.398669510145 
0089000046 (0023000045) : 27598.169783548507 
0004000047 (0089000046) : 28641.732974327977 
0093000048 (0004000047) : 29340.397235164102 
0023000049 (0093000048) : 29730.244397659106 
0076000050 (0023000049) : 30331.828619000484 
0032000051 (0076000050) : 31104.582028943903 
0023000052 (0032000051) : 32641.816665280116 
0074000053 (0023000052) : 32659.183131045986 
0042000054 (0074000053) : 34281.22126394364 
0097000055 (0042000054) : 34655.86587668282 
0038000056 (0097000055) : 34788.50401651633 
0035000057 (0038000056) : 34853.94754801318 
0071000058 (0035000057) : 35066.821843868536 
0068000059 (0071000058) : 35917.11747184534 
0018000060 (0068000059) : 36140.62763644807 
0040000061 (0018000060) : 36402.08915732558 
0075000062 (0040000061) : 38032.559145697385 
0017000063 (0075000062) : 38107.477457655616 
0032000064 (0017000063) : 38168.07947915235 
0080000065 (0032000064) : 39059.00450745 
0012000066 (0080000065) : 40061.10566884059 
0073000067 (0012000066) : 42129.11877090637 
0058000068 (0073000067) : 42664.2083481445 
0047000069 (0058000068) : 43189.61690108493 
0081000070 (0047000069) : 44595.89699863964 
0011000071 (0081000070) : 45334.918032582435 
0049000072 (0011000071) : 45453.56061777694 
0023000073 (0049000072) : 46755.84227232704 
0049000074 (0023000073) : 47969.40453755688 
0093000075 (0049000074) : 48708.95862939645 
0028000076 (0093000075) : 49126.77403947677 
0023000077 (0028000076) : 49668.57383997848 
0076000078 (0023000077) : 50014.78723355564 
0014000079 (0076000078) : 50021.20329856629 
0060000080 (0014000079) : 50264.064148843405 
0010000081 (0060000080) : 50360.79408004419 
0045000082 (0010000081) : 50501.62460970029 
0055000083 (0045000082) : 53776.61426256025 
0053000084 (0055000083) : 53903.484562126774 
0079000085 (0053000084) : 54035.828474799826 
0023000086 (0079000085) : 54135.43949493298 
0081000087 (0023000086) : 56579.155905964115 
0022000088 (0081000087) : 56763.66995807563 
0030000089 (0022000088) : 57297.96965145793 
0023000090 (0030000089) : 58171.57945151468 
0037000091 (0023000090) : 58181.90002808833 
0039000092 (0037000091) : 58506.96145025979 
0043000093 (0039000092) : 58968.990364160934 
0045000094 (0043000093) : 59060.84263869598 
0089000095 (0045000094) : 59685.09634605308 
0039000096 (0089000095) : 60226.7304489944 
0083000097 (0039000096) : 61738.14476514958 
0093000098 (0083000097) : 62032.506258082816 
0091000099 (0093000098) : 62153.557865047034 
0041000100 (0091000099) : 62375.61829730407 
0022000101 (0041000100) : 62387.98128383504 
0035000102 (0022000101) : 62820.194499165846 
0026000103 (0035000102) : 63309.44651405001 
0023000104 (0026000103) : 64190.97678315854 
0085000105 (0023000104) : 64401.20254054734 
0081000106 (0085000105) : 64428.35324727927 
0050000107 (0081000106) : 65228.951211698426 
0037000108 (0050000107) : 65298.98845654419 
0059000109 (0037000108) : 67367.365361786 
0031000110 (0059000109) : 68927.53124916212 
0049000111 (0031000110) : 69454.45606682399 
0045000112 (0049000111) : 69458.60898735412 
0018000113 (0045000112) : 69646.76563566049 
0023000114 (0018000113) : 70278.00837030224 
0096000115 (0023000114) : 70320.13488078018 
0011000116 (0096000115) : 70597.86294309788 
0098000117 (0011000116) : 71496.70512348613 
0077000118 (0098000117) : 72498.49788453591 
0040000119 (0077000118) : 72499.88607495936 
0084000120 (0040000119) : 73616.60131320571 
0090000121 (0084000120) : 73830.76507045462 
0001000122 (0090000121) : 74472.53114613805 
0087000123 (0001000122) : 77280.42527116224 
0006000124 (0087000123) : 77676.58475906056 
0023000125 (0006000124) : 78257.19806260151 
0056000126 (0023000125) : 78493.3444681485 
0038000127 (0056000126) : 79016.19631547038 
0070000128 (0038000127) : 79098.24977540482 
0014000129 (0070000128) : 79557.28512977411 
0069000130 (0014000129) : 79939.99454781332 
0088000131 (0069000130) : 80546.25809855733 
0072000132 (0088000131) : 80654.84510681334 
0074000133 (0072000132) : 80803.45385504664 
0024000134 (0074000133) : 81735.5768913155 
0073000135 (0024000134) : 81926.65573895282 
0070000136 (0073000135) : 82676.46284308429 
0098000137 (0070000136) : 82732.09622866237 
0013000138 (0098000137) : 82921.39447005211 
0023000139 (0013000138) : 83323.63443736645 
0096000140 (0023000139) : 83798.65047297486 
0033000141 (0096000140) : 84445.83141152814 
0030000142 (0033000141) : 84864.53372715703 
0009000143 (0030000142) : 85436.30113113618 
0042000144 (0009000143) : 85533.26590298509 
0018000145 (0042000144) : 85910.69061641241 
0063000146 (0018000145) : 86117.98553541634 
0014000147 (0063000146) : 86466.57042683316 
0026000148 (0014000147) : 89028.97337896621 
0002000149 (0026000148) : 89515.63755035041 
0016000150 (0002000149) : 89836.59678426999 
0044000151 (0016000150) : 89868.31371196704 
0099000152 (0044000151) : 90620.0663553444 
0001000153 (0099000152) : 90920.06939528314 
0058000154 (0001000153) : 90983.03490088579 
0096000155 (0058000154) : 91391.19907286808 
0023000156 (0096000155) : 93325.78669568643 
0053000157 (0023000156) : 93431.40236320975 
0085000158 (0053000157) : 93652.23427646775 
0043000159 (0085000158) : 94009.16068265209 
0067000160 (0043000159) : 94220.20269918338 
0085000161 (0067000160) : 95333.52204454348 
0029000162 (0085000161) : 95866.10697423345 
0067000163 (0029000162) : 96849.37270307344 
0032000164 (0067000163) : 97030.56289079643 
0001000165 (0032000164) : 98896.5872279521 
0002000166 (0001000165) : 99636.25684707018 
0023000167 (0002000166) : 99826.64459497028 
