0000000000 (genesis block) : 0 
0023000001 (0000000000) : 383.1712000375774 
0072000002 (0023000001) : 693.4010661670784 
0025000003 (0072000002) : 1164.3026866620414 
0076000004 (0025000003) : 1307.254608192163 
0003000005 (0076000004) : 1808.4386026956468 
0035000006 (0003000005) : 2647.585017328384 
0010000007 (0035000006) : 3066.6598433327176 
0026000008 (0010000007) : 3082.049925472069 
0048000009 (0026000008) : 3307.8513790818793 
0022000010 (0048000009) : 3550.2008247709573 
0031000011 (0022000010) : 4288.050548290124 
0045000012 (0031000011) : 5127.012110010347 
0086000013 (0045000012) : 6639.074533224466 
0050000014 (0086000013) : 7432.015378142104 
0078000015 (0050000014) : 7682.6498640235695 
0049000016 (0078000015) : 7713.812338323235 
0087000017 (0049000016) : 8129.64513379669 
0000000018 (0087000017) : 8462.442426014559 
0009000019 (0000000018) : 8836.70664531491 
0016000020 (0009000019) : 9080.68522030595 
0063000021 (0016000020) : 10088.83195046615 
0023000022 (0063000021) : 10419.467402388864 
0092000023 (0023000022) : 10470.568020587461 
0061000024 (0092000023) : 10550.279306739387 
0017000025 (0061000024) : 10806.275528955095 
0088000026 (0017000025) : 11452.38703798583 
0023000027 (0088000026) : 11960.452869894976 
0001000028 (0023000027) : 12269.519126702935 
0030000029 (0001000028) : 14501.144610565603 
0040000030 (0030000029) : 15673.75502966778 
0071000031 (0040000030) : 16869.621959371598 
0023000032 (0071000031) : 17122.029998947382 
0024000033 (0023000032) : 17595.852140217277 
0095000034 (0024000033) : 18244.40921799287 
0088000035 (0095000034) : 19221.626938598063 
0018000036 (0088000035) : 20304.215422800447 
0038000037 (0018000036) : 20351.809262648876 
0080000038 (0038000037) : 20753.325065514317 
0074000039 (0080000038) : 21055.804597090544 
0090000040 (0074000039) : 21209.930249003435 
0080000041 (0090000040) : 22284.790469934105 
0099000042 (0080000041) : 22644.868663114732 
0060000043 (0099000042) : 26117.578244065724 
0012000044 (0060000043) : 26871.898164000835 
0023000045 (0012000044) : 27437.317268664814 
0089000046 (0023000045) : 27598.00716857289 
0004000047 (0089000046) : 28641.54435627518 
0093000048 (0004000047) : 29340.16366843232 
0023000049 (0093000048) : 29730.15730233723 
0076000050 (0023000049) : 30331.72877818097 
0032000051 (0076000050) : 31104.45305829643 
0023000052 (0032000051) : 32641.73353993804 
0074000053 (0023000052) : 32659.239191036308 
0042000054 (0074000053) : 34281.14441041497 
0097000055 (0042000054) : 34655.83727324377 
0038000056 (0097000055) : 34788.343195706344 
0035000057 (0038000056) : 34853.79099975847 
0071000058 (0035000057) : 35066.86185307784 
0068000059 (0071000058) : 35916.95588299221 
0018000060 (0068000059) : 36140.4997511666 
0040000061 (0018000060) : 36401.923500967394 
0075000062 (0040000061) : 38032.58035597717 
0017000063 (0075000062) : 38107.31403951919 
0032000064 (0017000063) : 38167.95061749414 
0080000065 (0032000064) : 39059.00203513124 
0012000066 (0080000065) : 40061.02690450559 
0073000067 (0012000066) : 42129.27176868697 
0058000068 (0073000067) : 42664.40203654296 
0047000069 (0058000068) : 43189.48822586206 
0081000070 (0047000069) : 44595.68058777492 
0011000071 (0081000070) : 45334.83117642599 
0049000072 (0011000071) : 45453.52360705458 
0023000073 (0049000072) : 46755.76127689969 
0049000074 (0023000073) : 47969.36020581391 
0093000075 (0049000074) : 48708.726223870195 
0028000076 (0093000075) : 49126.63148334768 
0023000077 (0028000076) : 49668.485657453246 
0076000078 (0023000077) : 50014.694021942814 
0014000079 (0076000078) : 50021.06802313737 
0060000080 (0014000079) : 50263.88787831198 
0010000081 (0060000080) : 50360.65767691661 
0045000082 (0010000081) : 50501.46450483161 
0055000083 (0045000082) : 53776.50870581822 
0053000084 (0055000083) : 53903.40601115412 
0079000085 (0053000084) : 54035.79896923794 
0023000086 (0079000085) : 54135.35731365924 
0081000087 (0023000086) : 56578.9396989992 
0022000088 (0081000087) : 56763.548366428106 
0030000089 (0022000088) : 57298.04813852428 
0023000090 (0030000089) : 58171.499543423495 
0037000091 (0023000090) : 58181.63324443175 
0039000092 (0037000091) : 58506.87741708313 
0043000093 (0039000092) : 58969.045991379906 
0045000094 (0043000093) : 59060.68578842259 
0089000095 (0045000094) : 59684.94126267758 
0039000096 (0089000095) : 60226.64615390008 
0083000097 (0039000096) : 61737.96689277653 
0093000098 (0083000097) : 62032.27424185471 
0091000099 (0093000098) : 62153.39221932152 
0041000100 (0091000099) : 62375.672304336105 
0022000101 (0041000100) : 62387.85357040509 
0035000102 (0022000101) : 62820.03226744001 
0026000103 (0035000102) : 63309.23989041957 
0023000104 (0026000103) : 64190.8899173851 
0085000105 (0023000104) : 64401.17207720521 
0081000106 (0085000105) : 64428.13611973697 
0050000107 (0081000106) : 65228.792665486246 
0037000108 (0050000107) : 65298.72105412856 
0059000109 (0037000108) : 67366.86110997142 
0031000110 (0059000109) : 68927.6830523447 
0049000111 (0031000110) : 69454.41833262777 
0045000112 (0049000111) : 69458.44718271524 
0018000113 (0045000112) : 69646.63606640793 
0023000114 (0018000113) : 70277.92130776863 
0096000115 (0023000114) : 70320.22953243455 
0011000116 (0096000115) : 70597.77504463865 
0098000117 (0011000116) : 71496.64003924838 
0077000118 (0098000117) : 72499.03435830495 
0040000119 (0077000118) : 72499.72474483929 
0084000120 (0040000119) : 73616.65327913701 
0090000121 (0084000120) : 73830.67745060149 
0001000122 (0090000121) : 74472.24931820726 
0087000123 (0001000122) : 77280.259658308 
0006000124 (0087000123) : 77676.43578861521 
0023000125 (0006000124) : 78257.11210672138 
0056000126 (0023000125) : 78493.21451576828 
0038000127 (0056000126) : 79016.03433496338 
0070000128 (0038000127) : 79098.02572682773 
0014000129 (0070000128) : 79557.15604003769 
0069000130 (0014000129) : 79939.83193277685 
0088000131 (0069000130) : 80546.12800879448 
0072000132 (0088000131) : 80654.68248898568 
0074000133 (0072000132) : 80803.50795617739 
0024000134 (0074000133) : 81735.68978737349 
0073000135 (0024000134) : 81926.80985976757 
0070000136 (0073000135) : 82676.23724537746 
0098000137 (0070000136) : 82732.03028624045 
0013000138 (0098000137) : 82921.23141092146 
0023000139 (0013000138) : 83323.5546490432 
0096000140 (0023000139) : 83798.7437022523 
0033000141 (0096000140) : 84445.33215731058 
0030000142 (0033000141) : 84864.62125240525 
0009000143 (0030000142) : 85436.1378471661 
0042000144 (0009000143) : 85533.19171596461 
0018000145 (0042000144) : 85910.56798741403 
0063000146 (0018000145) : 86117.94045192249 
0014000147 (0063000146) : 86466.43873048888 
0026000148 (0014000147) : 89028.77041970496 
0002000149 (0026000148) : 89515.56022967836 
0016000150 (0002000149) : 89836.6364030845 
0044000151 (0016000150) : 89868.23038884343 
0099000152 (0044000151) : 90619.9340466028 
0001000153 (0099000152) : 90919.78485981887 
0058000154 (0001000153) : 90983.22825812575 
0096000155 (0058000154) : 91391.28859456572 
0023000156 (0096000155) : 93325.70412808462 
0053000157 (0023000156) : 93431.32546304355 
0085000158 (0053000157) : 93652.20331757012 
0043000159 (0085000158) : 94009.21302750532 
0067000160 (0043000159) : 94220.19376917335 
0085000161 (0067000160) : 95333.49395331807 
0029000162 (0085000161) : 95865.82067942891 
0067000163 (0029000162) : 96849.36239184905 
0032000164 (0067000163) : 97030.43810155912 
0001000165 (0032000164) : 98896.30280462562 
0002000166 (0001000165) : 99636.17721622993 
0023000167 (0002000166) : 99826.56179447782 
