0000000000 (genesis block) : 0 
0023000001 (0000000000) : 383.1337060702401 
0072000002 (0023000001) : 693.2957586294658 
0025000003 (0072000002) : 1164.4831934849235 
0076000004 (0025000003) : 1307.335399172727 
0003000005 (0076000004) : 1808.5910217145736 
0035000006 (0003000005) : 2647.761688455197 
0010000007 (0035000006) : 3066.777979046051 
0026000008 (0010000007) : 3082.1323704333054 
0048000009 (0026000008) : 3308.0887630557636 
0022000010 (0048000009) : 3550.0602176232583 
0031000011 (0022000010) : 4288.246682539295 
0045000012 (0031000011) : 5127.1927189192675 
0086000013 (0045000012) : 6638.522040102347 
0050000014 (0086000013) : 7432.1941525031 
0078000015 (0050000014) : 7682.511234592306 
0049000016 (0078000015) : 7713.770728778708 
0087000017 (0049000016) : 8129.823662437261 
0000000018 (0087000017) : 8462.526891418673 
0009000019 (0000000018) : 8836.800946531257 
0016000020 (0009000019) : 9080.817250530275 
0063000021 (0016000020) : 10088.987752340241 
0023000022 (0063000021) : 10419.430440955417 
0092000023 (0023000022) : 10470.481491613718 
0061000024 (0092000023) : 10550.836054668805 
0017000025 (0061000024) : 10806.453732326934 
0088000026 (0017000025) : 11452.538710084404 
0023000027 (0088000026) : 11960.416573191515 
0001000028 (0023000027) : 12269.678396696841 
0030000029 (0001000028) : 14501.269754180023 
0040000030 (0030000029) : 15673.670876086768 
0071000031 (0040000030) : 16869.755848930447 
0023000032 (0071000031) : 17121.992519312087 
0024000033 (0023000032) : 17595.88076798818 
0095000034 (0024000033) : 18244.474532522367 
0088000035 (0095000034) : 19221.775932820397 
0018000036 (0088000035) : 20304.312343762165 
0038000037 (0018000036) : 20351.65850614192 
0080000038 (0038000037) : 20753.27389749191 
0074000039 (0080000038) : 21056.04452803231 
0090000040 (0074000039) : 21209.63322853564 
0080000041 (0090000040) : 22284.736983291474 
0099000042 (0080000041) : 22644.927310509564 
0060000043 (0099000042) : 26117.737158652875 
0012000044 (0060000043) : 26871.90786237312 
0023000045 (0012000044) : 27437.28262462219 
0089000046 (0023000045) : 27598.160423001766 
0004000047 (0089000046) : 28641.74858098054 
0093000048 (0004000047) : 29340.249442664935 
0023000049 (0093000048) : 29730.124134273385 
0076000050 (0023000049) : 30331.810354869736 
0032000051 (0076000050) : 31104.51026666123 
0023000052 (0032000051) : 32641.70097321084 
0074000053 (0023000052) : 32659.477050386977 
0042000054 (0074000053) : 34281.173528305844 
0097000055 (0042000054) : 34655.883854561114 
0038000056 (0097000055) : 34788.18965850447 
0035000057 (0038000056) : 34853.963566055856 
0071000058 (0035000057) : 35066.998983654245 
0068000059 (0071000058) : 35916.94196741957 
0018000060 (0068000059) : 36140.59283276112 
0040000061 (0018000060) : 36401.83640439129 
0075000062 (0040000061) : 38032.25298378188 
0017000063 (0075000062) : 38107.491180832 
0032000064 (0017000063) : 38168.008556600886 
0080000065 (0032000064) : 39058.94788300443 
0012000066 (0080000065) : 40061.03414886615 
0073000067 (0012000066) : 42129.509783919675 
0058000068 (0073000067) : 42664.544280763104 
0047000069 (0058000068) : 43189.635444719854 
0081000070 (0047000069) : 44595.85755788812 
0011000071 (0081000070) : 45335.00994853661 
0049000072 (0011000071) : 45453.47699202077 
0023000073 (0049000072) : 46755.72455510522 
0049000074 (0023000073) : 47969.318200659895 
0093000075 (0049000074) : 48708.80874369372 
0028000076 (0093000075) : 49126.71270768403 
0023000077 (0028000076) : 49668.454067478175 
0076000078 (0023000077) : 50014.77758814441 
0014000079 (0076000078) : 50021.21681972429 
0060000080 (0014000079) : 50264.051772179715 
0010000081 (0060000080) : 50360.777391452844 
0045000082 (0010000081) : 50501.64089048239 
0055000083 (0045000082) : 53776.78190029029 
0053000084 (0055000083) : 53903.4288991079 
0079000085 (0053000084) : 54035.52825508527 
0023000086 (0079000085) : 54135.322099590725 
0081000087 (0023000086) : 56579.118693127195 
0022000088 (0081000087) : 56763.40221186689 
0030000089 (0022000088) : 57298.170764754934 
0023000090 (0030000089) : 58171.461743231754 
0037000091 (0023000090) : 58181.8076605667 
0039000092 (0037000091) : 58506.69440424785 
0043000093 (0039000092) : 58969.08996313472 
0045000094 (0043000093) : 59060.861211731564 
0089000095 (0045000094) : 59685.093617359526 
0039000096 (0089000095) : 60226.459618459536 
0083000097 (0039000096) : 61737.81211204727 
0093000098 (0083000097) : 62032.35385610629 
0091000099 (0093000098) : 62153.48479755912 
0041000100 (0091000099) : 62375.635706934256 
0022000101 (0041000100) : 62387.713105840136 
0035000102 (0022000101) : 62820.211329924656 
0026000103 (0035000102) : 63309.32312817697 
0023000104 (0026000103) : 64190.860674615105 
0085000105 (0023000104) : 64401.09989481242 
0081000106 (0085000105) : 64428.31308204453 
0050000107 (0081000106) : 65228.96746794693 
0037000108 (0050000107) : 65298.892576761216 
0059000109 (0037000108) : 67367.31697867821 
0031000110 (0059000109) : 68927.87760547499 
0049000111 (0031000110) : 69454.37361575426 
0045000112 (0049000111) : 69458.62373569356 
0018000113 (0045000112) : 69646.73627044904 
0023000114 (0018000113) : 70277.88650544031 
0096000115 (0023000114) : 70320.38292975674 
0011000116 (0096000115) : 70597.95263022669 
0098000117 (0011000116) : 71496.82024299815 
0077000118 (0098000117) : 72499.13094930128 
0040000119 (0077000118) : 72499.63504126237 
0084000120 (0040000119) : 73616.62008699676 
0090000121 (0084000120) : 73830.38022225728 
0001000122 (0090000121) : 74472.40922573322 
0087000123 (0001000122) : 77280.43929481968 
0006000124 (0087000123) : 77676.28108973341 
0023000125 (0006000124) : 78257.07789617081 
0056000126 (0023000125) : 78493.48257033036 
0038000127 (0056000126) : 79015.87979024833 
0070000128 (0038000127) : 79098.20103560266 
0014000129 (0070000128) : 79557.30386750071 
0069000130 (0014000129) : 79939.6482988772 
0088000131 (0069000130) : 80546.27468950747 
0072000132 (0088000131) : 80654.57866390825 
0074000133 (0072000132) : 80803.7473428901 
0024000134 (0074000133) : 81735.72043571138 
0073000135 (0024000134) : 81927.0482841433 
0070000136 (0073000135) : 82676.41283294836 
0098000137 (0070000136) : 82732.21084132262 
0013000138 (0098000137) : 82921.23200050967 
0023000139 (0013000138) : 83323.516619347 
0096000140 (0023000139) : 83798.89267440866 
0033000141 (0096000140) : 84445.78981689509 
0030000142 (0033000141) : 84864.73915322925 
0009000143 (0030000142) : 85436.23211169997 
0042000144 (0009000143) : 85533.21275998591 
0018000145 (0042000144) : 85910.66166155852 
0063000146 (0018000145) : 86118.09386465221 
0014000147 (0063000146) : 86466.58737942207 
0026000148 (0014000147) : 89028.84733752333 
0002000149 (0026000148) : 89515.5703914239 
0016000150 (0002000149) : 89836.76871431615 
0044000151 (0016000150) : 89868.2388047606 
0099000152 (0044000151) : 90619.99117160111 
0001000153 (0099000152) : 90919.94377961705 
0058000154 (0001000153) : 90983.36827491007 
0096000155 (0058000154) : 91391.44058700424 
0023000156 (0096000155) : 93325.66847655753 
0053000157 (0023000156) : 93431.34684687426 
0085000158 (0053000157) : 93652.13320886047 
0043000159 (0085000158) : 94009.25854018379 
0067000160 (0043000159) : 94220.43237254459 
0085000161 (0067000160) : 95333.42348136919 
0029000162 (0085000161) : 95866.17148567691 
0067000163 (0029000162) : 96849.60111592058 
0032000164 (0067000163) : 97030.49157108787 
0001000165 (0032000164) : 98896.4592211106 
0002000166 (0001000165) : 99636.18183284442 
0023000167 (0002000166) : 99826.52670682287 
