0000000000 (genesis block) : 0 
0023000001 (0000000000) : 382.8269693426258 
0072000002 (0023000001) : 693.0876860688323 
0025000003 (0072000002) : 1164.2934334316092 
0076000004 (0025000003) : 1307.0011234947754 
0003000005 (0076000004) : 1808.6263841069915 
0035000006 (0003000005) : 2647.5704259237305 
0010000007 (0035000006) : 3066.659682129032 
0026000008 (0010000007) : 3081.7992542597285 
0048000009 (0026000008) : 3308.143116435097 
0022000010 (0048000009) : 3549.8869428395146 
0031000011 (0022000010) : 4288.055318938598 
0045000012 (0031000011) : 5126.999541231083 
0086000013 (0045000012) : 6638.855096913894 
0050000014 (0086000013) : 7431.917817970245 
0078000015 (0050000014) : 7682.298303498257 
0049000016 (0078000015) : 7713.820209789664 
0087000017 (0049000016) : 8129.634772378672 
0000000018 (0087000017) : 8462.190767019229 
0009000019 (0000000018) : 8836.468362717864 
0016000020 (0009000019) : 9080.673548957086 
0063000021 (0016000020) : 10088.649478655561 
0023000022 (0063000021) : 10419.125220264606 
0092000023 (0023000022) : 10470.2722856229 
0061000024 (0092000023) : 10550.706139070855 
0017000025 (0061000024) : 10806.262269699897 
0088000026 (0017000025) : 11452.37548626076 
0023000027 (0088000026) : 11960.110083649042 
0001000028 (0023000027) : 12269.36950994153 
0030000029 (0001000028) : 14501.059372606527 
0040000030 (0030000029) : 15673.335649505036 
0071000031 (0040000030) : 16869.428463742297 
0023000032 (0071000031) : 17121.6872462206 
0024000033 (0023000032) : 17595.953342443026 
0095000034 (0024000033) : 18244.509228144914 
0088000035 (0095000034) : 19221.61369738222 
0018000036 (0088000035) : 20303.979752247542 
0038000037 (0018000036) : 20351.44658292599 
0080000038 (0038000037) : 20753.010432029187 
0074000039 (0080000038) : 21055.85809151995 
0090000040 (0074000039) : 21209.85758881151 
0080000041 (0090000040) : 22284.47049711011 
0099000042 (0080000041) : 22644.751970473928 
0060000043 (0099000042) : 26117.797743901938 
0012000044 (0060000043) : 26871.744105033144 
0023000045 (0012000044) : 27436.9765804108 
0089000046 (0023000045) : 27597.825470460775 
0004000047 (0089000046) : 28641.471975299417 
0093000048 (0004000047) : 29339.916984092633 
0023000049 (0093000048) : 29729.81984261482 
0076000050 (0023000049) : 30331.477762091752 
0032000051 (0076000050) : 31104.339425106573 
0023000052 (0032000051) : 32641.389717549784 
0074000053 (0023000052) : 32659.28659523453 
0042000054 (0074000053) : 34281.04772584493 
0097000055 (0042000054) : 34655.985837546534 
0038000056 (0097000055) : 34787.97981403546 
0035000057 (0038000056) : 34853.772398272136 
0071000058 (0035000057) : 35066.66667462966 
0068000059 (0071000058) : 35916.634979514 
0018000060 (0068000059) : 36140.25779832764 
0040000061 (0018000060) : 36401.50196432601 
0075000062 (0040000061) : 38032.542597882544 
0017000063 (0075000062) : 38107.30112796298 
0032000064 (0017000063) : 38167.8361663905 
0080000065 (0032000064) : 39058.68273472649 
0012000066 (0080000065) : 40060.86361353491 
0073000067 (0012000066) : 42129.31746727346 
0058000068 (0073000067) : 42664.425298551076 
0047000069 (0058000068) : 43189.381980150996 
0081000070 (0047000069) : 44595.68416698104 
0011000071 (0081000070) : 45334.82024462326 
0049000072 (0011000071) : 45453.522539601 
0023000073 (0049000072) : 46755.41857132307 
0049000074 (0023000073) : 47969.36475112031 
0093000075 (0049000074) : 48708.47547274571 
0028000076 (0093000075) : 49126.380761856024 
0023000077 (0028000076) : 49668.14403105868 
0076000078 (0023000077) : 50014.44520709397 
0014000079 (0076000078) : 50021.019470233936 
0060000080 (0014000079) : 50264.116617258456 
0010000081 (0060000080) : 50360.65675424238 
0045000082 (0010000081) : 50501.448855639734 
0055000083 (0045000082) : 53776.449878011124 
0053000084 (0055000083) : 53903.39637918801 
0079000085 (0053000084) : 54035.70620224577 
0023000086 (0079000085) : 54135.01605540838 
0081000087 (0023000086) : 56578.94501978322 
0022000088 (0081000087) : 56763.22847149007 
0030000089 (0022000088) : 57297.96027299809 
0023000090 (0030000089) : 58171.156360711735 
0037000091 (0023000090) : 58181.72475069986 
0039000092 (0037000091) : 58506.484607586026 
0043000093 (0039000092) : 58968.81479688347 
0045000094 (0043000093) : 59060.669091957854 
0089000095 (0045000094) : 59684.7576275014 
0039000096 (0089000095) : 60226.2499797065 
0083000097 (0039000096) : 61737.602193541956 
0093000098 (0083000097) : 62032.02120549417 
0091000099 (0093000098) : 62153.152254139524 
0041000100 (0091000099) : 62375.48747210387 
0022000101 (0041000100) : 62387.540866412535 
0035000102 (0022000101) : 62820.02173573382 
0026000103 (0035000102) : 63308.9896306577 
0023000104 (0026000103) : 64190.55359826209 
0085000105 (0023000104) : 64400.891896524794 
0081000106 (0085000105) : 64428.140182785515 
0050000107 (0081000106) : 65228.69292593585 
0037000108 (0050000107) : 65298.809775227084 
0059000109 (0037000108) : 67367.1848448634 
0031000110 (0059000109) : 68927.68657283438 
0049000111 (0031000110) : 69454.41865591046 
0045000112 (0049000111) : 69458.43191675616 
0018000113 (0045000112) : 69646.40336227098 
0023000114 (0018000113) : 70277.57958089767 
0096000115 (0023000114) : 70320.33527816861 
0011000116 (0096000115) : 70597.76266191904 
0098000117 (0011000116) : 71496.62924392465 
0077000118 (0098000117) : 72499.08524442127 
0040000119 (0077000118) : 72499.30175504116 
0084000120 (0040000119) : 73616.7175037872 
0090000121 (0084000120) : 73830.6027966325 
0001000122 (0090000121) : 74472.10202354749 
0087000123 (0001000122) : 77280.25163041006 
0006000124 (0087000123) : 77676.07248520944 
0023000125 (0006000124) : 78256.77256391075 
0056000126 (0023000125) : 78493.21028452323 
0038000127 (0056000126) : 79015.6685967664 
0070000128 (0038000127) : 79098.11600651541 
0014000129 (0070000128) : 79557.10822961495 
0069000130 (0014000129) : 79939.43738925098 
0088000131 (0069000130) : 80546.11447206569 
0072000132 (0088000131) : 80654.36956622271 
0074000133 (0072000132) : 80803.55644678738 
0024000134 (0074000133) : 81735.7938346285 
0073000135 (0024000134) : 81926.85773008905 
0070000136 (0073000135) : 82676.32818274382 
0098000137 (0070000136) : 82732.01826687115 
0013000138 (0098000137) : 82920.89908317025 
0023000139 (0013000138) : 83323.209955533 
0096000140 (0023000139) : 83798.85885617077 
0033000141 (0096000140) : 84445.6582468136 
0030000142 (0033000141) : 84864.53168171414 
0009000143 (0030000142) : 85435.89998130506 
0042000144 (0009000143) : 85533.09505535818 
0018000145 (0042000144) : 85910.32446836123 
0063000146 (0018000145) : 86117.7590751045 
0014000147 (0063000146) : 86466.39036454153 
0026000148 (0014000147) : 89028.51299609736 
0002000149 (0026000148) : 89515.3939163444 
0016000150 (0002000149) : 89836.62510653598 
0044000151 (0016000150) : 89868.06678191882 
0099000152 (0044000151) : 90619.82383032715 
0001000153 (0099000152) : 90919.63912999812 
0058000154 (0001000153) : 90983.25499941794 
0096000155 (0058000154) : 91391.40499084092 
0023000156 (0096000155) : 93325.36312379621 
0053000157 (0023000156) : 93431.31617933372 
0085000158 (0053000157) : 93651.92351813999 
0043000159 (0085000158) : 94008.98413034253 
0067000160 (0043000159) : 94220.24946332644 
0085000161 (0067000160) : 95333.21276302078 
0029000162 (0085000161) : 95865.94590224205 
0067000163 (0029000162) : 96849.41048117893 
0032000164 (0067000163) : 97030.32167368113 
0001000165 (0032000164) : 98896.15422424048 
0002000166 (0001000165) : 99636.01248049231 
0023000167 (0002000166) : 99826.22315874351 
