0000000000 (genesis block) : 0 
0023000001 (0000000000) : 383.1056807373892 
0072000002 (0023000001) : 693.2748809586252 
0025000003 (0072000002) : 1164.418053502557 
0076000004 (0025000003) : 1307.089283384719 
0003000005 (0076000004) : 1808.5187210668103 
0035000006 (0003000005) : 2647.699573578493 
0010000007 (0035000006) : 3066.5947066299336 
0026000008 (0010000007) : 3081.881382566118 
0048000009 (0026000008) : 3307.896931276181 
0022000010 (0048000009) : 3550.140458296497 
0031000011 (0022000010) : 4288.181325784398 
0045000012 (0031000011) : 5127.129464282753 
0086000013 (0045000012) : 6638.906905944638 
0050000014 (0086000013) : 7432.13091933438 
0078000015 (0050000014) : 7682.572888844629 
0049000016 (0078000015) : 7713.905047179212 
0087000017 (0049000016) : 8129.761197713549 
0000000018 (0087000017) : 8462.274337704153 
0009000019 (0000000018) : 8836.764708044208 
0016000020 (0009000019) : 9080.800784086303 
0063000021 (0016000020) : 10088.734329058374 
0023000022 (0063000021) : 10419.401276959532 
0092000023 (0023000022) : 10470.544776709261 
0061000024 (0092000023) : 10550.491362713828 
0017000025 (0061000024) : 10806.390711070568 
0088000026 (0017000025) : 11452.46442248881 
0023000027 (0088000026) : 11960.386485150417 
0001000028 (0023000027) : 12269.633591606776 
0030000029 (0001000028) : 14501.16760663442 
0040000030 (0030000029) : 15673.636765984602 
0071000031 (0040000030) : 16869.730513605013 
0023000032 (0071000031) : 17121.962484851963 
0024000033 (0023000032) : 17595.89568217559 
0095000034 (0024000033) : 18244.45160738887 
0088000035 (0095000034) : 19221.703784970778 
0018000036 (0088000035) : 20304.062581300983 
0038000037 (0018000036) : 20351.748172371997 
0080000038 (0038000037) : 20753.314839303395 
0074000039 (0080000038) : 21055.98241567626 
0090000040 (0074000039) : 21210.018401100326 
0080000041 (0090000040) : 22284.774441644477 
0099000042 (0080000041) : 22644.70445567834 
0060000043 (0099000042) : 26117.692118067316 
0012000044 (0060000043) : 26871.80753680842 
0023000045 (0012000044) : 27437.252195407378 
0089000046 (0023000045) : 27597.91058482288 
0004000047 (0089000046) : 28641.68684064149 
0093000048 (0004000047) : 29339.995854972472 
0023000049 (0093000048) : 29730.091360899714 
0076000050 (0023000049) : 30331.561485317096 
0032000051 (0076000050) : 31104.410052273957 
0023000052 (0032000051) : 32641.667827092413 
0074000053 (0023000052) : 32659.41405176334 
0042000054 (0074000053) : 34281.086049981335 
0097000055 (0042000054) : 34655.95111673107 
0038000056 (0097000055) : 34788.28466751614 
0035000057 (0038000056) : 34853.90648644695 
0071000058 (0035000057) : 35066.968723887905 
0068000059 (0071000058) : 35916.936516396 
0018000060 (0068000059) : 36140.342281353915 
0040000061 (0018000060) : 36401.80438627717 
0075000062 (0040000061) : 38032.63925494216 
0017000063 (0075000062) : 38107.42939475632 
0032000064 (0017000063) : 38167.910917287554 
0080000065 (0032000064) : 39058.98638528776 
0012000066 (0080000065) : 40060.93789003506 
0073000067 (0012000066) : 42129.450036375056 
0058000068 (0073000067) : 42664.26832430948 
0047000069 (0058000068) : 43189.4655412139 
0081000070 (0047000069) : 44595.79574739017 
0011000071 (0081000070) : 45334.94926323102 
0049000072 (0011000071) : 45453.60550044865 
0023000073 (0049000072) : 46755.69433386392 
0049000074 (0023000073) : 47969.44733786741 
0093000075 (0049000074) : 48708.55853521981 
0028000076 (0093000075) : 49126.46460931864 
0023000077 (0028000076) : 49668.42179886123 
0076000078 (0023000077) : 50014.5264476881 
0014000079 (0076000078) : 50021.1461104867 
0060000080 (0014000079) : 50264.004042998706 
0010000081 (0060000080) : 50360.58966499938 
0045000082 (0010000081) : 50501.57813378633 
0055000083 (0045000082) : 53776.62401887236 
0053000084 (0055000083) : 53903.52136287551 
0079000085 (0053000084) : 54035.91433134976 
0023000086 (0079000085) : 54135.28931007635 
0081000087 (0023000086) : 56579.05487377357 
0022000088 (0081000087) : 56763.47987418657 
0030000089 (0022000088) : 57298.065728247406 
0023000090 (0030000089) : 58171.43090007026 
0037000091 (0023000090) : 58181.46550998479 
0039000092 (0037000091) : 58506.78576062916 
0043000093 (0039000092) : 58969.11863689111 
0045000094 (0043000093) : 59060.79898195085 
0089000095 (0045000094) : 59684.84254937809 
0039000096 (0089000095) : 60226.551682374564 
0083000097 (0039000096) : 61737.90347077201 
0093000098 (0083000097) : 62032.104804225026 
0091000099 (0093000098) : 62153.45514016166 
0041000100 (0091000099) : 62375.569883649616 
0022000101 (0041000100) : 62387.78996349596 
0035000102 (0022000101) : 62820.14714245851 
0026000103 (0035000102) : 63309.07243705618 
0023000104 (0026000103) : 64190.824057562066 
0085000105 (0023000104) : 64401.16608396211 
0081000106 (0085000105) : 64428.25075360205 
0050000107 (0081000106) : 65228.908089474775 
0037000108 (0050000107) : 65298.5533847796 
0059000109 (0037000108) : 67366.97549925862 
0031000110 (0059000109) : 68927.81268133478 
0049000111 (0031000110) : 69454.50121967927 
0045000112 (0049000111) : 69458.56480207741 
0018000113 (0045000112) : 69646.48616260647 
0023000114 (0018000113) : 70277.85501862643 
0096000115 (0023000114) : 70320.34443556065 
0011000116 (0096000115) : 70597.88888247804 
0098000117 (0011000116) : 71496.7587665794 
0077000118 (0098000117) : 72498.93419036068 
0040000119 (0077000118) : 72499.60183899474 
0084000120 (0040000119) : 73616.76018849657 
0090000121 (0084000120) : 73830.76645006264 
0001000122 (0090000121) : 74472.36446994665 
0087000123 (0001000122) : 77280.37838715414 
0006000124 (0087000123) : 77676.37337358586 
0023000125 (0006000124) : 78257.04624302422 
0056000126 (0023000125) : 78493.14426710359 
0038000127 (0056000126) : 79015.97592688986 
0070000128 (0038000127) : 79097.81472125712 
0014000129 (0070000128) : 79557.23393975405 
0069000130 (0014000129) : 79939.73870303988 
0088000131 (0069000130) : 80546.20707328204 
0072000132 (0088000131) : 80654.56052895817 
0074000133 (0072000132) : 80803.68346810761 
0024000134 (0074000133) : 81735.73077231357 
0073000135 (0024000134) : 81926.98653996075 
0070000136 (0073000135) : 82676.02689756917 
0098000137 (0070000136) : 82732.14818618145 
0013000138 (0098000137) : 82921.19974252355 
0023000139 (0013000138) : 83323.48724115241 
0096000140 (0023000139) : 83798.8597022037 
0033000141 (0096000140) : 84445.44983686907 
0030000142 (0033000141) : 84864.62924465643 
0009000143 (0030000142) : 85436.19675372264 
0042000144 (0009000143) : 85533.1338479661 
0018000145 (0042000144) : 85910.40922978331 
0063000146 (0018000145) : 86117.84395826148 
0014000147 (0063000146) : 86466.52121048601 
0026000148 (0014000147) : 89028.60026561163 
0002000149 (0026000148) : 89515.46722324802 
0016000150 (0002000149) : 89836.7510015948 
0044000151 (0016000150) : 89868.14514239272 
0099000152 (0044000151) : 90619.76676760636 
0001000153 (0099000152) : 90919.90109984025 
0058000154 (0001000153) : 90983.09160852351 
0096000155 (0058000154) : 91391.40442020638 
0023000156 (0096000155) : 93325.63751714816 
0053000157 (0023000156) : 93431.44410568444 
0085000158 (0053000157) : 93652.19753253434 
0043000159 (0085000158) : 94009.28684855974 
0067000160 (0043000159) : 94220.37018392369 
0085000161 (0067000160) : 95333.48668308905 
0029000162 (0085000161) : 95865.93654282292 
0067000163 (0029000162) : 96849.53877393156 
0032000164 (0067000163) : 97030.39506112531 
0001000165 (0032000164) : 98896.42094773741 
0002000166 (0001000165) : 99636.08796628623 
0023000167 (0002000166) : 99826.49522460013 
