0000000000 (genesis block) : 0 
0023000001 (0000000000) : 383.2851940397728 
0072000002 (0023000001) : 693.4238755244362 
0025000003 (0072000002) : 1164.3281315287645 
0076000004 (0025000003) : 1307.3455298867523 
0003000005 (0076000004) : 1808.78656401629 
0035000006 (0003000005) : 2647.610731058622 
0010000007 (0035000006) : 3066.835395154572 
0026000008 (0010000007) : 3082.254258670916 
0048000009 (0026000008) : 3307.760246226604 
0022000010 (0048000009) : 3549.963840272158 
0031000011 (0022000010) : 4288.091103423299 
0045000012 (0031000011) : 5127.038378382972 
0086000013 (0045000012) : 6639.24424928577 
0050000014 (0086000013) : 7432.131037677536 
0078000015 (0050000014) : 7682.682735907759 
0049000016 (0078000015) : 7714.025158603608 
0087000017 (0049000016) : 8129.105874368869 
0000000018 (0087000017) : 8462.647145548874 
0009000019 (0000000018) : 8836.803821525398 
0016000020 (0009000019) : 9080.709985543646 
0063000021 (0016000020) : 10088.856214051833 
0023000022 (0063000021) : 10419.582736489097 
0092000023 (0023000022) : 10470.65580333232 
0061000024 (0092000023) : 10550.823301888882 
0017000025 (0061000024) : 10806.298411604177 
0088000026 (0017000025) : 11452.413065617955 
0023000027 (0088000026) : 11960.568577878636 
0001000028 (0023000027) : 12269.719169415554 
0030000029 (0001000028) : 14501.060412744511 
0040000030 (0030000029) : 15673.863712424834 
0071000031 (0040000030) : 16869.649130995895 
0023000032 (0071000031) : 17122.14693314138 
0024000033 (0023000032) : 17596.162288779356 
0095000034 (0024000033) : 18244.72109619957 
0088000035 (0095000034) : 19221.652307780703 
0018000036 (0088000035) : 20304.236314799884 
0038000037 (0018000036) : 20351.63377437352 
0080000038 (0038000037) : 20753.24948229336 
0074000039 (0080000038) : 21055.975759123947 
0090000040 (0074000039) : 21209.888634297167 
0080000041 (0090000040) : 22284.71314140737 
0099000042 (0080000041) : 22644.6332997806 
0060000043 (0099000042) : 26117.933350644536 
0012000044 (0060000043) : 26871.612304985127 
0023000045 (0012000044) : 27437.431450285607 
0089000046 (0023000045) : 27598.030195840547 
0004000047 (0089000046) : 28641.519077381356 
0093000048 (0004000047) : 29340.394743292185 
0023000049 (0093000048) : 29730.276944083344 
0076000050 (0023000049) : 30331.82180841111 
0032000051 (0076000050) : 31103.953612253656 
0023000052 (0032000051) : 32641.84537283733 
0074000053 (0023000052) : 32659.407033519867 
0042000054 (0074000053) : 34281.21810921019 
0097000055 (0042000054) : 34656.13996024628 
0038000056 (0097000055) : 34788.168832225594 
0035000057 (0038000056) : 34853.811928566625 
0071000058 (0035000057) : 35066.88730995615 
0068000059 (0071000058) : 35917.06349468636 
0018000060 (0068000059) : 36140.517335173165 
0040000061 (0018000060) : 36402.03366770115 
0075000062 (0040000061) : 38032.73775642255 
0017000063 (0075000062) : 38107.33951665549 
0032000064 (0017000063) : 38167.452309446555 
0080000065 (0032000064) : 39058.930150940876 
0012000066 (0080000065) : 40060.74110174328 
0073000067 (0012000066) : 42129.439729592705 
0058000068 (0073000067) : 42664.62592507394 
0047000069 (0058000068) : 43189.51151251255 
0081000070 (0047000069) : 44595.84159445982 
0011000071 (0081000070) : 45334.85461182511 
0049000072 (0011000071) : 45453.730220873826 
0023000073 (0049000072) : 46755.879202598124 
0049000074 (0023000073) : 47969.57227149822 
0093000075 (0049000074) : 48708.957336474756 
0028000076 (0093000075) : 49126.80017703089 
0023000077 (0028000076) : 49668.59973275757 
0076000078 (0023000077) : 50014.78986920081 
0014000079 (0076000078) : 50021.09176393735 
0060000080 (0014000079) : 50264.24810524455 
0010000081 (0060000080) : 50360.83182721599 
0045000082 (0010000081) : 50501.48697745943 
0055000083 (0045000082) : 53776.78615262252 
0053000084 (0055000083) : 53903.51832953129 
0079000085 (0053000084) : 54035.90719551215 
0023000086 (0079000085) : 54135.47128638727 
0081000087 (0023000086) : 56579.103162942905 
0022000088 (0081000087) : 56763.30355121599 
0030000089 (0022000088) : 57297.96869234836 
0023000090 (0030000089) : 58171.61268965254 
0037000091 (0023000090) : 58182.07884322352 
0039000092 (0037000091) : 58506.86738133986 
0043000093 (0039000092) : 58969.018078425324 
0045000094 (0043000093) : 59060.70412090806 
0089000095 (0045000094) : 59684.96278453513 
0039000096 (0089000095) : 60226.633230466454 
0083000097 (0039000096) : 61737.96527409271 
0093000098 (0083000097) : 62032.50534982859 
0091000099 (0093000098) : 62153.48707584628 
0041000100 (0091000099) : 62375.61826404441 
0022000101 (0041000100) : 62387.615958110124 
0035000102 (0022000101) : 62820.05832315696 
0026000103 (0035000102) : 63309.450237028446 
0023000104 (0026000103) : 64191.008332531615 
0085000105 (0023000104) : 64401.276382104836 
0081000106 (0085000105) : 64428.295848422225 
0050000107 (0081000106) : 65228.89780176106 
0037000108 (0050000107) : 65299.16442940967 
0059000109 (0037000108) : 67367.3045209489 
0031000110 (0059000109) : 68927.72397657513 
0049000111 (0031000110) : 69454.62535081702 
0045000112 (0049000111) : 69458.4695603445 
0018000113 (0045000112) : 69646.65915064303 
0023000114 (0018000113) : 70278.03634047646 
0096000115 (0023000114) : 70320.58125228797 
0011000116 (0096000115) : 70597.80284943266 
0098000117 (0011000116) : 71496.66413019225 
0077000118 (0098000117) : 72499.2017500983 
0040000119 (0077000118) : 72499.83392634138 
0084000120 (0040000119) : 73616.95512412436 
0090000121 (0084000120) : 73830.63426220568 
0001000122 (0090000121) : 74472.44902683921 
0087000123 (0001000122) : 77279.71940278185 
0006000124 (0087000123) : 77676.28586741394 
0023000125 (0006000124) : 78257.22971764277 
0056000126 (0023000125) : 78493.62645481664 
0038000127 (0056000126) : 79015.85896642627 
0070000128 (0038000127) : 79098.47045128424 
0014000129 (0070000128) : 79557.18292007165 
0069000130 (0014000129) : 79939.93976075666 
0088000131 (0069000130) : 80546.15141010004 
0072000132 (0088000131) : 80654.71127942848 
0074000133 (0072000132) : 80803.67660578719 
0024000134 (0074000133) : 81736.0033858429 
0073000135 (0024000134) : 81926.97845131456 
0070000136 (0073000135) : 82676.68471170476 
0098000137 (0070000136) : 82732.05584258643 
0013000138 (0098000137) : 82921.26158519421 
0023000139 (0013000138) : 83323.66870250006 
0096000140 (0023000139) : 83799.09129415736 
0033000141 (0096000140) : 84445.67118744714 
0030000142 (0033000141) : 84864.53007742407 
0009000143 (0030000142) : 85436.23538155165 
0042000144 (0009000143) : 85533.26130653983 
0018000145 (0042000144) : 85910.58329328953 
0063000146 (0018000145) : 86117.96638351667 
0014000147 (0063000146) : 86466.46459227621 
0026000148 (0014000147) : 89028.97328717525 
0002000149 (0026000148) : 89515.27263341335 
0016000150 (0002000149) : 89836.6635382307 
0044000151 (0016000150) : 89867.95075012279 
0099000152 (0044000151) : 90619.70460442519 
0001000153 (0099000152) : 90919.9858929122 
0058000154 (0001000153) : 90983.450936223 
0096000155 (0058000154) : 91391.63903584388 
0023000156 (0096000155) : 93325.82079344284 
0053000157 (0023000156) : 93431.43329090734 
0085000158 (0053000157) : 93652.30749586341 
0043000159 (0085000158) : 94009.18731616059 
0067000160 (0043000159) : 94220.36279671249 
0085000161 (0067000160) : 95333.59924438309 
0029000162 (0085000161) : 95866.26783223206 
0067000163 (0029000162) : 96849.53057043003 
0032000164 (0067000163) : 97029.9370701921 
0001000165 (0032000164) : 98896.5063082311 
0002000166 (0001000165) : 99635.89208252192 
0023000167 (0002000166) : 99826.67751409217 
