0000000000 (genesis block) : 0 
0023000001 (0000000000) : 383.51502708264627 
0072000002 (0023000001) : 693.5487700426258 
0025000003 (0072000002) : 1164.4793845128404 
0076000004 (0025000003) : 1307.5576351653299 
0003000005 (0076000004) : 1808.5840706473477 
0035000006 (0003000005) : 2647.8708161296377 
0010000007 (0035000006) : 3066.9485648163654 
0026000008 (0010000007) : 3082.348714359138 
0048000009 (0026000008) : 3307.429477092263 
0022000010 (0048000009) : 3550.0455046083252 
0031000011 (0022000010) : 4288.308254486113 
0045000012 (0031000011) : 5127.368662208906 
0086000013 (0045000012) : 6639.180953430172 
0050000014 (0086000013) : 7432.43843826887 
0078000015 (0050000014) : 7682.762271225555 
0049000016 (0078000015) : 7713.95737498689 
0087000017 (0049000016) : 8129.4355666330675 
0000000018 (0087000017) : 8462.74257106603 
0009000019 (0000000018) : 8837.045874736328 
0016000020 (0009000019) : 9080.740591077029 
0063000021 (0016000020) : 10089.167333651441 
0023000022 (0063000021) : 10419.812741435366 
0092000023 (0023000022) : 10470.712995055701 
0061000024 (0092000023) : 10550.701174145772 
0017000025 (0061000024) : 10806.453357237622 
0088000026 (0017000025) : 11452.591888513112 
0023000027 (0088000026) : 11960.794985411323 
0001000028 (0023000027) : 12269.795556263587 
0030000029 (0001000028) : 14501.138098097234 
0040000030 (0030000029) : 15674.047196524529 
0071000031 (0040000030) : 16869.678302487493 
0023000032 (0071000031) : 17122.373079430563 
0024000033 (0023000032) : 17596.065105307654 
0095000034 (0024000033) : 18244.656014246473 
0088000035 (0095000034) : 19221.836189597536 
0018000036 (0088000035) : 20304.31414611155 
0038000037 (0018000036) : 20351.71159807255 
0080000038 (0038000037) : 20753.327779665244 
0074000039 (0080000038) : 21056.227157420883 
0090000040 (0074000039) : 21209.556767192695 
0080000041 (0090000040) : 22284.790333544453 
0099000042 (0080000041) : 22644.710344852498 
0060000043 (0099000042) : 26117.871937056236 
0012000044 (0060000043) : 26871.690010884213 
0023000045 (0012000044) : 27437.668209810523 
0089000046 (0023000045) : 27598.337459734663 
0004000047 (0089000046) : 28641.59641586477 
0093000048 (0004000047) : 29340.46348636155 
0023000049 (0093000048) : 29730.507512087643 
0076000050 (0023000049) : 30332.028743654795 
0032000051 (0076000050) : 31104.030916122007 
0023000052 (0032000051) : 32642.08496467917 
0074000053 (0023000052) : 32659.6613914749 
0042000054 (0074000053) : 34281.44288354071 
0097000055 (0042000054) : 34655.98758882216 
0038000056 (0097000055) : 34788.24837023521 
0035000057 (0038000056) : 34854.073851307185 
0071000058 (0035000057) : 35066.92131149178 
0068000059 (0071000058) : 35917.32119612726 
0018000060 (0068000059) : 36140.5940566245 
0040000061 (0018000060) : 36402.21713032576 
0075000062 (0040000061) : 38032.761035482166 
0017000063 (0075000062) : 38107.490388338585 
0032000064 (0017000063) : 38167.52860176004 
0080000065 (0032000064) : 39059.00955079662 
0012000066 (0080000065) : 40060.818783691575 
0073000067 (0012000066) : 42129.69376689133 
0058000068 (0073000067) : 42664.66750082995 
0047000069 (0058000068) : 43189.68869227346 
0081000070 (0047000069) : 44596.10241215294 
0011000071 (0081000070) : 45335.07025860756 
0049000072 (0011000071) : 45453.665572544145 
0023000073 (0049000072) : 46756.10699659155 
0049000074 (0023000073) : 47969.50702842629 
0093000075 (0049000074) : 48709.02602245759 
0028000076 (0093000075) : 49126.87869721224 
0023000077 (0028000076) : 49668.83604472324 
0076000078 (0023000077) : 50014.99551027364 
0014000079 (0076000078) : 50021.273278003304 
0060000080 (0014000079) : 50264.18363669557 
0010000081 (0060000080) : 50360.947293659556 
0045000082 (0010000081) : 50501.81731007693 
0055000083 (0045000082) : 53776.930338614744 
0053000084 (0055000083) : 53903.81349888024 
0079000085 (0053000084) : 54036.01418189592 
0023000086 (0079000085) : 54135.70329218614 
0081000087 (0023000086) : 56579.36423642625 
0022000088 (0081000087) : 56763.38164427157 
0030000089 (0022000088) : 57298.04377295277 
0023000090 (0030000089) : 58171.844319146105 
0037000091 (0023000090) : 58181.93283925564 
0039000092 (0037000091) : 58506.94421244941 
0043000093 (0039000092) : 58969.17414698132 
0045000094 (0043000093) : 59061.03519830324 
0089000095 (0045000094) : 59685.267874025136 
0039000096 (0089000095) : 60226.71243754526 
0083000097 (0039000096) : 61738.03932153766 
0093000098 (0083000097) : 62032.5728643359 
0091000099 (0093000098) : 62153.73224463168 
0041000100 (0091000099) : 62375.69552008358 
0022000101 (0041000100) : 62387.69396727848 
0035000102 (0022000101) : 62820.318166996534 
0026000103 (0035000102) : 63309.54009708856 
0023000104 (0026000103) : 64191.240700758535 
0085000105 (0023000104) : 64401.201048762276 
0081000106 (0085000105) : 64428.55867555234 
0050000107 (0081000106) : 65229.21447879601 
0037000108 (0050000107) : 65299.02261841877 
0059000109 (0037000108) : 67367.28337038399 
0031000110 (0059000109) : 68927.94169829974 
0049000111 (0031000110) : 69454.56425797119 
0045000112 (0049000111) : 69458.80067760248 
0018000113 (0045000112) : 69646.73678113912 
0023000114 (0018000113) : 70278.26769762604 
0096000115 (0023000114) : 70320.37110578522 
0011000116 (0096000115) : 70598.01474604772 
0098000117 (0011000116) : 71496.8793003469 
0077000118 (0098000117) : 72499.31566053226 
0040000119 (0077000118) : 72500.01629312827 
0084000120 (0040000119) : 73616.80366806175 
0090000121 (0084000120) : 73830.30359560867 
0001000122 (0090000121) : 74472.52800156825 
0087000123 (0001000122) : 77280.04942614501 
0006000124 (0087000123) : 77676.36204626813 
0023000125 (0006000124) : 78257.45964109301 
0056000126 (0023000125) : 78493.6120985668 
0038000127 (0056000126) : 79015.93627822315 
0070000128 (0038000127) : 79098.28263605644 
0014000129 (0070000128) : 79557.36447718741 
0069000130 (0014000129) : 79940.02615591377 
0088000131 (0069000130) : 80546.33490852128 
0072000132 (0088000131) : 80654.83092216877 
0074000133 (0072000132) : 80803.92978043582 
0024000134 (0074000133) : 81735.90338872829 
0073000135 (0024000134) : 81927.23208798427 
0070000136 (0073000135) : 82676.49418826737 
0098000137 (0070000136) : 82732.27175807151 
0013000138 (0098000137) : 82921.57024424232 
0023000139 (0013000138) : 83323.89634622079 
0096000140 (0023000139) : 83798.8874127672 
0033000141 (0096000140) : 84445.75229697688 
0030000142 (0033000141) : 84864.60883108532 
0009000143 (0030000142) : 85436.48765151636 
0042000144 (0009000143) : 85533.48942757596 
0018000145 (0042000144) : 85910.66094105477 
0063000146 (0018000145) : 86118.27304819004 
0014000147 (0063000146) : 86466.64505733956 
0026000148 (0014000147) : 89029.06804027231 
0002000149 (0026000148) : 89515.34959568054 
0016000150 (0002000149) : 89836.69499230533 
0044000151 (0016000150) : 89868.02648371311 
0099000152 (0044000151) : 90619.78196974189 
0001000153 (0099000152) : 90920.06424459856 
0058000154 (0001000153) : 90983.49534596076 
0096000155 (0058000154) : 91391.43598390327 
0023000156 (0096000155) : 93326.0502335534 
0053000157 (0023000156) : 93431.7306785913 
0085000158 (0053000157) : 93652.23358629883 
0043000159 (0085000158) : 94009.34240006392 
0067000160 (0043000159) : 94220.6162868202 
0085000161 (0067000160) : 95333.52359494138 
0029000162 (0085000161) : 95866.24268398927 
0067000163 (0029000162) : 96849.78450418058 
0032000164 (0067000163) : 97030.01545856844 
0001000165 (0032000164) : 98896.58344883603 
0002000166 (0001000165) : 99635.96899037207 
0023000167 (0002000166) : 99826.90724139335 
