0000000000 (genesis block) : 0 
0023000001 (0000000000) : 383.0819273981589 
0072000002 (0023000001) : 693.1150200438491 
0025000003 (0072000002) : 1164.0480921330086 
0076000004 (0025000003) : 1307.2035722537823 
0003000005 (0076000004) : 1808.680509805074 
0035000006 (0003000005) : 2647.6318419806944 
0010000007 (0035000006) : 3066.6638759931266 
0026000008 (0010000007) : 3082.0044497465447 
0048000009 (0026000008) : 3307.863128375129 
0022000010 (0048000009) : 3549.6062162698277 
0031000011 (0022000010) : 4288.037307560077 
0045000012 (0031000011) : 5127.206303810026 
0086000013 (0045000012) : 6638.974042488816 
0050000014 (0086000013) : 7432.169771567391 
0078000015 (0050000014) : 7682.328388280218 
0049000016 (0078000015) : 7714.027446884129 
0087000017 (0049000016) : 8129.4605064079515 
0000000018 (0087000017) : 8462.396933567039 
0009000019 (0000000018) : 8836.61428139185 
0016000020 (0009000019) : 9080.73673799008 
0063000021 (0016000020) : 10088.854009987555 
0023000022 (0063000021) : 10419.379104049935 
0092000023 (0023000022) : 10470.300673566044 
0061000024 (0092000023) : 10550.876169457499 
0017000025 (0061000024) : 10806.167636557462 
0088000026 (0017000025) : 11452.28462867627 
0023000027 (0088000026) : 11960.363472854866 
0001000028 (0023000027) : 12269.512104399562 
0030000029 (0001000028) : 14500.899845266096 
0040000030 (0030000029) : 15673.61481383288 
0071000031 (0040000030) : 16869.531948363478 
0023000032 (0071000031) : 17121.9396905983 
0024000033 (0023000032) : 17596.009501529647 
0095000034 (0024000033) : 18244.600754024734 
0088000035 (0095000034) : 19221.525281794427 
0018000036 (0088000035) : 20303.881618773565 
0038000037 (0018000036) : 20351.605839273303 
0080000038 (0038000037) : 20753.08787811031 
0074000039 (0080000038) : 21056.078947847906 
0090000040 (0074000039) : 21209.887905249405 
0080000041 (0090000040) : 22284.55120025661 
0099000042 (0080000041) : 22644.47235447494 
0060000043 (0099000042) : 26117.86321437942 
0012000044 (0060000043) : 26871.45305124922 
0023000045 (0012000044) : 27437.232317732432 
0089000046 (0023000045) : 27598.032302639996 
0004000047 (0089000046) : 28641.312260005758 
0093000048 (0004000047) : 29340.139919794452 
0023000049 (0093000048) : 29730.07227524591 
0076000050 (0023000049) : 30331.686201257748 
0032000051 (0076000050) : 31104.056885634105 
0023000052 (0032000051) : 32641.65238204642 
0074000053 (0023000052) : 32659.51487077738 
0042000054 (0074000053) : 34281.16032861254 
0097000055 (0042000054) : 34655.97871279074 
0038000056 (0097000055) : 34788.13679148633 
0035000057 (0038000056) : 34853.83385034027 
0071000058 (0035000057) : 35066.77218624934 
0068000059 (0071000058) : 35916.888127943115 
0018000060 (0068000059) : 36140.16237644769 
0040000061 (0018000060) : 36401.78302130962 
0075000062 (0040000061) : 38032.382602415746 
0017000063 (0075000062) : 38107.20653846984 
0032000064 (0017000063) : 38167.55477010705 
0080000065 (0032000064) : 39058.767291555945 
0012000066 (0080000065) : 40060.580506772945 
0073000067 (0012000066) : 42129.50089889404 
0058000068 (0073000067) : 42664.4293665773 
0047000069 (0058000068) : 43189.28523338431 
0081000070 (0047000069) : 44595.84281470106 
0011000071 (0081000070) : 45334.82323419643 
0049000072 (0011000071) : 45453.7257231024 
0023000073 (0049000072) : 46755.672649315784 
0049000074 (0023000073) : 47969.56789156046 
0093000075 (0049000074) : 48708.70821894176 
0028000076 (0093000075) : 49126.618142380044 
0023000077 (0028000076) : 49668.403294711105 
0076000078 (0023000077) : 50014.64735921474 
0014000079 (0076000078) : 50020.96506163297 
0060000080 (0014000079) : 50264.176273749654 
0010000081 (0060000080) : 50360.66223099928 
0045000082 (0010000081) : 50501.65380376248 
0055000083 (0045000082) : 53776.59781822067 
0053000084 (0055000083) : 53903.622173974705 
0079000085 (0053000084) : 54035.660940829075 
0023000086 (0079000085) : 54135.27053580121 
0081000087 (0023000086) : 56579.104897542995 
0022000088 (0081000087) : 56762.949616457205 
0030000089 (0022000088) : 57297.80664428038 
0023000090 (0030000089) : 58171.41041856834 
0037000091 (0023000090) : 58181.95532429432 
0039000092 (0037000091) : 58506.511709618986 
0043000093 (0039000092) : 58968.936499156465 
0045000094 (0043000093) : 59060.87112219125 
0089000095 (0045000094) : 59684.96103872843 
0039000096 (0089000095) : 60226.27895325292 
0083000097 (0039000096) : 61737.76372449473 
0093000098 (0083000097) : 62032.25274043871 
0091000099 (0093000098) : 62153.298848727885 
0041000100 (0091000099) : 62375.41001839745 
0022000101 (0041000100) : 62387.26010238803 
0035000102 (0022000101) : 62820.08051945004 
0026000103 (0035000102) : 63309.1972129745 
0023000104 (0026000103) : 64190.80762837568 
0085000105 (0023000104) : 64400.91943821511 
0081000106 (0085000105) : 64428.29790634785 
0050000107 (0081000106) : 65228.946530454734 
0037000108 (0050000107) : 65299.041210638694 
0059000109 (0037000108) : 67367.35745624715 
0031000110 (0059000109) : 68927.6691619882 
0049000111 (0031000110) : 69454.61990000159 
0045000112 (0049000111) : 69458.6382932851 
0018000113 (0045000112) : 69646.30422366381 
0023000114 (0018000113) : 70277.83469397786 
0096000115 (0023000114) : 70320.44191607085 
0011000116 (0096000115) : 70597.77116442188 
0098000117 (0011000116) : 71496.63443905623 
0077000118 (0098000117) : 72499.21748078408 
0040000119 (0077000118) : 72499.58343546352 
0084000120 (0040000119) : 73616.74807830775 
0090000121 (0084000120) : 73830.63123044813 
0001000122 (0090000121) : 74472.24234072986 
0087000123 (0001000122) : 77280.07333550094 
0006000124 (0087000123) : 77676.12556284812 
0023000125 (0006000124) : 78257.02697721061 
0056000126 (0023000125) : 78493.4633435269 
0038000127 (0056000126) : 79015.82915163002 
0070000128 (0038000127) : 79098.34673103795 
0014000129 (0070000128) : 79557.0554038502 
0069000130 (0014000129) : 79939.59327694816 
0088000131 (0069000130) : 80546.02400381883 
0072000132 (0088000131) : 80654.3989170268 
0074000133 (0072000132) : 80803.78318640006 
0024000134 (0074000133) : 81735.84735539531 
0073000135 (0024000134) : 81927.03476457113 
0070000136 (0073000135) : 82676.55789401107 
0098000137 (0070000136) : 82732.02451653549 
0013000138 (0098000137) : 82921.13412912462 
0023000139 (0013000138) : 83323.46434922612 
0096000140 (0023000139) : 83798.96099075217 
0033000141 (0096000140) : 84445.46435963032 
0030000142 (0033000141) : 84864.37153169517 
0009000143 (0030000142) : 85436.05322475752 
0042000144 (0009000143) : 85533.20534656929 
0018000145 (0042000144) : 85910.22764680904 
0063000146 (0018000145) : 86117.96305926592 
0014000147 (0063000146) : 86466.33781976004 
0026000148 (0014000147) : 89028.72014059301 
0002000149 (0026000148) : 89515.11421339921 
0016000150 (0002000149) : 89836.68596166025 
0044000151 (0016000150) : 89867.78654835581 
0099000152 (0044000151) : 90619.54033502676 
0001000153 (0099000152) : 90919.77538891797 
0058000154 (0001000153) : 90983.25393645241 
0096000155 (0058000154) : 91391.50942869305 
0023000156 (0096000155) : 93325.6186624588 
0053000157 (0023000156) : 93431.53838840085 
0085000158 (0053000157) : 93651.95269387546 
0043000159 (0085000158) : 94009.10388474815 
0067000160 (0043000159) : 94220.466788117 
0085000161 (0067000160) : 95333.24109675223 
0029000162 (0085000161) : 95865.98907675948 
0067000163 (0029000162) : 96849.63631896314 
0032000164 (0067000163) : 97030.03811375998 
0001000165 (0032000164) : 98896.29961699499 
0002000166 (0001000165) : 99635.73048602382 
0023000167 (0002000166) : 99826.4759830464 
