0000000000 (genesis block) : 0 
0023000001 (0000000000) : 383.2065896380722 
0072000002 (0023000001) : 693.446176610275 
0025000003 (0072000002) : 1164.392981819225 
0076000004 (0025000003) : 1307.2185732846854 
0003000005 (0076000004) : 1808.0901314616892 
0035000006 (0003000005) : 2647.6302982326974 
0010000007 (0035000006) : 3066.591128870268 
0026000008 (0010000007) : 3082.124475298549 
0048000009 (0026000008) : 3307.923521374067 
0022000010 (0048000009) : 3550.2382238209875 
0031000011 (0022000010) : 4288.02111885975 
0045000012 (0031000011) : 5127.170763151455 
0086000013 (0045000012) : 6639.021934211725 
0050000014 (0086000013) : 7432.172646046945 
0078000015 (0050000014) : 7682.572929758421 
0049000016 (0078000015) : 7713.463435651773 
0087000017 (0049000016) : 8129.801940252696 
0000000018 (0087000017) : 8462.517354694754 
0009000019 (0000000018) : 8836.864407852268 
0016000020 (0009000019) : 9080.42885489434 
0063000021 (0016000020) : 10088.730381199552 
0023000022 (0063000021) : 10419.509224125753 
0092000023 (0023000022) : 10470.424588019976 
0061000024 (0092000023) : 10550.627748326435 
0017000025 (0061000024) : 10806.322412632848 
0088000026 (0017000025) : 11452.429405130544 
0023000027 (0088000026) : 11960.494933808277 
0001000028 (0023000027) : 12269.77140892622 
0030000029 (0001000028) : 14501.191254180108 
0040000030 (0030000029) : 15673.909072483486 
0071000031 (0040000030) : 16869.3679665149 
0023000032 (0071000031) : 17122.067372356378 
0024000033 (0023000032) : 17595.77517099551 
0095000034 (0024000033) : 18244.3658396352 
0088000035 (0095000034) : 19221.667815034307 
0018000036 (0088000035) : 20304.254527735466 
0038000037 (0018000036) : 20351.662542015158 
0080000038 (0038000037) : 20753.340151509445 
0074000039 (0080000038) : 21056.023675616885 
0090000040 (0074000039) : 21209.828063041557 
0080000041 (0090000040) : 22284.80258579104 
0099000042 (0080000041) : 22644.91278137787 
0060000043 (0099000042) : 26117.435280398124 
0012000044 (0060000043) : 26871.894958052766 
0023000045 (0012000044) : 27437.354254199712 
0089000046 (0023000045) : 27597.901592704122 
0004000047 (0089000046) : 28641.727969141022 
0093000048 (0004000047) : 29340.264594189663 
0023000049 (0093000048) : 29730.19759545515 
0076000050 (0023000049) : 30331.694399142056 
0032000051 (0076000050) : 31104.49527749573 
0023000052 (0032000051) : 32641.773704703097 
0074000053 (0023000052) : 32659.456027419845 
0042000054 (0074000053) : 34281.086267081955 
0097000055 (0042000054) : 34655.69855980131 
0038000056 (0097000055) : 34788.198928983984 
0035000057 (0038000056) : 34853.83484171514 
0071000058 (0035000057) : 35066.60618528143 
0068000059 (0071000058) : 35917.114617381754 
0018000060 (0068000059) : 36140.5412875798 
0040000061 (0018000060) : 36402.07727731476 
0075000062 (0040000061) : 38032.43161945437 
0017000063 (0075000062) : 38107.36155995402 
0032000064 (0017000063) : 38167.993265975165 
0080000065 (0032000064) : 39059.01679639938 
0012000066 (0080000065) : 40061.022771795586 
0073000067 (0012000066) : 42129.48491751058 
0058000068 (0073000067) : 42664.17320596576 
0047000069 (0058000068) : 43189.53105472069 
0081000070 (0047000069) : 44595.892003048015 
0011000071 (0081000070) : 45334.992276618475 
0049000072 (0011000071) : 45453.1709526375 
0023000073 (0049000072) : 46755.79955570818 
0049000074 (0023000073) : 47969.01239217189 
0093000075 (0049000074) : 48708.8302596372 
0028000076 (0093000075) : 49126.51436723257 
0023000077 (0028000076) : 49668.52269379804 
0076000078 (0023000077) : 50014.65801969767 
0014000079 (0076000078) : 50021.11172999742 
0060000080 (0014000079) : 50263.74921532535 
0010000081 (0060000080) : 50360.59058959245 
0045000082 (0010000081) : 50501.61971454345 
0055000083 (0045000082) : 53776.759486746836 
0053000084 (0055000083) : 53903.5247050021 
0079000085 (0053000084) : 54035.705686336456 
0023000086 (0079000085) : 54135.396290266995 
0081000087 (0023000086) : 56579.15210693612 
0022000088 (0081000087) : 56763.58321330758 
0030000089 (0022000088) : 57298.0944496304 
0023000090 (0030000089) : 58171.535953217695 
0037000091 (0023000090) : 58181.8842151679 
0039000092 (0037000091) : 58506.87228142297 
0043000093 (0039000092) : 58969.04859926722 
0045000094 (0043000093) : 59060.836223131664 
0089000095 (0045000094) : 59684.83219870995 
0039000096 (0089000095) : 60226.64324352654 
0083000097 (0039000096) : 61737.82025646188 
0093000098 (0083000097) : 62032.37545945313 
0091000099 (0093000098) : 62153.5500707014 
0041000100 (0091000099) : 62375.53446758305 
0022000101 (0041000100) : 62387.892361483646 
0035000102 (0022000101) : 62820.08332897511 
0026000103 (0035000102) : 63309.321232654715 
0023000104 (0026000103) : 64190.92838163633 
0085000105 (0023000104) : 64401.03428831183 
0081000106 (0085000105) : 64428.34506229998 
0050000107 (0081000106) : 65228.94651141138 
0037000108 (0050000107) : 65298.97098781342 
0059000109 (0037000108) : 67367.11374867274 
0031000110 (0059000109) : 68927.65296073632 
0049000111 (0031000110) : 69454.06609115445 
0045000112 (0049000111) : 69458.6025471516 
0018000113 (0045000112) : 69646.67838743517 
0023000114 (0018000113) : 70277.96197237205 
0096000115 (0023000114) : 70319.876941237 
0011000116 (0096000115) : 70597.93223862765 
0098000117 (0011000116) : 71496.7958414441 
0077000118 (0098000117) : 72498.88857621382 
0040000119 (0077000118) : 72499.87457339026 
0084000120 (0040000119) : 73616.51347959158 
0090000121 (0084000120) : 73830.57389859777 
0001000122 (0090000121) : 74472.50337482801 
0087000123 (0001000122) : 77280.41796609608 
0006000124 (0087000123) : 77676.28937479052 
0023000125 (0006000124) : 78257.15067132744 
0056000126 (0023000125) : 78493.33050080838 
0038000127 (0056000126) : 79015.88787023354 
0070000128 (0038000127) : 79098.2793594412 
0014000129 (0070000128) : 79557.19859789828 
0069000130 (0014000129) : 79939.8893046374 
0088000131 (0069000130) : 80546.17470333565 
0072000132 (0088000131) : 80654.7318190469 
0074000133 (0072000132) : 80803.7265445708 
0024000134 (0074000133) : 81735.6169302593 
0073000135 (0024000134) : 81927.01818563497 
0070000136 (0073000135) : 82676.4889352077 
0098000137 (0070000136) : 82732.1889800106 
0013000138 (0098000137) : 82921.3880976032 
0023000139 (0013000138) : 83323.58936879596 
0096000140 (0023000139) : 83798.39244952 
0033000141 (0096000140) : 84445.58399471597 
0030000142 (0033000141) : 84864.6598975591 
0009000143 (0030000142) : 85436.29585774864 
0042000144 (0009000143) : 85533.13444612933 
0018000145 (0042000144) : 85910.60568348033 
0063000146 (0018000145) : 86117.83772092732 
0014000147 (0063000146) : 86466.48184157108 
0026000148 (0014000147) : 89028.84174745172 
0002000149 (0026000148) : 89515.55435082567 
0016000150 (0002000149) : 89836.38126813117 
0044000151 (0016000150) : 89868.22848748721 
0099000152 (0044000151) : 90619.98023148678 
0001000153 (0099000152) : 90920.03485748853 
0058000154 (0001000153) : 90983.00043191161 
0096000155 (0058000154) : 91390.94079768684 
0023000156 (0096000155) : 93325.74296187576 
0053000157 (0023000156) : 93431.44049090646 
0085000158 (0053000157) : 93652.06464384505 
0043000159 (0085000158) : 94009.21597247363 
0067000160 (0043000159) : 94220.41089141066 
0085000161 (0067000160) : 95333.35294706687 
0029000162 (0085000161) : 95866.07268141682 
0067000163 (0029000162) : 96849.58027795012 
0032000164 (0067000163) : 97030.481250072 
0001000165 (0032000164) : 98896.5564555142 
0002000166 (0001000165) : 99636.17163042155 
0023000167 (0002000166) : 99826.6006207203 
