0000000000 (genesis block) : 0 
0023000001 (0000000000) : 382.8541979592519 
0072000002 (0023000001) : 693.1093089250946 
0025000003 (0072000002) : 1164.2413453451657 
0076000004 (0025000003) : 1307.0559195898734 
0003000005 (0076000004) : 1808.6154875642142 
0035000006 (0003000005) : 2647.519782529276 
0010000007 (0035000006) : 3066.684532430855 
0026000008 (0010000007) : 3081.8516634844927 
0048000009 (0026000008) : 3308.169382909955 
0022000010 (0048000009) : 3549.9156080395132 
0031000011 (0022000010) : 4288.003368486918 
0045000012 (0031000011) : 5126.948524344503 
0086000013 (0045000012) : 6638.878799712388 
0050000014 (0086000013) : 7431.865330845568 
0078000015 (0050000014) : 7682.323221290015 
0049000016 (0078000015) : 7713.8724073903995 
0087000017 (0049000016) : 8129.582672526916 
0000000018 (0087000017) : 8462.242113157627 
0009000019 (0000000018) : 8836.519925336077 
0016000020 (0009000019) : 9080.622013521977 
0063000021 (0016000020) : 10088.703308531713 
0023000022 (0063000021) : 10419.149640615673 
0092000023 (0023000022) : 10470.295208105124 
0061000024 (0092000023) : 10550.652984341761 
0017000025 (0061000024) : 10806.21106920428 
0088000026 (0017000025) : 11452.323253197615 
0023000027 (0088000026) : 11960.13775384281 
0001000028 (0023000027) : 12269.318091412139 
0030000029 (0001000028) : 14501.079011215814 
0040000030 (0030000029) : 15673.38662925226 
0071000031 (0040000030) : 16869.478981191154 
0023000032 (0071000031) : 17121.7121927613 
0024000033 (0023000032) : 17595.98907603161 
0095000034 (0024000033) : 18244.54973197112 
0088000035 (0095000034) : 19221.5626077649 
0018000036 (0088000035) : 20304.032204016225 
0038000037 (0018000036) : 20351.471686783385 
0080000038 (0038000037) : 20752.95675933369 
0074000039 (0080000038) : 21055.80307116099 
0090000040 (0074000039) : 21209.86651872053 
0080000041 (0090000040) : 22284.419159676316 
0099000042 (0080000041) : 22644.77709131642 
0060000043 (0099000042) : 26117.760509414522 
0012000044 (0060000043) : 26871.76826234874 
0023000045 (0012000044) : 27436.999474177577 
0089000046 (0023000045) : 27597.88077932698 
0004000047 (0089000046) : 28641.419001786617 
0093000048 (0004000047) : 29339.969041728815 
0023000049 (0093000048) : 29729.84353661178 
0076000050 (0023000049) : 30331.529948969262 
0032000051 (0076000050) : 31104.36402849612 
0023000052 (0032000051) : 32641.414845754032 
0074000053 (0023000052) : 32659.23529088472 
0042000054 (0074000053) : 34281.07169437304 
0097000055 (0042000054) : 34656.01021332091 
0038000056 (0097000055) : 34788.00487788151 
0035000057 (0038000056) : 34853.72106972482 
0071000058 (0035000057) : 35066.71846152495 
0068000059 (0071000058) : 35916.583810622134 
0018000060 (0068000059) : 36140.30951566906 
0040000061 (0018000060) : 36401.55549479214 
0075000062 (0040000061) : 38032.49014691343 
0017000063 (0075000062) : 38107.24923189627 
0032000064 (0017000063) : 38167.85972297386 
0080000065 (0032000064) : 39058.63052380863 
0012000066 (0080000065) : 40060.88798565357 
0073000067 (0012000066) : 42129.26632811161 
0058000068 (0073000067) : 42664.44879001176 
0047000069 (0058000068) : 43189.422069043154 
0081000070 (0047000069) : 44595.669278991045 
0011000071 (0081000070) : 45334.76909100518 
0049000072 (0011000071) : 45453.57518876138 
0023000073 (0049000072) : 46755.44361435621 
0049000074 (0023000073) : 47969.41596351317 
0093000075 (0049000074) : 48708.52714511034 
0028000076 (0093000075) : 49126.43179797669 
0023000077 (0028000076) : 49668.16857879537 
0076000078 (0023000077) : 50014.49998001611 
0014000079 (0076000078) : 50021.00179032498 
0060000080 (0014000079) : 50264.07478301808 
0010000081 (0060000080) : 50360.68159862942 
0045000082 (0010000081) : 50501.39724944246 
0055000083 (0045000082) : 53776.50232189772 
0053000084 (0055000083) : 53903.34345992818 
0079000085 (0053000084) : 54035.65498022931 
0023000086 (0079000085) : 54135.042109809896 
0081000087 (0023000086) : 56578.9291961961 
0022000088 (0081000087) : 56763.25279682945 
0030000089 (0022000088) : 57297.982211239774 
0023000090 (0030000089) : 58171.182667373934 
0037000091 (0023000090) : 58181.77670472598 
0039000092 (0037000091) : 58506.50977264084 
0043000093 (0039000092) : 58968.84067348359 
0045000094 (0043000093) : 59060.61642890045 
0089000095 (0045000094) : 59684.812104060366 
0039000096 (0089000095) : 60226.27461937816 
0083000097 (0039000096) : 61737.627230409766 
0093000098 (0083000097) : 62032.07300691866 
0091000099 (0093000098) : 62153.20335171924 
0041000100 (0091000099) : 62375.54144646845 
0022000101 (0041000100) : 62387.565746314234 
0035000102 (0022000101) : 62819.97121713901 
0026000103 (0035000102) : 63309.04102525138 
0023000104 (0026000103) : 64190.57734960507 
0085000105 (0023000104) : 64400.914945750184 
0081000106 (0085000105) : 64428.12351835552 
0050000107 (0081000106) : 65228.641227923334 
0037000108 (0050000107) : 65298.86081682405 
0059000109 (0037000108) : 67367.13303564038 
0031000110 (0059000109) : 68927.63408253188 
0049000111 (0031000110) : 69454.46983628187 
0045000112 (0049000111) : 69458.3804617565 
0018000113 (0045000112) : 69646.45670816176 
0023000114 (0018000113) : 70277.60611798322 
0096000115 (0023000114) : 70320.39018745621 
0011000116 (0096000115) : 70597.71029253161 
0098000117 (0011000116) : 71496.57862208154 
0077000118 (0098000117) : 72499.03149199845 
0040000119 (0077000118) : 72499.35482554993 
0084000120 (0040000119) : 73616.74211400752 
0090000121 (0084000120) : 73830.61425850658 
0001000122 (0090000121) : 74472.04836013503 
0087000123 (0001000122) : 77280.19689917489 
0006000124 (0087000123) : 77676.09825517407 
0023000125 (0006000124) : 78256.79685959249 
0056000126 (0023000125) : 78493.23585654412 
0038000127 (0056000126) : 79015.6936007146 
0070000128 (0038000127) : 79098.16704955311 
0014000129 (0070000128) : 79557.09215056025 
0069000130 (0014000129) : 79939.46225932315 
0088000131 (0069000130) : 80546.0629970508 
0072000132 (0088000131) : 80654.39263234404 
0074000133 (0072000132) : 80803.50494719416 
0024000134 (0074000133) : 81735.83103422461 
0073000135 (0024000134) : 81926.80647609297 
0070000136 (0073000135) : 82676.37946770703 
0098000137 (0070000136) : 82731.96623911613 
0013000138 (0098000137) : 82920.9511891723 
0023000139 (0013000138) : 83323.23475635139 
0096000140 (0023000139) : 83798.9110516297 
0033000141 (0096000140) : 84445.60587431728 
0030000142 (0033000141) : 84864.55363944698 
0009000143 (0030000142) : 85435.95100929559 
0042000144 (0009000143) : 85533.11833004419 
0018000145 (0042000144) : 85910.37602546923 
0063000146 (0018000145) : 86117.81137827004 
0014000147 (0063000146) : 86466.37714179976 
0026000148 (0014000147) : 89028.56497645547 
0002000149 (0026000148) : 89515.41909525597 
0016000150 (0002000149) : 89836.57431881329 
0044000151 (0016000150) : 89868.09335701035 
0099000152 (0044000151) : 90619.84882568353 
0001000153 (0099000152) : 90919.58229985408 
0058000154 (0001000153) : 90983.28064849655 
0096000155 (0058000154) : 91391.45652432978 
0023000156 (0096000155) : 93325.38798114908 
0053000157 (0023000156) : 93431.26381537077 
0085000158 (0053000157) : 93651.94848054167 
0043000159 (0085000158) : 94009.01192905607 
0067000160 (0043000159) : 94220.19509465572 
0085000161 (0067000160) : 95333.23649262215 
0029000162 (0085000161) : 95865.98582944811 
0067000163 (0029000162) : 96849.35945092698 
0032000164 (0067000163) : 97030.34889310447 
0001000165 (0032000164) : 98896.1027824543 
0002000166 (0001000165) : 99636.03625886586 
0023000167 (0002000166) : 99826.24513963977 
