0000000000 (genesis block) : 0 
0023000001 (0000000000) : 383.209876168451 
0072000002 (0023000001) : 693.0731264906975 
0025000003 (0072000002) : 1164.353393098485 
0076000004 (0025000003) : 1307.031630455198 
0003000005 (0076000004) : 1808.5191022135812 
0035000006 (0003000005) : 2647.673719069976 
0010000007 (0035000006) : 3066.706758469571 
0026000008 (0010000007) : 3081.9379765889407 
0048000009 (0026000008) : 3308.0219097176023 
0022000010 (0048000009) : 3549.9135494972193 
0031000011 (0022000010) : 4288.1521614036865 
0045000012 (0031000011) : 5127.099723315455 
0086000013 (0045000012) : 6639.054521857503 
0050000014 (0086000013) : 7432.190192878422 
0078000015 (0050000014) : 7682.56443380438 
0049000016 (0078000015) : 7713.851321501536 
0087000017 (0049000016) : 8129.617683586373 
0000000018 (0087000017) : 8462.330338724956 
0009000019 (0000000018) : 8836.644410888965 
0016000020 (0009000019) : 9080.774966449279 
0063000021 (0016000020) : 10088.677876443264 
0023000022 (0063000021) : 10419.511859712105 
0092000023 (0023000022) : 10470.415083241449 
0061000024 (0092000023) : 10550.847518250732 
0017000025 (0061000024) : 10806.327452742198 
0088000026 (0017000025) : 11452.00161967395 
0023000027 (0088000026) : 11960.49322784651 
0001000028 (0023000027) : 12269.596221558411 
0030000029 (0001000028) : 14501.058388026737 
0040000030 (0030000029) : 15673.721473016016 
0071000031 (0040000030) : 16869.70912397667 
0023000032 (0071000031) : 17122.07106694345 
0024000033 (0023000032) : 17595.76792371413 
0095000034 (0024000033) : 18244.35733199299 
0088000035 (0095000034) : 19221.242004360836 
0018000036 (0088000035) : 20303.826286167267 
0038000037 (0018000036) : 20351.809573764956 
0080000038 (0038000037) : 20753.24655107801 
0074000039 (0080000038) : 21056.03632220205 
0090000040 (0074000039) : 21210.01614936182 
0080000041 (0090000040) : 22284.70903971582 
0099000042 (0080000041) : 22644.63047285773 
0060000043 (0099000042) : 26117.659649452784 
0012000044 (0060000043) : 26871.611406905307 
0023000045 (0012000044) : 27437.359758653867 
0089000046 (0023000045) : 27597.852987856 
0004000047 (0089000046) : 28641.47203004808 
0093000048 (0004000047) : 29340.076938336482 
0023000049 (0093000048) : 29730.20133026368 
0076000050 (0023000049) : 30331.505017949872 
0032000051 (0076000050) : 31104.21410651225 
0023000052 (0032000051) : 32641.773818408932 
0074000053 (0023000052) : 32659.468087918245 
0042000054 (0074000053) : 34281.19819633785 
0097000055 (0042000054) : 34655.772405700576 
0038000056 (0097000055) : 34788.336858527415 
0035000057 (0038000056) : 34853.87387521186 
0071000058 (0035000057) : 35066.94760961113 
0068000059 (0071000058) : 35917.018027148944 
0018000060 (0068000059) : 36140.1118669962 
0040000061 (0018000060) : 36401.885935343664 
0075000062 (0040000061) : 38032.46633844485 
0017000063 (0075000062) : 38107.36432303459 
0032000064 (0017000063) : 38167.71357417621 
0080000065 (0032000064) : 39058.925114109974 
0012000066 (0080000065) : 40060.738821216924 
0073000067 (0012000066) : 42129.49959699991 
0058000068 (0073000067) : 42664.3151614465 
0047000069 (0058000068) : 43189.1022529667 
0081000070 (0047000069) : 44595.90474461035 
0011000071 (0081000070) : 45334.91447743518 
0049000072 (0011000071) : 45453.549668978645 
0023000073 (0049000072) : 46755.80508483965 
0049000074 (0023000073) : 47969.394760883544 
0093000075 (0049000074) : 48708.64114782567 
0028000076 (0093000075) : 49126.55189434227 
0023000077 (0028000076) : 49668.52711342063 
0076000078 (0023000077) : 50014.470589771314 
0014000079 (0076000078) : 50020.68231440747 
0060000080 (0014000079) : 50263.96844900758 
0010000081 (0060000080) : 50360.70692015025 
0045000082 (0010000081) : 50501.54669704145 
0055000083 (0045000082) : 53776.41531204408 
0053000084 (0055000083) : 53903.51495456548 
0079000085 (0053000084) : 54035.7382712437 
0023000086 (0079000085) : 54135.399062864024 
0081000087 (0023000086) : 56579.164008648884 
0022000088 (0081000087) : 56763.25553226233 
0030000089 (0022000088) : 57297.96710529425 
0023000090 (0030000089) : 58171.54224623906 
0037000091 (0023000090) : 58181.89015871127 
0039000092 (0037000091) : 58506.81714836854 
0043000093 (0039000092) : 58969.09437103349 
0045000094 (0043000093) : 59060.764341342765 
0089000095 (0045000094) : 59684.78101740084 
0039000096 (0089000095) : 60226.587685058716 
0083000097 (0039000096) : 61737.96323119931 
0093000098 (0083000097) : 62032.188359709 
0091000099 (0093000098) : 62153.49583908504 
0041000100 (0091000099) : 62375.103585648576 
0022000101 (0041000100) : 62387.5649239899 
0035000102 (0022000101) : 62820.12298740933 
0026000103 (0035000102) : 63309.12988463618 
0023000104 (0026000103) : 64190.93580600909 
0085000105 (0023000104) : 64401.105842090205 
0081000106 (0085000105) : 64428.356703368685 
0050000107 (0081000106) : 65228.95934105592 
0037000108 (0050000107) : 65298.97704997677 
0059000109 (0037000108) : 67367.33292709947 
0031000110 (0059000109) : 68927.7871211452 
0049000111 (0031000110) : 69454.44453856214 
0045000112 (0049000111) : 69458.53080786855 
0018000113 (0045000112) : 69646.25046409479 
0023000114 (0018000113) : 70277.9661527298 
0096000115 (0023000114) : 70320.30693038275 
0011000116 (0096000115) : 70597.86068052144 
0098000117 (0011000116) : 71496.72486607281 
0077000118 (0098000117) : 72499.01673944027 
0040000119 (0077000118) : 72499.68613233753 
0084000120 (0040000119) : 73616.50782457841 
0090000121 (0084000120) : 73830.76448631343 
0001000122 (0090000121) : 74472.32727862152 
0087000123 (0001000122) : 77280.23220541306 
0006000124 (0087000123) : 77676.28303042916 
0023000125 (0006000124) : 78257.1555389926 
0056000126 (0023000125) : 78493.25616237932 
0038000127 (0056000126) : 79016.03021712323 
0070000128 (0038000127) : 79098.28401719041 
0014000129 (0070000128) : 79556.77088876674 
0069000130 (0014000129) : 79939.8238906777 
0088000131 (0069000130) : 80545.74186337083 
0072000132 (0088000131) : 80654.3589651827 
0074000133 (0072000132) : 80803.73966536664 
0024000134 (0074000133) : 81735.60705025277 
0073000135 (0024000134) : 81927.03928681556 
0070000136 (0073000135) : 82676.49258098227 
0098000137 (0070000136) : 82732.11777004063 
0013000138 (0098000137) : 82921.28250050211 
0023000139 (0013000138) : 83323.59265555373 
0096000140 (0023000139) : 83798.82342110963 
0033000141 (0096000140) : 84445.62455791315 
0030000142 (0033000141) : 84864.53063168764 
0009000143 (0030000142) : 85436.07471316395 
0042000144 (0009000143) : 85533.24581436324 
0018000145 (0042000144) : 85910.17527513712 
0063000146 (0018000145) : 86117.78884463219 
0014000147 (0063000146) : 86466.05297671472 
0026000148 (0014000147) : 89028.65420773081 
0002000149 (0026000148) : 89515.27062802568 
0016000150 (0002000149) : 89836.72354183129 
0044000151 (0016000150) : 89867.94631347343 
0099000152 (0044000151) : 90619.6984576288 
0001000153 (0099000152) : 90919.86303469277 
0058000154 (0001000153) : 90983.1412384208 
0096000155 (0058000154) : 91391.36926774016 
0023000156 (0096000155) : 93325.75064740267 
0053000157 (0023000156) : 93431.43130752948 
0085000158 (0053000157) : 93652.13822508947 
0043000159 (0085000158) : 94009.2642721378 
0067000160 (0043000159) : 94220.42311141036 
0085000161 (0067000160) : 95333.42710510247 
0029000162 (0085000161) : 95865.90546459152 
0067000163 (0029000162) : 96849.59128252287 
0032000164 (0067000163) : 97030.19541227908 
0001000165 (0032000164) : 98896.38174918953 
0002000166 (0001000165) : 99635.89008146034 
0023000167 (0002000166) : 99826.60594796918 
