0000000000 (genesis block) : 0 
0023000001 (0000000000) : 383.23727511069285 
0072000002 (0023000001) : 693.182500071181 
0025000003 (0072000002) : 1164.280204329257 
0076000004 (0025000003) : 1307.1398166582574 
0003000005 (0076000004) : 1808.6280084110836 
0035000006 (0003000005) : 2647.5638607157493 
0010000007 (0035000006) : 3066.814313968723 
0026000008 (0010000007) : 3082.042923429011 
0048000009 (0026000008) : 3308.1296988583103 
0022000010 (0048000009) : 3550.0005801301977 
0031000011 (0022000010) : 4288.044462944852 
0045000012 (0031000011) : 5126.992082929295 
0086000013 (0045000012) : 6639.163985763507 
0050000014 (0086000013) : 7432.082426669641 
0078000015 (0050000014) : 7682.633049765104 
0049000016 (0078000015) : 7713.7558405404325 
0087000017 (0049000016) : 8129.624106408981 
0000000018 (0087000017) : 8462.43598281048 
0009000019 (0000000018) : 8836.535776163251 
0016000020 (0009000019) : 9080.662518069461 
0063000021 (0016000020) : 10088.786466483558 
0023000022 (0063000021) : 10419.535261156205 
0092000023 (0023000022) : 10470.524379370683 
0061000024 (0092000023) : 10550.77650305019 
0017000025 (0061000024) : 10806.25138143615 
0088000026 (0017000025) : 11451.893899701883 
0023000027 (0088000026) : 11960.521336372045 
0001000028 (0023000027) : 12269.488522289397 
0030000029 (0001000028) : 14501.120957080682 
0040000030 (0030000029) : 15673.816484581946 
0071000031 (0040000030) : 16869.601407315353 
0023000032 (0071000031) : 17122.104107304556 
0024000033 (0023000032) : 17595.876812809664 
0095000034 (0024000033) : 18244.465446490518 
0088000035 (0095000034) : 19221.133248762468 
0018000036 (0088000035) : 20303.71820860253 
0038000037 (0018000036) : 20351.900508556082 
0080000038 (0038000037) : 20753.35418936415 
0074000039 (0080000038) : 21055.92736684874 
0090000040 (0074000039) : 21209.90832890411 
0080000041 (0090000040) : 22284.817710556537 
0099000042 (0080000041) : 22644.710190270616 
0060000043 (0099000042) : 26117.76837615706 
0012000044 (0060000043) : 26871.719130773225 
0023000045 (0012000044) : 27437.383724756033 
0089000046 (0023000045) : 27597.96071196532 
0004000047 (0089000046) : 28641.566299984377 
0093000048 (0004000047) : 29340.180881728273 
0023000049 (0093000048) : 29730.227278685663 
0076000050 (0023000049) : 30331.612569328267 
0032000051 (0076000050) : 31104.321721545915 
0023000052 (0032000051) : 32641.799108087485 
0074000053 (0023000052) : 32659.360172190653 
0042000054 (0074000053) : 34281.20682100023 
0097000055 (0042000054) : 34655.88103763402 
0038000056 (0097000055) : 34788.434577413325 
0035000057 (0038000056) : 34853.765090762434 
0071000058 (0035000057) : 35066.839860799926 
0068000059 (0071000058) : 35917.0167229071 
0018000060 (0068000059) : 36140.00242692567 
0040000061 (0018000060) : 36401.98430884159 
0075000062 (0040000061) : 38032.574824530806 
0017000063 (0075000062) : 38107.292581173584 
0032000064 (0017000063) : 38167.821277147465 
0080000065 (0032000064) : 39059.03381458201 
0012000066 (0080000065) : 40060.84727162983 
0073000067 (0012000066) : 42129.391754597265 
0058000068 (0073000067) : 42664.422948699685 
0047000069 (0058000068) : 43188.99308033934 
0081000070 (0047000069) : 44595.795032199596 
0011000071 (0081000070) : 45334.80672864916 
0049000072 (0011000071) : 45453.46063783012 
0023000073 (0049000072) : 46755.83010213342 
0049000074 (0023000073) : 47969.30419447221 
0093000075 (0049000074) : 48708.74695258522 
0028000076 (0093000075) : 49126.65065329452 
0023000077 (0028000076) : 49668.55303221643 
0076000078 (0023000077) : 50014.5786883608 
0014000079 (0076000078) : 50020.57328688914 
0060000080 (0014000079) : 50264.07659605857 
0010000081 (0060000080) : 50360.81489574174 
0045000082 (0010000081) : 50501.43888679554 
0055000083 (0045000082) : 53776.306446699804 
0053000084 (0055000083) : 53903.47094887986 
0079000085 (0053000084) : 54035.84651507915 
0023000086 (0079000085) : 54135.42278658888 
0081000087 (0023000086) : 56579.055346981404 
0022000088 (0081000087) : 56763.34165200685 
0030000089 (0022000088) : 57298.02388577888 
0023000090 (0030000089) : 58171.56619186509 
0037000091 (0023000090) : 58181.9939634481 
0039000092 (0037000091) : 58506.81740564693 
0043000093 (0039000092) : 58969.167618622916 
0045000094 (0043000093) : 59060.656761049024 
0089000095 (0045000094) : 59684.88944585778 
0039000096 (0089000095) : 60226.58405625184 
0083000097 (0039000096) : 61738.06055531686 
0093000098 (0083000097) : 62032.29358917344 
0091000099 (0093000098) : 62153.38798630638 
0041000100 (0091000099) : 62375.21185825006 
0022000101 (0041000100) : 62387.6528362703 
0035000102 (0022000101) : 62820.01268402079 
0026000103 (0035000102) : 63309.236481664324 
0023000104 (0026000103) : 64190.96076847912 
0085000105 (0023000104) : 64401.21398719336 
0081000106 (0085000105) : 64428.24862026539 
0050000107 (0081000106) : 65228.84967095703 
0037000108 (0050000107) : 65299.08158329406 
0059000109 (0037000108) : 67367.25951834262 
0031000110 (0059000109) : 68927.67919057189 
0049000111 (0031000110) : 69454.35636135862 
0045000112 (0049000111) : 69458.42235863337 
0018000113 (0045000112) : 69646.1427988327 
0023000114 (0018000113) : 70277.98853136571 
0096000115 (0023000114) : 70320.41496161374 
0011000116 (0096000115) : 70597.75221853208 
0098000117 (0011000116) : 71496.61729639528 
0077000118 (0098000117) : 72499.12542200438 
0040000119 (0077000118) : 72499.78747054965 
0084000120 (0040000119) : 73616.61536820508 
0090000121 (0084000120) : 73830.65622739734 
0001000122 (0090000121) : 74472.21958515265 
0087000123 (0001000122) : 77280.23994557351 
0006000124 (0087000123) : 77676.39181237 
0023000125 (0006000124) : 78257.17874611302 
0056000126 (0023000125) : 78493.3649264933 
0038000127 (0056000126) : 79016.12739264828 
0070000128 (0038000127) : 79098.3886641698 
0014000129 (0070000128) : 79556.66250396936 
0069000130 (0014000129) : 79939.8925569621 
0088000131 (0069000130) : 80545.63318311417 
0072000132 (0088000131) : 80654.46752266509 
0074000133 (0072000132) : 80803.62990526542 
0024000134 (0074000133) : 81735.71465034997 
0073000135 (0024000134) : 81926.93173828658 
0070000136 (0073000135) : 82676.5975150429 
0098000137 (0070000136) : 82732.0088594922 
0013000138 (0098000137) : 82921.23081102197 
0023000139 (0013000138) : 83323.6209533957 
0096000140 (0023000139) : 83798.93149262352 
0033000141 (0096000140) : 84445.73128951705 
0030000142 (0033000141) : 84864.59606702357 
0009000143 (0030000142) : 85435.96636243966 
0042000144 (0009000143) : 85533.25147828273 
0018000145 (0042000144) : 85910.06745506216 
0063000146 (0018000145) : 86117.89811866134 
0014000147 (0063000146) : 86465.94467662492 
0026000148 (0014000147) : 89028.75887376371 
0002000149 (0026000148) : 89515.38217672978 
0016000150 (0002000149) : 89836.61553522883 
0044000151 (0016000150) : 89868.05948304573 
0099000152 (0044000151) : 90619.77704690832 
0001000153 (0099000152) : 90919.75535685621 
0058000154 (0001000153) : 90983.24903655532 
0096000155 (0058000154) : 91391.4789716791 
0023000156 (0096000155) : 93325.77393759377 
0053000157 (0023000156) : 93431.3868744577 
0085000158 (0053000157) : 93652.24588477425 
0043000159 (0085000158) : 94009.33654340514 
0067000160 (0043000159) : 94220.31525412797 
0085000161 (0067000160) : 95333.5348769242 
0029000162 (0085000161) : 95865.79715185153 
0067000163 (0029000162) : 96849.48323406457 
0032000164 (0067000163) : 97030.30498863396 
0001000165 (0032000164) : 98896.27401485946 
0002000166 (0001000165) : 99635.99806739963 
0023000167 (0002000166) : 99826.63002106397 
