0000000000 (genesis block) : 0 
0023000001 (0000000000) : 383.25331224014957 
0072000002 (0023000001) : 693.1566795690514 
0025000003 (0072000002) : 1164.2970048353027 
0076000004 (0025000003) : 1307.19290094364 
0003000005 (0076000004) : 1808.4723710573055 
0035000006 (0003000005) : 2647.340036177355 
0010000007 (0035000006) : 3066.7299214458153 
0026000008 (0010000007) : 3082.098499054182 
0048000009 (0026000008) : 3308.113527151072 
0022000010 (0048000009) : 3550.0072936655156 
0031000011 (0022000010) : 4288.034479718485 
0045000012 (0031000011) : 5127.003926679168 
0086000013 (0045000012) : 6639.209890194646 
0050000014 (0086000013) : 7432.094921952098 
0078000015 (0050000014) : 7682.726325664448 
0049000016 (0078000015) : 7713.868882993455 
0087000017 (0049000016) : 8129.640411906242 
0000000018 (0087000017) : 8462.300882271666 
0009000019 (0000000018) : 8836.779952891278 
0016000020 (0009000019) : 9080.444416784047 
0063000021 (0016000020) : 10088.493213099142 
0023000022 (0063000021) : 10419.548109071546 
0092000023 (0023000022) : 10470.69923030208 
0061000024 (0092000023) : 10550.790571242364 
0017000025 (0061000024) : 10805.766046137589 
0088000026 (0017000025) : 11452.378981758502 
0023000027 (0088000026) : 11960.535608823671 
0001000028 (0023000027) : 12269.727701125688 
0030000029 (0001000028) : 14500.90109753654 
0040000030 (0030000029) : 15673.828661308466 
0071000031 (0040000030) : 16869.38135170387 
0023000032 (0071000031) : 17122.11240419949 
0024000033 (0023000032) : 17596.12693019452 
0095000034 (0024000033) : 18244.687964998502 
0088000035 (0095000034) : 19221.61771873476 
0018000036 (0088000035) : 20304.20447230349 
0038000037 (0018000036) : 20351.900785033093 
0080000038 (0038000037) : 20753.3393427235 
0074000039 (0080000038) : 21055.940656832583 
0090000040 (0074000039) : 21209.842283313665 
0080000041 (0090000040) : 22284.802565177604 
0099000042 (0080000041) : 22644.72385256613 
0060000043 (0099000042) : 26117.8491170077 
0012000044 (0060000043) : 26871.703112228482 
0023000045 (0012000044) : 27437.396332624023 
0089000046 (0023000045) : 27597.87611932422 
0004000047 (0089000046) : 28641.564243130753 
0093000048 (0004000047) : 29340.239452059166 
0023000049 (0093000048) : 29730.240029952394 
0076000050 (0023000049) : 30331.668091494263 
0032000051 (0076000050) : 31104.308050075175 
0023000052 (0032000051) : 32641.811834534605 
0074000053 (0023000052) : 32659.3734445779 
0042000054 (0074000053) : 34281.22199338761 
0097000055 (0042000054) : 34656.11105209817 
0038000056 (0097000055) : 34788.43044671335 
0035000057 (0038000056) : 34853.54490074725 
0071000058 (0035000057) : 35066.62068254269 
0068000059 (0071000058) : 35917.030509883916 
0018000060 (0068000059) : 36140.48751345186 
0040000061 (0018000060) : 36401.99777461377 
0075000062 (0040000061) : 38032.71429223901 
0017000063 (0075000062) : 38106.80725828363 
0032000064 (0017000063) : 38167.80477962754 
0080000065 (0032000064) : 39059.0196913928 
0012000066 (0080000065) : 40060.83264062353 
0073000067 (0012000066) : 42129.40810355913 
0058000068 (0073000067) : 42664.55474993504 
0047000069 (0058000068) : 43189.47761617915 
0081000070 (0047000069) : 44595.809265768636 
0011000071 (0081000070) : 45334.81977066177 
0049000072 (0011000071) : 45453.572037502265 
0023000073 (0049000072) : 46755.84434164071 
0049000074 (0023000073) : 47969.41444989216 
0093000075 (0049000074) : 48708.80406867229 
0028000076 (0093000075) : 49126.679247420056 
0023000077 (0028000076) : 49668.56884251334 
0076000078 (0023000077) : 50014.635394359015 
0014000079 (0076000078) : 50021.057780208 
0060000080 (0014000079) : 50264.162538911776 
0010000081 (0060000080) : 50360.728779834695 
0045000082 (0010000081) : 50501.45349244204 
0055000083 (0045000082) : 53776.71712358237 
0053000084 (0055000083) : 53903.48556405607 
0079000085 (0053000084) : 54035.87249768983 
0023000086 (0079000085) : 54135.4355844886 
0081000087 (0023000086) : 56579.068643733015 
0022000088 (0081000087) : 56763.35087617925 
0030000089 (0022000088) : 57297.80370940608 
0023000090 (0030000089) : 58171.58171980847 
0037000091 (0023000090) : 58182.04480304128 
0039000092 (0037000091) : 58506.910342754774 
0043000093 (0039000092) : 58969.1819490069 
0045000094 (0043000093) : 59060.6723921809 
0089000095 (0045000094) : 59684.80552172092 
0039000096 (0089000095) : 60226.67772033976 
0083000097 (0039000096) : 61738.05136404839 
0093000098 (0083000097) : 62032.350728946 
0091000099 (0093000098) : 62153.464266109775 
0041000100 (0091000099) : 62375.66117231119 
0022000101 (0041000100) : 62387.65850905058 
0035000102 (0022000101) : 62819.791010210894 
0026000103 (0035000102) : 63309.29442515162 
0023000104 (0026000103) : 64190.97394873589 
0085000105 (0023000104) : 64401.26622646481 
0081000106 (0085000105) : 64428.26276051585 
0050000107 (0081000106) : 65228.864195786155 
0037000108 (0050000107) : 65299.13115142071 
0059000109 (0037000108) : 67367.27202199497 
0031000110 (0059000109) : 68927.67255646315 
0049000111 (0031000110) : 69454.46791788093 
0045000112 (0049000111) : 69458.43665678214 
0018000113 (0045000112) : 69646.62771662402 
0023000114 (0018000113) : 70278.00258352085 
0096000115 (0023000114) : 70320.43252476289 
0011000116 (0096000115) : 70597.76461061527 
0098000117 (0011000116) : 71496.63083744116 
0077000118 (0098000117) : 72499.1693581096 
0040000119 (0077000118) : 72499.80112761159 
0084000120 (0040000119) : 73616.92684507379 
0090000121 (0084000120) : 73830.59009748868 
0001000122 (0090000121) : 74472.46020273598 
0087000123 (0001000122) : 77280.25313058216 
0006000124 (0087000123) : 77676.37585109808 
0023000125 (0006000124) : 78257.19287983066 
0056000126 (0023000125) : 78493.5359170488 
0038000127 (0056000126) : 79016.12281913777 
0070000128 (0038000127) : 79098.43766892065 
0014000129 (0070000128) : 79557.1470083051 
0069000130 (0014000129) : 79939.905694239 
0088000131 (0069000130) : 80546.11737553038 
0072000132 (0088000131) : 80654.44119807961 
0074000133 (0072000132) : 80803.64432832466 
0024000134 (0074000133) : 81735.97140802193 
0073000135 (0024000134) : 81926.94693831229 
0070000136 (0073000135) : 82676.64951871069 
0098000137 (0070000136) : 82732.02131468485 
0013000138 (0098000137) : 82921.30321085884 
0023000139 (0013000138) : 83323.6332921166 
0096000140 (0023000139) : 83798.94769108434 
0033000141 (0096000140) : 84445.71600017292 
0030000142 (0033000141) : 84864.36956835765 
0009000143 (0030000142) : 85436.2141947703 
0042000144 (0009000143) : 85533.26500761455 
0018000145 (0042000144) : 85910.55344405887 
0063000146 (0018000145) : 86117.60698029153 
0014000147 (0063000146) : 86466.43046911285 
0026000148 (0014000147) : 89028.81603648147 
0002000149 (0026000148) : 89515.36536242164 
0016000150 (0002000149) : 89836.39548826127 
0044000151 (0016000150) : 89867.9896482641 
0099000152 (0044000151) : 90619.79155320917 
0001000153 (0099000152) : 90919.99333464155 
0058000154 (0001000153) : 90983.38271278905 
0096000155 (0058000154) : 91391.49886389337 
0023000156 (0096000155) : 93325.79207350107 
0053000157 (0023000156) : 93431.40352316585 
0085000158 (0053000157) : 93652.29682600265 
0043000159 (0085000158) : 94009.3501670475 
0067000160 (0043000159) : 94220.32901899429 
0085000161 (0067000160) : 95333.58906074773 
0029000162 (0085000161) : 95866.03374823755 
0067000163 (0029000162) : 96849.49647289644 
0032000164 (0067000163) : 97030.28974712429 
0001000165 (0032000164) : 98896.51351146723 
0002000166 (0001000165) : 99635.98217942915 
0023000167 (0002000166) : 99826.64482136843 
