0000000000 (genesis block) : 0 
0023000001 (0000000000) : 383.115462020752 
0072000002 (0023000001) : 693.2991804911046 
0025000003 (0072000002) : 1164.437758295491 
0076000004 (0025000003) : 1307.1911096977885 
0003000005 (0076000004) : 1808.2682155980262 
0035000006 (0003000005) : 2647.715239067372 
0010000007 (0035000006) : 3066.5679021187575 
0026000008 (0010000007) : 3082.093284177602 
0048000009 (0026000008) : 3307.895720426343 
0022000010 (0048000009) : 3550.065064807334 
0031000011 (0022000010) : 4288.197884996774 
0045000012 (0031000011) : 5127.146576182475 
0086000013 (0045000012) : 6638.885341589704 
0050000014 (0086000013) : 7432.150702643062 
0078000015 (0050000014) : 7682.39595573096 
0049000016 (0078000015) : 7713.642032146022 
0087000017 (0049000016) : 8129.724279417812 
0000000018 (0087000017) : 8462.453739903936 
0009000019 (0000000018) : 8836.839527553033 
0016000020 (0009000019) : 9080.60652435819 
0063000021 (0016000020) : 10088.70016423785 
0023000022 (0063000021) : 10419.411610416353 
0092000023 (0023000022) : 10470.247009606961 
0061000024 (0092000023) : 10550.596379898978 
0017000025 (0061000024) : 10806.356622950389 
0088000026 (0017000025) : 11452.252243186678 
0023000027 (0088000026) : 11960.403067432646 
0001000028 (0023000027) : 12269.739936697342 
0030000029 (0001000028) : 14501.166254868464 
0040000030 (0030000029) : 15673.801603540298 
0071000031 (0040000030) : 16869.546145521217 
0023000032 (0071000031) : 17121.973691634783 
0024000033 (0023000032) : 17595.598804550347 
0095000034 (0024000033) : 18244.188972428456 
0088000035 (0095000034) : 19221.491689925715 
0018000036 (0088000035) : 20304.076452352016 
0038000037 (0018000036) : 20351.63728799097 
0080000038 (0038000037) : 20753.16381934815 
0074000039 (0080000038) : 21055.99918533973 
0090000040 (0074000039) : 21209.822564465256 
0080000041 (0090000040) : 22284.626457456423 
0099000042 (0080000041) : 22644.736553964492 
0060000043 (0099000042) : 26117.40577427651 
0012000044 (0060000043) : 26871.71724261136 
0023000045 (0012000044) : 27437.2603868455 
0089000046 (0023000045) : 27597.869843347442 
0004000047 (0089000046) : 28641.622275772377 
0093000048 (0004000047) : 29340.23574075197 
0023000049 (0093000048) : 29730.108954407824 
0076000050 (0023000049) : 30331.663225141856 
0032000051 (0076000050) : 31104.318404500238 
0023000052 (0032000051) : 32641.677259525866 
0074000053 (0023000052) : 32659.432069325987 
0042000054 (0074000053) : 34281.069022543226 
0097000055 (0042000054) : 34655.520869855405 
0038000056 (0097000055) : 34788.17396878825 
0035000057 (0038000056) : 34853.91852476826 
0071000058 (0035000057) : 35066.78360317656 
0068000059 (0071000058) : 35917.070150263185 
0018000060 (0068000059) : 36140.36485691904 
0040000061 (0018000060) : 36401.96459789548 
0075000062 (0040000061) : 38032.2950230073 
0017000063 (0075000062) : 38107.40044734507 
0032000064 (0017000063) : 38167.816518204956 
0080000065 (0032000064) : 39058.839892909506 
0012000066 (0080000065) : 40060.84419422807 
0073000067 (0012000066) : 42129.46367097737 
0058000068 (0073000067) : 42664.35049617311 
0047000069 (0058000068) : 43189.35211073419 
0081000070 (0047000069) : 44595.86930522585 
0011000071 (0081000070) : 45334.96845019922 
0049000072 (0011000071) : 45453.352053234645 
0023000073 (0049000072) : 46755.70323209331 
0049000074 (0023000073) : 47969.18905996421 
0093000075 (0049000074) : 48708.799170736376 
0028000076 (0093000075) : 49126.69167385258 
0023000077 (0028000076) : 49668.432083120366 
0076000078 (0023000077) : 50014.627413117065 
0014000079 (0076000078) : 50020.93547039842 
0060000080 (0014000079) : 50263.71777879114 
0010000081 (0060000080) : 50360.5665035281 
0045000082 (0010000081) : 50501.59473999448 
0055000083 (0045000082) : 53776.6656125331 
0053000084 (0055000083) : 53903.346215428806 
0079000085 (0053000084) : 54035.54797137122 
0023000086 (0079000085) : 54135.30224871351 
0081000087 (0023000086) : 56579.13031583368 
0022000088 (0081000087) : 56763.40699235898 
0030000089 (0022000088) : 57298.069262980745 
0023000090 (0030000089) : 58171.4415215676 
0037000091 (0023000090) : 58181.856223150025 
0039000092 (0037000091) : 58506.693523602145 
0043000093 (0039000092) : 58969.10980927114 
0045000094 (0043000093) : 59060.81898490308 
0089000095 (0045000094) : 59684.801075585296 
0039000096 (0089000095) : 60226.46653964239 
0083000097 (0039000096) : 61737.79657741975 
0093000098 (0083000097) : 62032.34500885713 
0091000099 (0093000098) : 62153.52692472555 
0041000100 (0091000099) : 62375.35344302911 
0022000101 (0041000100) : 62387.718366720896 
0035000102 (0022000101) : 62820.174202195674 
0026000103 (0035000102) : 63309.29222795404 
0023000104 (0026000103) : 64190.8368215196 
0085000105 (0023000104) : 64400.85639081132 
0081000106 (0085000105) : 64428.3210820905 
0050000107 (0081000106) : 65228.92246982866 
0037000108 (0050000107) : 65298.940037159104 
0059000109 (0037000108) : 67367.08280380638 
0031000110 (0059000109) : 68927.83064613241 
0049000111 (0031000110) : 69454.24780177695 
0045000112 (0049000111) : 69458.58112775131 
0018000113 (0045000112) : 69646.5009559216 
0023000114 (0018000113) : 70277.86766840931 
0096000115 (0023000114) : 70320.05618204045 
0011000116 (0096000115) : 70597.91202030084 
0098000117 (0011000116) : 71496.77179589373 
0077000118 (0098000117) : 72498.84740905899 
0040000119 (0077000118) : 72499.7648329356 
0084000120 (0040000119) : 73616.33650301458 
0090000121 (0084000120) : 73830.56512010717 
0001000122 (0090000121) : 74472.4759384253 
0087000123 (0001000122) : 77280.33964551783 
0006000124 (0087000123) : 77676.26616834164 
0023000125 (0006000124) : 78257.05727212419 
0056000126 (0023000125) : 78493.2036342636 
0038000127 (0056000126) : 79015.8692477317 
0070000128 (0038000127) : 79098.24872928743 
0014000129 (0070000128) : 79557.02016147556 
0069000130 (0014000129) : 79939.7775238625 
0088000131 (0069000130) : 80545.99524569199 
0072000132 (0088000131) : 80654.58466094243 
0074000133 (0072000132) : 80803.70223369675 
0024000134 (0074000133) : 81735.43746846126 
0073000135 (0024000134) : 81927.00142308866 
0070000136 (0073000135) : 82676.45760791129 
0098000137 (0070000136) : 82732.16489124605 
0013000138 (0098000137) : 82921.3631401808 
0023000139 (0013000138) : 83323.49528570383 
0096000140 (0023000139) : 83798.57312678498 
0033000141 (0096000140) : 84445.55311463216 
0030000142 (0033000141) : 84864.63362135537 
0009000143 (0030000142) : 85436.27365230252 
0042000144 (0009000143) : 85533.1119388559 
0018000145 (0042000144) : 85910.42704138935 
0063000146 (0018000145) : 86117.80700110512 
0014000147 (0063000146) : 86466.30296099097 
0026000148 (0014000147) : 89028.81145603942 
0002000149 (0026000148) : 89515.37517245316 
0016000150 (0002000149) : 89836.55847792095 
0044000151 (0016000150) : 89868.05002653341 
0099000152 (0044000151) : 90619.80365714928 
0001000153 (0099000152) : 90920.00576666958 
0058000154 (0001000153) : 90983.17728838125 
0096000155 (0058000154) : 91391.11802890043 
0023000156 (0096000155) : 93325.64902890768 
0053000157 (0023000156) : 93431.2636412594 
0085000158 (0053000157) : 93651.88800419711 
0043000159 (0085000158) : 94009.27759039254 
0067000160 (0043000159) : 94220.38799974792 
0085000161 (0067000160) : 95333.17651618608 
0029000162 (0085000161) : 95866.04065875559 
0067000163 (0029000162) : 96849.55837733041 
0032000164 (0067000163) : 97030.30040958055 
0001000165 (0032000164) : 98896.52409568493 
0002000166 (0001000165) : 99635.99470522284 
0023000167 (0002000166) : 99826.50372870972 
