0000000000 (genesis block) : 0 
0023000001 (0000000000) : 383.2092025323493 
0072000002 (0023000001) : 693.1763176394984 
0025000003 (0072000002) : 1164.121138181473 
0076000004 (0025000003) : 1307.33250695836 
0003000005 (0076000004) : 1808.2593645044112 
0035000006 (0003000005) : 2647.360276306528 
0010000007 (0035000006) : 3066.444506068371 
0026000008 (0010000007) : 3082.240101527829 
0048000009 (0026000008) : 3308.014474442851 
0022000010 (0048000009) : 3550.183980567242 
0031000011 (0022000010) : 4287.749224620731 
0045000012 (0031000011) : 5127.023788410374 
0086000013 (0045000012) : 6639.1801353284745 
0050000014 (0086000013) : 7432.115278505652 
0078000015 (0050000014) : 7682.782508269721 
0049000016 (0078000015) : 7713.736192566381 
0087000017 (0049000016) : 8129.660352449926 
0000000018 (0087000017) : 8462.585900059303 
0009000019 (0000000018) : 8836.800489023266 
0016000020 (0009000019) : 9080.156978382098 
0063000021 (0016000020) : 10088.777691667945 
0023000022 (0063000021) : 10419.506771539362 
0092000023 (0023000022) : 10470.6946554752 
0061000024 (0092000023) : 10550.808635187783 
0017000025 (0061000024) : 10806.05199944284 
0088000026 (0017000025) : 11452.399272711067 
0023000027 (0088000026) : 11960.492752391181 
0001000028 (0023000027) : 12269.74705732029 
0030000029 (0001000028) : 14500.92118009097 
0040000030 (0030000029) : 15673.849524405887 
0071000031 (0040000030) : 16869.096268713507 
0023000032 (0071000031) : 17122.07056732829 
0024000033 (0023000032) : 17596.044939247793 
0095000034 (0024000033) : 18244.636634535727 
0088000035 (0095000034) : 19221.636712097476 
0018000036 (0088000035) : 20304.223549212347 
0038000037 (0018000036) : 20351.93235688309 
0080000038 (0038000037) : 20753.41887745105 
0074000039 (0080000038) : 21055.85806802076 
0090000040 (0074000039) : 21209.558039197243 
0080000041 (0090000040) : 22284.882856793756 
0099000042 (0080000041) : 22644.853027503465 
0060000043 (0099000042) : 26117.706666260012 
0012000044 (0060000043) : 26871.83314072919 
0023000045 (0012000044) : 27437.35700101792 
0089000046 (0023000045) : 27598.01604919585 
0004000047 (0089000046) : 28641.665892999506 
0093000048 (0004000047) : 29340.380935027624 
0023000049 (0093000048) : 29730.198336433597 
0076000050 (0023000049) : 30331.809391738763 
0032000051 (0076000050) : 31104.437250237275 
0023000052 (0032000051) : 32641.77399598898 
0074000053 (0023000052) : 32659.287431864253 
0042000054 (0074000053) : 34280.942077739346 
0097000055 (0042000054) : 34655.96906128145 
0038000056 (0097000055) : 34788.468891090175 
0035000057 (0038000056) : 34853.56492176937 
0071000058 (0035000057) : 35066.33609188306 
0068000059 (0071000058) : 35917.05031857707 
0018000060 (0068000059) : 36140.50742370235 
0040000061 (0018000060) : 36402.01905860082 
0075000062 (0040000061) : 38032.7025930177 
0017000063 (0075000062) : 38107.09171155905 
0032000064 (0017000063) : 38167.93295327312 
0080000065 (0032000064) : 39059.09570323385 
0012000066 (0080000065) : 40060.96186890415 
0073000067 (0012000066) : 42129.21429742911 
0058000068 (0073000067) : 42664.34236380658 
0047000069 (0058000068) : 43189.49766623148 
0081000070 (0047000069) : 44595.826635587735 
0011000071 (0081000070) : 45334.769820383735 
0049000072 (0011000071) : 45453.440942815825 
0023000073 (0049000072) : 46755.80145498111 
0049000074 (0023000073) : 47969.282735019005 
0093000075 (0049000074) : 48708.94351437319 
0028000076 (0093000075) : 49126.698658709975 
0023000077 (0028000076) : 49668.52625112182 
0076000078 (0023000077) : 50014.77649235111 
0014000079 (0076000078) : 50021.07674477852 
0060000080 (0014000079) : 50264.020853818634 
0010000081 (0060000080) : 50360.44456440403 
0045000082 (0010000081) : 50501.47177549416 
0055000083 (0045000082) : 53776.65817521108 
0053000084 (0055000083) : 53903.50695515961 
0079000085 (0053000084) : 54035.89244806645 
0023000086 (0079000085) : 54135.39757757945 
0081000087 (0023000086) : 56579.090329315 
0022000088 (0081000087) : 56763.526010797825 
0030000089 (0022000088) : 57297.824382198116 
0023000090 (0030000089) : 58171.5398273185 
0037000091 (0023000090) : 58182.06443236943 
0039000092 (0037000091) : 58506.96618239266 
0043000093 (0039000092) : 58969.098119136615 
0045000094 (0043000093) : 59060.690101949935 
0089000095 (0045000094) : 59684.94529360498 
0039000096 (0089000095) : 60226.73202947474 
0083000097 (0039000096) : 61738.09012187491 
0093000098 (0083000097) : 62032.491876314736 
0091000099 (0093000098) : 62153.48396427424 
0041000100 (0091000099) : 62375.7186332871 
0022000101 (0041000100) : 62387.837498647445 
0035000102 (0022000101) : 62819.81350588535 
0026000103 (0035000102) : 63309.43601174148 
0023000104 (0026000103) : 64190.929558409574 
0085000105 (0023000104) : 64401.18768559537 
0081000106 (0085000105) : 64428.281992538396 
0050000107 (0081000106) : 65228.88788699924 
0037000108 (0050000107) : 65299.14951113621 
0059000109 (0037000108) : 67367.29214656951 
0031000110 (0059000109) : 68927.38249594363 
0049000111 (0031000110) : 69454.33588642377 
0045000112 (0049000111) : 69458.4579689768 
0018000113 (0045000112) : 69646.64889353077 
0023000114 (0018000113) : 70277.96241682273 
0096000115 (0023000114) : 70320.14721058612 
0011000116 (0096000115) : 70597.71263199094 
0098000117 (0011000116) : 71496.55659743896 
0077000118 (0098000117) : 72498.98494027492 
0040000119 (0077000118) : 72499.82081804947 
0084000120 (0040000119) : 73616.78388370281 
0090000121 (0084000120) : 73830.3035527654 
0001000122 (0090000121) : 74472.47770146767 
0087000123 (0001000122) : 77280.27208211321 
0006000124 (0087000123) : 77676.47956373535 
0023000125 (0006000124) : 78257.15319118761 
0056000126 (0023000125) : 78493.2506102646 
0038000127 (0056000126) : 79016.15783315864 
0070000128 (0038000127) : 79098.45569292299 
0014000129 (0070000128) : 79557.16769416763 
0069000130 (0014000129) : 79939.92617380984 
0088000131 (0069000130) : 80546.13838695474 
0072000132 (0088000131) : 80654.46119750247 
0074000133 (0072000132) : 80803.55906907175 
0024000134 (0074000133) : 81735.88771949848 
0073000135 (0024000134) : 81926.74813350422 
0070000136 (0073000135) : 82676.6695239697 
0098000137 (0070000136) : 82731.94652811294 
0013000138 (0098000137) : 82921.32417550705 
0023000139 (0013000138) : 83323.59402013604 
0096000140 (0023000139) : 83798.66261073959 
0033000141 (0096000140) : 84445.7661674818 
0030000142 (0033000141) : 84864.38976196601 
0009000143 (0030000142) : 85436.23506906573 
0042000144 (0009000143) : 85532.98558239949 
0018000145 (0042000144) : 85910.57339042936 
0063000146 (0018000145) : 86117.89273865902 
0014000147 (0063000146) : 86466.4525702765 
0026000148 (0014000147) : 89028.96168174979 
0002000149 (0026000148) : 89515.46367271568 
0016000150 (0002000149) : 89836.1101462878 
0044000151 (0016000150) : 89868.0093373923 
0099000152 (0044000151) : 90619.92409342366 
0001000153 (0099000152) : 90920.01310550664 
0058000154 (0001000153) : 90983.17035226546 
0096000155 (0058000154) : 91391.21072219936 
0023000156 (0096000155) : 93325.74388757243 
0053000157 (0023000156) : 93431.42371254385 
0085000158 (0053000157) : 93652.22324816976 
0043000159 (0085000158) : 94009.26435263609 
0067000160 (0043000159) : 94220.31023147477 
0085000161 (0067000160) : 95333.50973498699 
0029000162 (0085000161) : 95866.05052917487 
0067000163 (0029000162) : 96849.47914733243 
0032000164 (0067000163) : 97030.41827273516 
0001000165 (0032000164) : 98896.52969704973 
0002000166 (0001000165) : 99636.08577347064 
0023000167 (0002000166) : 99826.60257327066 
