0000000000 (genesis block) : 0 
0023000001 (0000000000) : 383.24171455627726 
0072000002 (0023000001) : 693.2765423463118 
0025000003 (0072000002) : 1164.2093114289737 
0076000004 (0025000003) : 1307.3479652042342 
0003000005 (0076000004) : 1808.681577549025 
0035000006 (0003000005) : 2647.4772828782343 
0010000007 (0035000006) : 3066.676159118687 
0026000008 (0010000007) : 3082.1647817461126 
0048000009 (0026000008) : 3307.828940381545 
0022000010 (0048000009) : 3549.7720973786227 
0031000011 (0022000010) : 4288.1702606875715 
0045000012 (0031000011) : 5127.1399262283185 
0086000013 (0045000012) : 6639.140727232808 
0050000014 (0086000013) : 7432.232205271963 
0078000015 (0050000014) : 7682.486594331756 
0049000016 (0078000015) : 7714.0630218856795 
0087000017 (0049000016) : 8129.4254173908885 
0000000018 (0087000017) : 8462.555968562176 
0009000019 (0000000018) : 8836.661869096117 
0016000020 (0009000019) : 9080.579851503466 
0063000021 (0016000020) : 10088.893593199029 
0023000022 (0063000021) : 10419.539914754238 
0092000023 (0023000022) : 10470.46071150142 
0061000024 (0092000023) : 10550.888022128842 
0017000025 (0061000024) : 10806.16787315652 
0088000026 (0017000025) : 11452.320268703626 
0023000027 (0088000026) : 11960.525476984621 
0001000028 (0023000027) : 12269.52234421406 
0030000029 (0001000028) : 14500.865834156173 
0040000030 (0030000029) : 15673.773226073654 
0071000031 (0040000030) : 16869.51748765159 
0023000032 (0071000031) : 17122.100939925538 
0024000033 (0023000032) : 17596.020608118055 
0095000034 (0024000033) : 18244.61255490072 
0088000035 (0095000034) : 19221.5624436627 
0018000036 (0088000035) : 20304.04135148512 
0038000037 (0018000036) : 20351.574725570656 
0080000038 (0038000037) : 20753.02158940215 
0074000039 (0080000038) : 21056.076158323707 
0090000040 (0074000039) : 21209.958119363953 
0080000041 (0090000040) : 22284.483931580107 
0099000042 (0080000041) : 22644.440803160884 
0060000043 (0099000042) : 26117.827616733077 
0012000044 (0060000043) : 26871.419579108493 
0023000045 (0012000044) : 27437.39322822735 
0089000046 (0023000045) : 27598.131553196727 
0004000047 (0089000046) : 28641.324503047606 
0093000048 (0004000047) : 29340.301259686807 
0023000049 (0093000048) : 29730.234361115734 
0076000050 (0023000049) : 30331.82321055713 
0032000051 (0076000050) : 31104.021181845797 
0023000052 (0032000051) : 32641.81018584159 
0074000053 (0023000052) : 32659.50895650673 
0042000054 (0074000053) : 34281.17185978399 
0097000055 (0042000054) : 34655.944449579794 
0038000056 (0097000055) : 34788.10994468654 
0035000057 (0038000056) : 34853.68237795018 
0071000058 (0035000057) : 35066.755537124955 
0068000059 (0071000058) : 35917.04822146959 
0018000060 (0068000059) : 36140.32159907698 
0040000061 (0018000060) : 36401.9470130006 
0075000062 (0040000061) : 38032.54187639993 
0017000063 (0075000062) : 38107.20909183215 
0032000064 (0017000063) : 38167.52016922152 
0080000065 (0032000064) : 39058.69908379132 
0012000066 (0080000065) : 40060.54615062201 
0073000067 (0012000066) : 42129.54163888442 
0058000068 (0073000067) : 42664.511950072 
0047000069 (0058000068) : 43189.41588905631 
0081000070 (0047000069) : 44595.94344905263 
0011000071 (0081000070) : 45334.949609038515 
0049000072 (0011000071) : 45453.7710549743 
0023000073 (0049000072) : 46755.83419274573 
0049000074 (0023000073) : 47969.614072315206 
0093000075 (0049000074) : 48708.86908598361 
0028000076 (0093000075) : 49126.60610031328 
0023000077 (0028000076) : 49668.56284334792 
0076000078 (0023000077) : 50014.791048643994 
0014000079 (0076000078) : 50021.003129508994 
0060000080 (0014000079) : 50264.14249456714 
0010000081 (0060000080) : 50360.674414475085 
0045000082 (0010000081) : 50501.591538602566 
0055000083 (0045000082) : 53776.64370572586 
0053000084 (0055000083) : 53903.6210954085 
0079000085 (0053000084) : 54035.79288704928 
0023000086 (0079000085) : 54135.43121741077 
0081000087 (0023000086) : 56579.20367301519 
0022000088 (0081000087) : 56763.10844434498 
0030000089 (0022000088) : 57297.773355161844 
0023000090 (0030000089) : 58171.57028475861 
0037000091 (0023000090) : 58181.93898863897 
0039000092 (0037000091) : 58506.670217015126 
0043000093 (0039000092) : 58968.902174771865 
0045000094 (0043000093) : 59060.80636039041 
0089000095 (0045000094) : 59685.06118962616 
0039000096 (0089000095) : 60226.43818694121 
0083000097 (0039000096) : 61737.73274085389 
0093000098 (0083000097) : 62032.41149293608 
0091000099 (0093000098) : 62153.458706866695 
0041000100 (0091000099) : 62375.424065205116 
0022000101 (0041000100) : 62387.42396444348 
0035000102 (0022000101) : 62819.929070144884 
0026000103 (0035000102) : 63309.35971252788 
0023000104 (0026000103) : 64190.968458046504 
0085000105 (0023000104) : 64401.08227998823 
0081000106 (0085000105) : 64428.39840959727 
0050000107 (0081000106) : 65228.99986251784 
0037000108 (0050000107) : 65299.02620988661 
0059000109 (0037000108) : 67367.36796990901 
0031000110 (0059000109) : 68927.80521144652 
0049000111 (0031000110) : 69454.66954330757 
0045000112 (0049000111) : 69458.57299102018 
0018000113 (0045000112) : 69646.4617938656 
0023000114 (0018000113) : 70277.99592485018 
0096000115 (0023000114) : 70320.48018781329 
0011000116 (0096000115) : 70597.89435658147 
0098000117 (0011000116) : 71496.7572630396 
0077000118 (0098000117) : 72499.18513981215 
0040000119 (0077000118) : 72499.74286246228 
0084000120 (0040000119) : 73616.75995895416 
0090000121 (0084000120) : 73830.70702513594 
0001000122 (0090000121) : 74472.25374961535 
0087000123 (0001000122) : 77280.0389133032 
0006000124 (0087000123) : 77676.05775861509 
0023000125 (0006000124) : 78257.18804224033 
0056000126 (0023000125) : 78493.4824986015 
0038000127 (0056000126) : 79015.80154676274 
0070000128 (0038000127) : 79098.33312578227 
0014000129 (0070000128) : 79557.08996971067 
0069000130 (0014000129) : 79939.7521277529 
0088000131 (0069000130) : 80546.06087243729 
0072000132 (0088000131) : 80654.55870931578 
0074000133 (0072000132) : 80803.78074810992 
0024000134 (0074000133) : 81735.86121520415 
0073000135 (0024000134) : 81927.08219289142 
0070000136 (0073000135) : 82676.54543543978 
0098000137 (0070000136) : 82732.15083418289 
0013000138 (0098000137) : 82921.29428878309 
0023000139 (0013000138) : 83323.62214130495 
0096000140 (0023000139) : 83799.00040807783 
0033000141 (0096000140) : 84445.47995717003 
0030000142 (0033000141) : 84864.3361923309 
0009000143 (0030000142) : 85436.091841172 
0042000144 (0009000143) : 85533.21697120751 
0018000145 (0042000144) : 85910.38811625169 
0063000146 (0018000145) : 86118.01344211592 
0014000147 (0063000146) : 86466.37175066977 
0026000148 (0014000147) : 89028.88780145095 
0002000149 (0026000148) : 89515.04354371209 
0016000150 (0002000149) : 89836.53220396482 
0044000151 (0016000150) : 89867.62765376671 
0099000152 (0044000151) : 90619.50700680753 
0001000153 (0099000152) : 90919.78883596582 
0058000154 (0001000153) : 90983.33948939071 
0096000155 (0058000154) : 91391.54266427449 
0023000156 (0096000155) : 93325.77878526328 
0053000157 (0023000156) : 93431.53936290172 
0085000158 (0053000157) : 93652.11308936389 
0043000159 (0085000158) : 94009.07141490864 
0067000160 (0043000159) : 94220.46574055118 
0085000161 (0067000160) : 95333.40201584331 
0029000162 (0085000161) : 95866.13892188024 
0067000163 (0029000162) : 96849.63212302799 
0032000164 (0067000163) : 97030.00230093779 
0001000165 (0032000164) : 98896.30935590174 
0002000166 (0001000165) : 99635.66345932115 
0023000167 (0002000166) : 99826.63505667303 
