0000000000 (genesis block) : 0 
0023000001 (0000000000) : 383.06883468123067 
0072000002 (0023000001) : 693.2890854734233 
0025000003 (0072000002) : 1164.1945558269786 
0076000004 (0025000003) : 1307.2128293368846 
0003000005 (0076000004) : 1808.3986536768623 
0035000006 (0003000005) : 2647.473521025474 
0010000007 (0035000006) : 3066.643837096174 
0026000008 (0010000007) : 3082.111464481191 
0048000009 (0026000008) : 3308.113170572488 
0022000010 (0048000009) : 3550.141575269824 
0031000011 (0022000010) : 4287.788685410524 
0045000012 (0031000011) : 5126.90311176368 
0086000013 (0045000012) : 6639.025673730347 
0050000014 (0086000013) : 7431.904752679087 
0078000015 (0050000014) : 7682.581990838351 
0049000016 (0078000015) : 7713.889159437756 
0087000017 (0049000016) : 8129.535365099587 
0000000018 (0087000017) : 8462.503417301887 
0009000019 (0000000018) : 8836.596592401946 
0016000020 (0009000019) : 9080.53562918419 
0063000021 (0016000020) : 10088.711008801993 
0023000022 (0063000021) : 10419.365594898421 
0092000023 (0023000022) : 10470.555071914836 
0061000024 (0092000023) : 10550.542676980984 
0017000025 (0061000024) : 10806.166760020546 
0088000026 (0017000025) : 11452.278896164264 
0023000027 (0088000026) : 11960.352791661195 
0001000028 (0023000027) : 12269.581207703954 
0030000029 (0001000028) : 14501.034913301433 
0040000030 (0030000029) : 15673.645251155758 
0071000031 (0040000030) : 16869.47387702227 
0023000032 (0071000031) : 17121.92968914617 
0024000033 (0023000032) : 17595.943653398215 
0095000034 (0024000033) : 18244.503249405447 
0088000035 (0095000034) : 19221.51749532754 
0018000036 (0088000035) : 20304.10250600861 
0038000037 (0018000036) : 20351.730408835054 
0080000038 (0038000037) : 20753.214505177628 
0074000039 (0080000038) : 21055.542769007134 
0090000040 (0074000039) : 21209.820199748036 
0080000041 (0090000040) : 22284.67748329173 
0099000042 (0080000041) : 22644.948166840833 
0060000043 (0099000042) : 26117.715141089557 
0012000044 (0060000043) : 26871.946852585705 
0023000045 (0012000044) : 27437.213324385575 
0089000046 (0023000045) : 27597.899503796627 
0004000047 (0089000046) : 28641.460925477775 
0093000048 (0004000047) : 29340.226897392942 
0023000049 (0093000048) : 29730.057549045498 
0076000050 (0023000049) : 30331.688364398065 
0032000051 (0076000050) : 31104.383869444016 
0023000052 (0032000051) : 32641.628143193666 
0074000053 (0023000052) : 32658.976728041365 
0042000054 (0074000053) : 34281.03608515221 
0097000055 (0042000054) : 34655.97630664622 
0038000056 (0097000055) : 34788.263478749344 
0035000057 (0038000056) : 34853.67588228973 
0071000058 (0035000057) : 35066.71583696007 
0068000059 (0071000058) : 35916.84465072741 
0018000060 (0068000059) : 36140.38773954538 
0040000061 (0018000060) : 36401.81578606526 
0075000062 (0040000061) : 38032.52818265625 
0017000063 (0075000062) : 38107.20316931324 
0032000064 (0017000063) : 38167.886000089595 
0080000065 (0032000064) : 39058.89198902944 
0012000066 (0080000065) : 40061.07351860014 
0073000067 (0012000066) : 42129.00895900609 
0058000068 (0073000067) : 42664.390582627486 
0047000069 (0058000068) : 43189.376176112266 
0081000070 (0047000069) : 44595.62433372625 
0011000071 (0081000070) : 45334.72254958676 
0049000072 (0011000071) : 45453.59567415417 
0023000073 (0049000072) : 46755.65626929848 
0049000074 (0023000073) : 47969.43716847263 
0093000075 (0049000074) : 48708.786614565084 
0028000076 (0093000075) : 49126.69077830808 
0023000077 (0028000076) : 49668.382064512756 
0076000078 (0023000077) : 50014.65298873529 
0014000079 (0076000078) : 50020.95670679281 
0060000080 (0014000079) : 50264.02846704068 
0010000081 (0060000080) : 50360.64134053968 
0045000082 (0010000081) : 50501.35111437747 
0055000083 (0045000082) : 53776.40680320134 
0053000084 (0055000083) : 53903.298252257984 
0079000085 (0053000084) : 54035.689347841224 
0023000086 (0079000085) : 54135.25488532114 
0081000087 (0023000086) : 56578.88442856839 
0022000088 (0081000087) : 56763.48594655483 
0030000089 (0022000088) : 57297.93797526852 
0023000090 (0030000089) : 58171.39783862423 
0037000091 (0023000090) : 58181.862378676364 
0039000092 (0037000091) : 58506.76786352055 
0043000093 (0039000092) : 58968.78243417392 
0045000094 (0043000093) : 59060.568823286434 
0089000095 (0045000094) : 59684.8271887823 
0039000096 (0089000095) : 60226.53435885281 
0083000097 (0039000096) : 61737.88522688762 
0093000098 (0083000097) : 62032.33315407369 
0091000099 (0093000098) : 62153.28251519914 
0041000100 (0091000099) : 62375.59666499981 
0022000101 (0041000100) : 62387.795132059575 
0035000102 (0022000101) : 62819.922497510415 
0026000103 (0035000102) : 63309.30030066966 
0023000104 (0026000103) : 64190.79328630828 
0085000105 (0023000104) : 64401.17427047283 
0081000106 (0085000105) : 64428.078819141396 
0050000107 (0081000106) : 65228.679310646134 
0037000108 (0050000107) : 65298.94728934537 
0059000109 (0037000108) : 67367.09032118847 
0031000110 (0059000109) : 68927.42090238853 
0049000111 (0031000110) : 69454.48978902878 
0045000112 (0049000111) : 69458.33558791221 
0018000113 (0045000112) : 69646.5265490331 
0023000114 (0018000113) : 70277.81861709662 
0096000115 (0023000114) : 70320.36191485406 
0011000116 (0096000115) : 70597.66445305593 
0098000117 (0011000116) : 71496.52951083913 
0077000118 (0098000117) : 72498.77101462024 
0040000119 (0077000118) : 72499.61430470685 
0084000120 (0040000119) : 73616.79223801717 
0090000121 (0084000120) : 73830.56858039474 
0001000122 (0090000121) : 74472.30782501468 
0087000123 (0001000122) : 77280.15101892134 
0006000124 (0087000123) : 77676.35711023764 
0023000125 (0006000124) : 78257.00924096582 
0056000126 (0023000125) : 78493.19437626169 
0038000127 (0056000126) : 79015.95161493572 
0070000128 (0038000127) : 79098.25394809598 
0014000129 (0070000128) : 79557.0461434598 
0069000130 (0014000129) : 79939.7231046319 
0088000131 (0069000130) : 80546.01853067995 
0072000132 (0088000131) : 80654.57304051406 
0074000133 (0072000132) : 80803.24533583754 
0024000134 (0074000133) : 81735.78469761867 
0073000135 (0024000134) : 81926.54796516766 
0070000136 (0073000135) : 82676.4690189048 
0098000137 (0070000136) : 82731.92050636136 
0013000138 (0098000137) : 82921.12047137621 
0023000139 (0013000138) : 83323.450071078 
0096000140 (0023000139) : 83798.8743313626 
0033000141 (0096000140) : 84445.55934857477 
0030000142 (0033000141) : 84864.50952608736 
0009000143 (0030000142) : 85436.02875628677 
0042000144 (0009000143) : 85533.08044988629 
0018000145 (0042000144) : 85910.45444311929 
0063000146 (0018000145) : 86117.82129144766 
0014000147 (0063000146) : 86466.32985101551 
0026000148 (0014000147) : 89028.82684082453 
0002000149 (0026000148) : 89515.5788837473 
0016000150 (0002000149) : 89836.48756730207 
0044000151 (0016000150) : 89868.12044229287 
0099000152 (0044000151) : 90620.01450094287 
0001000153 (0099000152) : 90919.84170347829 
0058000154 (0001000153) : 90983.21613413606 
0096000155 (0058000154) : 91391.42009043673 
0023000156 (0096000155) : 93325.60369564385 
0053000157 (0023000156) : 93431.21562438323 
0085000158 (0053000157) : 93652.20854523867 
0043000159 (0085000158) : 94008.9514097813 
0067000160 (0043000159) : 94219.93118791183 
0085000161 (0067000160) : 95333.49586931469 
0029000162 (0085000161) : 95865.89950649775 
0067000163 (0029000162) : 96849.09935354798 
0032000164 (0067000163) : 97030.36825650645 
0001000165 (0032000164) : 98896.36110824453 
0002000166 (0001000165) : 99636.19844806606 
0023000167 (0002000166) : 99826.46059031555 
