0000000000 (genesis block) : 0 
0023000001 (0000000000) : 382.93575705892846 
0072000002 (0023000001) : 693.0834091218082 
0025000003 (0072000002) : 1164.2497198897356 
0076000004 (0025000003) : 1306.892858856214 
0003000005 (0076000004) : 1808.5182143619913 
0035000006 (0003000005) : 2647.634790505062 
0010000007 (0035000006) : 3066.5803694054302 
0026000008 (0010000007) : 3081.68935709421 
0048000009 (0026000008) : 3308.0890439187647 
0022000010 (0048000009) : 3549.9446513663784 
0031000011 (0022000010) : 4288.117986527854 
0045000012 (0031000011) : 5127.063789995299 
0086000013 (0045000012) : 6638.963914410664 
0050000014 (0086000013) : 7432.026329645666 
0078000015 (0050000014) : 7682.379743684857 
0049000016 (0078000015) : 7713.711444612615 
0087000017 (0049000016) : 8129.697864786685 
0000000018 (0087000017) : 8462.082219498401 
0009000019 (0000000018) : 8836.5697730694 
0016000020 (0009000019) : 9080.736386866929 
0063000021 (0016000020) : 10088.540411493703 
0023000022 (0063000021) : 10419.234997857704 
0092000023 (0023000022) : 10470.353068278077 
0061000024 (0092000023) : 10550.640053210338 
0017000025 (0061000024) : 10806.204608827724 
0088000026 (0017000025) : 11452.272756459364 
0023000027 (0088000026) : 11960.218969145068 
0001000028 (0023000027) : 12269.478473717463 
0030000029 (0001000028) : 14500.969221907577 
0040000030 (0030000029) : 15673.443846914368 
0071000031 (0040000030) : 16869.536663035076 
0023000032 (0071000031) : 17121.796060872064 
0024000033 (0023000032) : 17595.844587512438 
0095000034 (0024000033) : 18244.4008130545 
0088000035 (0095000034) : 19221.51094505993 
0018000036 (0088000035) : 20303.870243170968 
0038000037 (0018000036) : 20351.55601789918 
0080000038 (0038000037) : 20753.119891384827 
0074000039 (0080000038) : 21055.966316022048 
0090000040 (0074000039) : 21209.940631859867 
0080000041 (0090000040) : 22284.579616972635 
0099000042 (0080000041) : 22644.81132438913 
0060000043 (0099000042) : 26117.689571071507 
0012000044 (0060000043) : 26871.791870832505 
0023000045 (0012000044) : 27437.085042467694 
0089000046 (0023000045) : 27597.71659618211 
0004000047 (0089000046) : 28641.581139196078 
0093000048 (0004000047) : 29339.802444332076 
0023000049 (0093000048) : 29729.92810645823 
0076000050 (0023000049) : 30331.369406129576 
0032000051 (0076000050) : 31104.396168159477 
0023000052 (0032000051) : 32641.49923938523 
0074000053 (0023000052) : 32659.397615224785 
0042000054 (0074000053) : 34281.07824862239 
0097000055 (0042000054) : 34655.95647482469 
0038000056 (0097000055) : 34788.092728765565 
0035000057 (0038000056) : 34853.83773893726 
0071000058 (0035000057) : 35066.77529713445 
0068000059 (0071000058) : 35916.74376544405 
0018000060 (0068000059) : 36140.1496063544 
0040000061 (0018000060) : 36401.61140634406 
0075000062 (0040000061) : 38032.6513616895 
0017000063 (0075000062) : 38107.24437259143 
0032000064 (0017000063) : 38167.89578460946 
0080000065 (0032000064) : 39058.79139970152 
0012000066 (0080000065) : 40060.92069926008 
0073000067 (0012000066) : 42129.42581692934 
0058000068 (0073000067) : 42664.41623583455 
0047000069 (0058000068) : 43189.27342813969 
0081000070 (0047000069) : 44595.792601347 
0011000071 (0081000070) : 45334.88165313692 
0049000072 (0011000071) : 45453.41345795452 
0023000073 (0049000072) : 46755.52807243474 
0049000074 (0023000073) : 47969.25508379556 
0093000075 (0049000074) : 48708.366700272 
0028000076 (0093000075) : 49126.272205537774 
0023000077 (0028000076) : 49668.25285589211 
0076000078 (0023000077) : 50014.33399393794 
0014000079 (0076000078) : 50020.95348848062 
0060000080 (0014000079) : 50264.005027728366 
0010000081 (0060000080) : 50360.580295208834 
0045000082 (0010000081) : 50501.51404650954 
0055000083 (0045000082) : 53776.55327445456 
0053000084 (0055000083) : 53903.464895511665 
0079000085 (0053000084) : 54035.814689687126 
0023000086 (0079000085) : 54135.12449342578 
0081000087 (0023000086) : 56579.054209246664 
0022000088 (0081000087) : 56763.28819529616 
0030000089 (0022000088) : 57297.87062666967 
0023000090 (0030000089) : 58171.265310274 
0037000091 (0023000090) : 58181.61652747957 
0039000092 (0037000091) : 58506.5931120691 
0043000093 (0039000092) : 58968.92319696791 
0045000094 (0043000093) : 59060.73283289654 
0089000095 (0045000094) : 59684.648226300465 
0039000096 (0089000095) : 60226.359390024445 
0083000097 (0039000096) : 61737.71064912759 
0093000098 (0083000097) : 62031.91253223653 
0091000099 (0093000098) : 62153.262904783645 
0041000100 (0091000099) : 62375.37724334767 
0022000101 (0041000100) : 62387.5981040167 
0035000102 (0022000101) : 62820.084242110264 
0026000103 (0035000102) : 63308.88094137535 
0023000104 (0026000103) : 64190.66208328631 
0085000105 (0023000104) : 64400.97392779907 
0081000106 (0085000105) : 64428.25059603187 
0050000107 (0081000106) : 65228.801624105094 
0037000108 (0050000107) : 65298.70150914231 
0059000109 (0037000108) : 67367.1248688667 
0031000110 (0059000109) : 68927.75705915997 
0049000111 (0031000110) : 69454.30801396426 
0045000112 (0049000111) : 69458.50120417903 
0018000113 (0045000112) : 69646.29474621259 
0023000114 (0018000113) : 70277.68811696091 
0096000115 (0023000114) : 70320.3007962939 
0011000116 (0096000115) : 70597.82488950867 
0098000117 (0011000116) : 71496.68940576522 
0077000118 (0098000117) : 72499.09167573198 
0040000119 (0077000118) : 72499.41002695974 
0084000120 (0040000119) : 73616.71315918375 
0090000121 (0084000120) : 73830.68551862946 
0001000122 (0090000121) : 74472.21335860372 
0087000123 (0001000122) : 77280.31285867373 
0006000124 (0087000123) : 77676.18187386634 
0023000125 (0006000124) : 78256.88096433184 
0056000126 (0023000125) : 78493.31920074868 
0038000127 (0056000126) : 79015.77709315429 
0070000128 (0038000127) : 79098.00756482269 
0014000129 (0070000128) : 79557.04207935509 
0069000130 (0014000129) : 79939.54562903433 
0088000131 (0069000130) : 80546.01417579321 
0072000132 (0088000131) : 80654.3683862905 
0074000133 (0072000132) : 80803.66603507593 
0024000134 (0074000133) : 81735.68566503604 
0073000135 (0024000134) : 81926.96704297047 
0070000136 (0073000135) : 82676.21836824868 
0098000137 (0070000136) : 82732.0804350837 
0013000138 (0098000137) : 82921.00768887618 
0023000139 (0013000138) : 83323.3183107285 
0096000140 (0023000139) : 83798.81749371628 
0033000141 (0096000140) : 84445.59847063328 
0030000142 (0033000141) : 84864.43624773654 
0009000143 (0030000142) : 85436.00436622062 
0042000144 (0009000143) : 85533.12186595784 
0018000145 (0042000144) : 85910.21628824872 
0063000146 (0018000145) : 86117.65040735634 
0014000147 (0063000146) : 86466.32675656711 
0026000148 (0014000147) : 89028.40479017266 
0002000149 (0026000148) : 89515.45704731578 
0016000150 (0002000149) : 89836.68758435395 
0044000151 (0016000150) : 89868.12675054141 
0099000152 (0044000151) : 90619.87876743115 
0001000153 (0099000152) : 90919.74756022083 
0058000154 (0001000153) : 90983.24133580255 
0096000155 (0058000154) : 91391.36397474165 
0023000156 (0096000155) : 93325.47214999878 
0053000157 (0023000156) : 93431.38293821891 
0085000158 (0053000157) : 93652.00531188185 
0043000159 (0085000158) : 94009.09357990288 
0067000160 (0043000159) : 94220.35766897384 
0085000161 (0067000160) : 95333.29489250132 
0029000162 (0085000161) : 95865.95461579358 
0067000163 (0029000162) : 96849.52048070573 
0032000164 (0067000163) : 97030.37712909725 
0001000165 (0032000164) : 98896.26269177576 
0002000166 (0001000165) : 99636.07272266378 
0023000167 (0002000166) : 99826.33136122506 
