0000000000 (genesis block) : 0 
0023000001 (0000000000) : 383.0980637339356 
0072000002 (0023000001) : 693.2195991710278 
0025000003 (0072000002) : 1164.2238548419916 
0076000004 (0025000003) : 1307.028358174485 
0003000005 (0076000004) : 1808.5038714424172 
0035000006 (0003000005) : 2647.7719006708944 
0010000007 (0035000006) : 3066.7433487060002 
0026000008 (0010000007) : 3081.8265614421944 
0048000009 (0026000008) : 3308.0392938776204 
0022000010 (0048000009) : 3549.7818070541484 
0031000011 (0022000010) : 4288.215072154179 
0045000012 (0031000011) : 5127.202714413766 
0086000013 (0045000012) : 6639.127621076267 
0050000014 (0086000013) : 7432.188944135629 
0078000015 (0050000014) : 7682.5038503778005 
0049000016 (0078000015) : 7713.847617026699 
0087000017 (0049000016) : 8129.637447169822 
0000000018 (0087000017) : 8462.220605971303 
0009000019 (0000000018) : 8836.708174403791 
0016000020 (0009000019) : 9080.873748492595 
0063000021 (0016000020) : 10088.67759083077 
0023000022 (0063000021) : 10419.397614503836 
0092000023 (0023000022) : 10470.477488707364 
0061000024 (0092000023) : 10550.80458404028 
0017000025 (0061000024) : 10806.339932281708 
0088000026 (0017000025) : 11452.109426206951 
0023000027 (0088000026) : 11960.383254215973 
0001000028 (0023000027) : 12269.641734252638 
0030000029 (0001000028) : 14501.076966656685 
0040000030 (0030000029) : 15673.610037261855 
0071000031 (0040000030) : 16869.701211608306 
0023000032 (0071000031) : 17121.95810269069 
0024000033 (0023000032) : 17595.982210485483 
0095000034 (0024000033) : 18244.53830525726 
0088000035 (0095000034) : 19221.348099340186 
0018000036 (0088000035) : 20303.70581835302 
0038000037 (0018000036) : 20351.7191568738 
0080000038 (0038000037) : 20753.2647205816 
0074000039 (0080000038) : 21056.129564655657 
0090000040 (0074000039) : 21210.064344197624 
0080000041 (0090000040) : 22284.726587049205 
0099000042 (0080000041) : 22644.64900644628 
0060000043 (0099000042) : 26117.82592120936 
0012000044 (0060000043) : 26871.629582321126 
0023000045 (0012000044) : 27437.248003442575 
0089000046 (0023000045) : 27597.854726487272 
0004000047 (0089000046) : 28641.48732774642 
0093000048 (0004000047) : 29339.964602634413 
0023000049 (0093000048) : 29730.093083009026 
0076000050 (0023000049) : 30331.510237311006 
0032000051 (0076000050) : 31104.232107365056 
0023000052 (0032000051) : 32641.664268519493 
0074000053 (0023000052) : 32659.562168606775 
0042000054 (0074000053) : 34281.241369831696 
0097000055 (0042000054) : 34656.091092863404 
0038000056 (0097000055) : 34788.25655140808 
0035000057 (0038000056) : 34853.97507046498 
0071000058 (0035000057) : 35066.93825955317 
0068000059 (0071000058) : 35916.90710385134 
0018000060 (0068000059) : 36139.986964139374 
0040000061 (0018000060) : 36401.775192388515 
0075000062 (0040000061) : 38032.559488501334 
0017000063 (0075000062) : 38107.38278932767 
0032000064 (0017000063) : 38167.730519878736 
0080000065 (0032000064) : 39058.94265061604 
0012000066 (0080000065) : 40060.755683775606 
0073000067 (0012000066) : 42129.59034113742 
0058000068 (0073000067) : 42664.25402333931 
0047000069 (0058000068) : 43189.10880625244 
0081000070 (0047000069) : 44595.957616514475 
0011000071 (0081000070) : 45334.99840891747 
0049000072 (0011000071) : 45453.549382066034 
0023000073 (0049000072) : 46755.69253588977 
0049000074 (0023000073) : 47969.39246416933 
0093000075 (0049000074) : 48708.530350723835 
0028000076 (0093000075) : 49126.43536713456 
0023000077 (0028000076) : 49668.42238945926 
0076000078 (0023000077) : 50014.47206412732 
0014000079 (0076000078) : 50020.78978655345 
0060000080 (0014000079) : 50264.141603791555 
0010000081 (0060000080) : 50360.74373086897 
0045000082 (0010000081) : 50501.64842621135 
0055000083 (0045000082) : 53776.52382576361 
0053000084 (0055000083) : 53903.60127805251 
0079000085 (0053000084) : 54035.83622643269 
0023000086 (0079000085) : 54135.28901506222 
0081000087 (0023000086) : 56579.21698399367 
0022000088 (0081000087) : 56763.12576801938 
0030000089 (0022000088) : 57297.98387437839 
0023000090 (0030000089) : 58171.42763127564 
0037000091 (0023000090) : 58181.77933966474 
0039000092 (0037000091) : 58506.68739348761 
0043000093 (0039000092) : 58969.08984006653 
0045000094 (0043000093) : 59060.86901302446 
0089000095 (0045000094) : 59684.78332540696 
0039000096 (0089000095) : 60226.4545243754 
0083000097 (0039000096) : 61737.87636808113 
0093000098 (0083000097) : 62032.0768167086 
0091000099 (0093000098) : 62153.426293621545 
0041000100 (0091000099) : 62375.427863792494 
0022000101 (0041000100) : 62387.435435711945 
0035000102 (0022000101) : 62820.22096535468 
0026000103 (0035000102) : 63309.019252433565 
0023000104 (0026000103) : 64190.82464396775 
0085000105 (0023000104) : 64401.0948076711 
0081000106 (0085000105) : 64428.42335814011 
0050000107 (0081000106) : 65228.96639031322 
0037000108 (0050000107) : 65298.86506605909 
0059000109 (0037000108) : 67367.29548121519 
0031000110 (0059000109) : 68927.84437058438 
0049000111 (0031000110) : 69454.44481230885 
0045000112 (0049000111) : 69458.63847739859 
0018000113 (0045000112) : 69646.12909075801 
0023000114 (0018000113) : 70277.85668345996 
0096000115 (0023000114) : 70320.46310999416 
0011000116 (0096000115) : 70597.94633684715 
0098000117 (0011000116) : 71496.8125740442 
0077000118 (0098000117) : 72499.23007146716 
0040000119 (0077000118) : 72499.57620510535 
0084000120 (0040000119) : 73616.83577058867 
0090000121 (0084000120) : 73830.80783661333 
0001000122 (0090000121) : 74472.37562429589 
0087000123 (0001000122) : 77280.24907855075 
0006000124 (0087000123) : 77676.30099595705 
0023000125 (0006000124) : 78257.04494264687 
0056000126 (0023000125) : 78493.48197526192 
0038000127 (0056000126) : 79015.94494272514 
0070000128 (0038000127) : 79098.17082828903 
0014000129 (0070000128) : 79556.87809262889 
0069000130 (0014000129) : 79939.71289178837 
0088000131 (0069000130) : 80545.84869178166 
0072000132 (0088000131) : 80654.50353663528 
0074000133 (0072000132) : 80803.83146104435 
0024000134 (0074000133) : 81735.8217857846 
0073000135 (0024000134) : 81927.13017423992 
0070000136 (0073000135) : 82676.38251155001 
0098000137 (0070000136) : 82732.19970326367 
0013000138 (0098000137) : 82921.17112653148 
0023000139 (0013000138) : 83323.48411556109 
0096000140 (0023000139) : 83798.98345452166 
0033000141 (0096000140) : 84445.64062323379 
0030000142 (0033000141) : 84864.54730692187 
0009000143 (0030000142) : 85436.14130527811 
0042000144 (0009000143) : 85533.28453772195 
0018000145 (0042000144) : 85910.05224050951 
0063000146 (0018000145) : 86117.78760700728 
0014000147 (0063000146) : 86466.16185258966 
0026000148 (0014000147) : 89028.54299105718 
0002000149 (0026000148) : 89515.29360808502 
0016000150 (0002000149) : 89836.82502686846 
0044000151 (0016000150) : 89867.96223306176 
0099000152 (0044000151) : 90619.71629036531 
0001000153 (0099000152) : 90919.91129748664 
0058000154 (0001000153) : 90983.0787732945 
0096000155 (0058000154) : 91391.52846337414 
0023000156 (0096000155) : 93325.63584773286 
0053000157 (0023000156) : 93431.52185974551 
0085000158 (0053000157) : 93652.12818892983 
0043000159 (0085000158) : 94009.25712335172 
0067000160 (0043000159) : 94220.52106575813 
0085000161 (0067000160) : 95333.41793879858 
0029000162 (0085000161) : 95866.01448609783 
0067000163 (0029000162) : 96849.68344510045 
0032000164 (0067000163) : 97030.21396281924 
0001000165 (0032000164) : 98896.42631760158 
0002000166 (0001000165) : 99635.90778459997 
0023000167 (0002000166) : 99826.49935059344 
