0000000000 (genesis block) : 0 
0023000001 (0000000000) : 383.1063231715202 
0072000002 (0023000001) : 693.2533984734551 
0025000003 (0072000002) : 1164.3965927564814 
0076000004 (0025000003) : 1307.0659117387643 
0003000005 (0076000004) : 1808.531200520801 
0035000006 (0003000005) : 2647.677124662284 
0010000007 (0035000006) : 3066.6173897754275 
0026000008 (0010000007) : 3081.8593363284267 
0048000009 (0026000008) : 3307.9183751930896 
0022000010 (0048000009) : 3550.115592515243 
0031000011 (0022000010) : 4288.159319557853 
0045000012 (0031000011) : 5127.105562820285 
0086000013 (0045000012) : 6638.884818576261 
0050000014 (0086000013) : 7432.10867232882 
0078000015 (0050000014) : 7682.5507908596055 
0049000016 (0078000015) : 7713.882761554668 
0087000017 (0049000016) : 8129.739555171885 
0000000018 (0087000017) : 8462.252729936152 
0009000019 (0000000018) : 8836.742957823953 
0016000020 (0009000019) : 9080.77931694017 
0063000021 (0016000020) : 10088.711794582865 
0023000022 (0063000021) : 10419.405582323107 
0092000023 (0023000022) : 10470.523378126067 
0061000024 (0092000023) : 10550.469522593905 
0017000025 (0061000024) : 10806.368649291162 
0088000026 (0017000025) : 11452.442985057878 
0023000027 (0088000026) : 11960.389011604015 
0001000028 (0023000027) : 12269.612051878721 
0030000029 (0001000028) : 14501.141596412988 
0040000030 (0030000029) : 15673.614300675279 
0071000031 (0040000030) : 16869.707259829698 
0023000032 (0071000031) : 17121.967048719576 
0024000033 (0023000032) : 17595.91907804038 
0095000034 (0024000033) : 18244.47334681762 
0088000035 (0095000034) : 19221.68106500774 
0018000036 (0088000035) : 20304.041175612296 
0038000037 (0018000036) : 20351.72635071683 
0080000038 (0038000037) : 20753.290999912206 
0074000039 (0080000038) : 21055.960951280565 
0090000040 (0074000039) : 21209.996740567774 
0080000041 (0090000040) : 22284.749591144457 
0099000042 (0080000041) : 22644.6796351869 
0060000043 (0099000042) : 26117.6705859861 
0012000044 (0060000043) : 26871.786070112874 
0023000045 (0012000044) : 27437.261684846864 
0089000046 (0023000045) : 27597.886876334112 
0004000047 (0089000046) : 28641.664732529145 
0093000048 (0004000047) : 29339.97429014989 
0023000049 (0093000048) : 29730.098749843124 
0076000050 (0023000049) : 30331.53986100567 
0032000051 (0076000050) : 31104.388628625642 
0023000052 (0032000051) : 32641.669584094867 
0074000053 (0023000052) : 32659.39252384231 
0042000054 (0074000053) : 34281.10823470167 
0097000055 (0042000054) : 34655.92953250208 
0038000056 (0097000055) : 34788.26299487165 
0035000057 (0038000056) : 34853.88470989652 
0071000058 (0035000057) : 35066.94576191896 
0068000059 (0071000058) : 35916.91511778101 
0018000060 (0068000059) : 36140.32016370403 
0040000061 (0018000060) : 36401.78279482618 
0075000062 (0040000061) : 38032.617681877826 
0017000063 (0075000062) : 38107.40734594271 
0032000064 (0017000063) : 38167.88853450344 
0080000065 (0032000064) : 39058.964883676636 
0012000066 (0080000065) : 40060.91508102875 
0073000067 (0012000066) : 42129.42535918259 
0058000068 (0073000067) : 42664.290138094315 
0047000069 (0058000068) : 43189.44378767076 
0081000070 (0047000069) : 44595.773806843514 
0011000071 (0081000070) : 45334.92726832034 
0049000072 (0011000071) : 45453.58389720521 
0023000073 (0049000072) : 46755.69839134143 
0049000074 (0023000073) : 47969.42508035399 
0093000075 (0049000074) : 48708.537064106575 
0028000076 (0093000075) : 49126.442537963936 
0023000077 (0028000076) : 49668.4250459373 
0076000078 (0023000077) : 50014.50427707885 
0014000079 (0076000078) : 50021.1246659819 
0060000080 (0014000079) : 50263.981147867584 
0010000081 (0060000080) : 50360.61604456428 
0045000082 (0010000081) : 50501.55581344371 
0055000083 (0045000082) : 53776.6020473219 
0053000084 (0055000083) : 53903.499647571596 
0079000085 (0053000084) : 54035.89134007926 
0023000086 (0079000085) : 54135.29522719287 
0081000087 (0023000086) : 56579.033203693245 
0022000088 (0081000087) : 56763.45847489439 
0030000089 (0022000088) : 57298.04141255692 
0023000090 (0030000089) : 58171.43563799878 
0037000091 (0023000090) : 58181.44389339148 
0039000092 (0037000091) : 58506.76355593734 
0043000093 (0039000092) : 58969.09658394022 
0045000094 (0043000093) : 59060.77626673752 
0089000095 (0045000094) : 59684.82102650634 
0039000096 (0089000095) : 60226.52978352346 
0083000097 (0039000096) : 61737.88172657833 
0093000098 (0083000097) : 62032.08317140113 
0091000099 (0093000098) : 62153.43354554565 
0041000100 (0091000099) : 62375.5473993692 
0022000101 (0041000100) : 62387.76807817567 
0035000102 (0022000101) : 62820.12570913454 
0026000103 (0035000102) : 63309.0510018523 
0023000104 (0026000103) : 64190.83301782196 
0085000105 (0023000104) : 64401.14427412725 
0081000106 (0085000105) : 64428.229084620376 
0050000107 (0081000106) : 65228.88558232515 
0037000108 (0050000107) : 65298.52988784031 
0059000109 (0037000108) : 67366.9538372459 
0031000110 (0059000109) : 68927.79054662441 
0049000111 (0031000110) : 69454.47896234447 
0045000112 (0049000111) : 69458.54192039908 
0018000113 (0045000112) : 69646.46471830513 
0023000114 (0018000113) : 70277.8583439336 
0096000115 (0023000114) : 70320.3217785554 
0011000116 (0096000115) : 70597.86728897902 
0098000117 (0011000116) : 71496.73348137207 
0077000118 (0098000117) : 72498.95640486441 
0040000119 (0077000118) : 72499.58033033423 
0084000120 (0040000119) : 73616.74668170043 
0090000121 (0084000120) : 73830.7442513353 
0001000122 (0090000121) : 74472.34303997477 
0087000123 (0001000122) : 77280.35643923187 
0006000124 (0087000123) : 77676.35185247756 
0023000125 (0006000124) : 78257.05167727181 
0056000126 (0023000125) : 78493.1658140632 
0038000127 (0056000126) : 79015.9513883424 
0070000128 (0038000127) : 79097.83697574816 
0014000129 (0070000128) : 79557.21211967217 
0069000130 (0014000129) : 79939.71650114912 
0088000131 (0069000130) : 80546.1845059882 
0072000132 (0088000131) : 80654.53849051172 
0074000133 (0072000132) : 80803.66173304612 
0024000134 (0074000133) : 81735.75269850812 
0073000135 (0024000134) : 81926.96475241223 
0070000136 (0073000135) : 82676.04837854324 
0098000137 (0070000136) : 82732.12517671274 
0013000138 (0098000137) : 82921.17778650638 
0023000139 (0013000138) : 83323.4909706051 
0096000140 (0023000139) : 83798.83720176802 
0033000141 (0096000140) : 84445.42727594006 
0030000142 (0033000141) : 84864.60628494655 
0009000143 (0030000142) : 85436.17478709668 
0042000144 (0009000143) : 85533.15609544402 
0018000145 (0042000144) : 85910.38642751683 
0063000146 (0018000145) : 86117.8203759572 
0014000147 (0063000146) : 86466.49713711526 
0026000148 (0014000147) : 89028.57877938278 
0002000149 (0026000148) : 89515.44492523123 
0016000150 (0002000149) : 89836.72920068253 
0044000151 (0016000150) : 89868.12100648743 
0099000152 (0044000151) : 90619.74494294247 
0001000153 (0099000152) : 90919.87776461773 
0058000154 (0001000153) : 90983.11316347824 
0096000155 (0058000154) : 91391.382720792 
0023000156 (0096000155) : 93325.64213275188 
0053000157 (0023000156) : 93431.41949076427 
0085000158 (0053000157) : 93652.1760465851 
0043000159 (0085000158) : 94009.2640820288 
0067000160 (0043000159) : 94220.34765293488 
0085000161 (0067000160) : 95333.46510046601 
0029000162 (0085000161) : 95865.91485717804 
0067000163 (0029000162) : 96849.51659641668 
0032000164 (0067000163) : 97030.37326795129 
0001000165 (0032000164) : 98896.3978223108 
0002000166 (0001000165) : 99636.06507017573 
0023000167 (0002000166) : 99826.50194223516 
