0000000000 (genesis block) : 0 
0023000001 (0000000000) : 383.1791757186881 
0072000002 (0023000001) : 693.2135076784584 
0025000003 (0072000002) : 1164.1448308585013 
0076000004 (0025000003) : 1307.2862563033818 
0003000005 (0076000004) : 1808.6317916610199 
0035000006 (0003000005) : 2647.5357223201327 
0010000007 (0035000006) : 3066.612333576873 
0026000008 (0010000007) : 3082.102538526493 
0048000009 (0026000008) : 3307.7645520219658 
0022000010 (0048000009) : 3549.704690193372 
0031000011 (0022000010) : 4288.1338525007 
0045000012 (0031000011) : 5127.198570056233 
0086000013 (0045000012) : 6639.076510684823 
0050000014 (0086000013) : 7432.232456053352 
0078000015 (0050000014) : 7682.424828636606 
0049000016 (0078000015) : 7714.003202353181 
0087000017 (0049000016) : 8129.363131244247 
0000000018 (0087000017) : 8462.494210314617 
0009000019 (0000000018) : 8836.711179326772 
0016000020 (0009000019) : 9080.63776909283 
0063000021 (0016000020) : 10088.84304474377 
0023000022 (0063000021) : 10419.47786190201 
0092000023 (0023000022) : 10470.398449902448 
0061000024 (0092000023) : 10550.825172509076 
0017000025 (0061000024) : 10806.117545854178 
0088000026 (0017000025) : 11452.257576426082 
0023000027 (0088000026) : 11960.459464770203 
0001000028 (0023000027) : 12269.460166406332 
0030000029 (0001000028) : 14500.803372960563 
0040000030 (0030000029) : 15673.711350193618 
0071000031 (0040000030) : 16869.575294658367 
0023000032 (0071000031) : 17122.03751507982 
0024000033 (0023000032) : 17595.95885381744 
0095000034 (0024000033) : 18244.54972046217 
0088000035 (0095000034) : 19221.498611795032 
0018000036 (0088000035) : 20303.978716256574 
0038000037 (0018000036) : 20351.548221721587 
0080000038 (0038000037) : 20752.992077691502 
0074000039 (0080000038) : 21056.132615633058 
0090000040 (0074000039) : 21209.89450004728 
0080000041 (0090000040) : 22284.453760613695 
0099000042 (0080000041) : 22644.375819107652 
0060000043 (0099000042) : 26117.765917253368 
0012000044 (0060000043) : 26871.35483054877 
0023000045 (0012000044) : 27437.33015615858 
0089000046 (0023000045) : 27598.108677600496 
0004000047 (0089000046) : 28641.261170706253 
0093000048 (0004000047) : 29340.238126709286 
0023000049 (0093000048) : 29730.170212129964 
0076000050 (0023000049) : 30331.760455110914 
0032000051 (0076000050) : 31103.958028837045 
0023000052 (0032000051) : 32641.7484797467 
0074000053 (0023000052) : 32659.566997861748 
0042000054 (0074000053) : 34281.108698439886 
0097000055 (0042000054) : 34655.88174376464 
0038000056 (0097000055) : 34788.081549846596 
0035000057 (0038000056) : 34853.737589721844 
0071000058 (0035000057) : 35066.81422887515 
0068000059 (0071000058) : 35916.98532125235 
0018000060 (0068000059) : 36140.259436953515 
0040000061 (0018000060) : 36401.88153696586 
0075000062 (0040000061) : 38032.47923658751 
0017000063 (0075000062) : 38107.155234880476 
0032000064 (0017000063) : 38167.4559987644 
0080000065 (0032000064) : 39058.67067237543 
0012000066 (0080000065) : 40060.484038944145 
0073000067 (0012000066) : 42129.59970798831 
0058000068 (0073000067) : 42664.44916386814 
0047000069 (0058000068) : 43189.35345806481 
0081000070 (0047000069) : 44595.93891477771 
0011000071 (0081000070) : 45334.9205879628 
0049000072 (0011000071) : 45453.71313868288 
0023000073 (0049000072) : 46755.77057070172 
0049000074 (0023000073) : 47969.54982931094 
0093000075 (0049000074) : 48708.80719944895 
0028000076 (0093000075) : 49126.54282857898 
0023000077 (0028000076) : 49668.500070121234 
0076000078 (0023000077) : 50014.7281759231 
0014000079 (0076000078) : 50020.93820125874 
0060000080 (0014000079) : 50264.08024546859 
0010000081 (0060000080) : 50360.611841753336 
0045000082 (0010000081) : 50501.64493183744 
0055000083 (0045000082) : 53776.671764263934 
0053000084 (0055000083) : 53903.67963831323 
0079000085 (0053000084) : 54035.76061229565 
0023000086 (0079000085) : 54135.367201000954 
0081000087 (0023000086) : 56579.20145249556 
0022000088 (0081000087) : 56763.04640539439 
0030000089 (0022000088) : 57297.70920161198 
0023000090 (0030000089) : 58171.506900158245 
0037000091 (0023000090) : 58181.87688122261 
0039000092 (0037000091) : 58506.608448034145 
0043000093 (0039000092) : 58968.83960167148 
0045000094 (0043000093) : 59060.86813189882 
0089000095 (0045000094) : 59685.03678970184 
0039000096 (0089000095) : 60226.37569570734 
0083000097 (0039000096) : 61737.703935501566 
0093000098 (0083000097) : 62032.34875173321 
0091000099 (0093000098) : 62153.39626734572 
0041000100 (0091000099) : 62375.35916585904 
0022000101 (0041000100) : 62387.357523698374 
0035000102 (0022000101) : 62819.98320337264 
0026000103 (0035000102) : 63309.29675709021 
0023000104 (0026000103) : 64190.90580810212 
0085000105 (0023000104) : 64401.01714889281 
0081000106 (0085000105) : 64428.395188594564 
0050000107 (0081000106) : 65229.00803108277 
0037000108 (0050000107) : 65298.96358447635 
0059000109 (0037000108) : 67367.30625478979 
0031000110 (0059000109) : 68927.7667371865 
0049000111 (0031000110) : 69454.6079172158 
0045000112 (0049000111) : 69458.63020493902 
0018000113 (0045000112) : 69646.40027177142 
0023000114 (0018000113) : 70277.93209225925 
0096000115 (0023000114) : 70320.41748207281 
0011000116 (0096000115) : 70597.86852101471 
0098000117 (0011000116) : 71496.73185897185 
0077000118 (0098000117) : 72499.12149533651 
0040000119 (0077000118) : 72499.68065315072 
0084000120 (0040000119) : 73616.69664789685 
0090000121 (0084000120) : 73830.63949369904 
0001000122 (0090000121) : 74472.19181288846 
0087000123 (0001000122) : 77279.97722187855 
0006000124 (0087000123) : 77676.02770696825 
0023000125 (0006000124) : 78257.12403140389 
0056000126 (0023000125) : 78493.41966343297 
0038000127 (0056000126) : 79015.77212002652 
0070000128 (0038000127) : 79098.2702628957 
0014000129 (0070000128) : 79557.0269959295 
0069000130 (0014000129) : 79939.69058428562 
0088000131 (0069000130) : 80545.99936574306 
0072000132 (0088000131) : 80654.4960193537 
0074000133 (0072000132) : 80803.83736091698 
0024000134 (0074000133) : 81735.79907527451 
0073000135 (0024000134) : 81927.13255516082 
0070000136 (0073000135) : 82676.48234685056 
0098000137 (0070000136) : 82732.12266544587 
0013000138 (0098000137) : 82921.23151956592 
0023000139 (0013000138) : 83323.56027206496 
0096000140 (0023000139) : 83798.93625612589 
0033000141 (0096000140) : 84445.4139290277 
0030000142 (0033000141) : 84864.27259667212 
0009000143 (0030000142) : 85436.15207179461 
0042000144 (0009000143) : 85533.15430378733 
0018000145 (0042000144) : 85910.32360649318 
0063000146 (0018000145) : 86117.95454650439 
0014000147 (0063000146) : 86466.31002378077 
0026000148 (0014000147) : 89028.819203385 
0002000149 (0026000148) : 89515.01411466584 
0016000150 (0002000149) : 89836.58776022952 
0044000151 (0016000150) : 89867.68967254035 
0099000152 (0044000151) : 90619.44359221282 
0001000153 (0099000152) : 90919.72642249144 
0058000154 (0001000153) : 90983.27723467402 
0096000155 (0058000154) : 91391.47939717009 
0023000156 (0096000155) : 93325.71546543867 
0053000157 (0023000156) : 93431.59733709527 
0085000158 (0053000157) : 93652.04992961978 
0043000159 (0085000158) : 94009.00813963513 
0067000160 (0043000159) : 94220.52171034571 
0085000161 (0067000160) : 95333.33699687663 
0029000162 (0085000161) : 95866.08714972412 
0067000163 (0029000162) : 96849.69055123773 
0032000164 (0067000163) : 97029.94021907476 
0001000165 (0032000164) : 98896.24670132347 
0002000166 (0001000165) : 99635.63455901977 
0023000167 (0002000166) : 99826.57269835571 
