0000000000 (genesis block) : 0 
0023000001 (0000000000) : 382.81502479153465 
0072000002 (0023000001) : 693.3279626207456 
0025000003 (0072000002) : 1164.234395733368 
0076000004 (0025000003) : 1307.17268272927 
0003000005 (0076000004) : 1808.56328342148 
0035000006 (0003000005) : 2647.5127406862425 
0010000007 (0035000006) : 3066.3941929885336 
0026000008 (0010000007) : 3082.0823822559582 
0048000009 (0026000008) : 3308.197257258398 
0022000010 (0048000009) : 3550.1831028142215 
0031000011 (0022000010) : 4287.995994794435 
0045000012 (0031000011) : 5126.942952743346 
0086000013 (0045000012) : 6638.907848520047 
0050000014 (0086000013) : 7431.944256998746 
0078000015 (0050000014) : 7682.6165781280815 
0049000016 (0078000015) : 7713.930377166091 
0087000017 (0049000016) : 8129.5756981551185 
0000000018 (0087000017) : 8462.475223763353 
0009000019 (0000000018) : 8836.637567511632 
0016000020 (0009000019) : 9080.615582743165 
0063000021 (0016000020) : 10088.762714490387 
0023000022 (0063000021) : 10419.112124648398 
0092000023 (0023000022) : 10470.466045982144 
0061000024 (0092000023) : 10550.644567969486 
0017000025 (0061000024) : 10806.20623452853 
0088000026 (0017000025) : 11452.31863097362 
0023000027 (0088000026) : 11960.098142727033 
0001000028 (0023000027) : 12269.619500067185 
0030000029 (0001000028) : 14501.073589065323 
0040000030 (0030000029) : 15673.68666698268 
0071000031 (0040000030) : 16869.553322745785 
0023000032 (0071000031) : 17121.6752627071 
0024000033 (0023000032) : 17595.691236194616 
0095000034 (0024000033) : 18244.24781874188 
0088000035 (0095000034) : 19221.55702426652 
0018000036 (0088000035) : 20304.144591506927 
0038000037 (0018000036) : 20351.769126817926 
0080000038 (0038000037) : 20753.25363892895 
0074000039 (0080000038) : 21055.79525048386 
0090000040 (0074000039) : 21209.860884957146 
0080000041 (0090000040) : 22284.71750258573 
0099000042 (0080000041) : 22645.0078338927 
0060000043 (0099000042) : 26117.707570487328 
0012000044 (0060000043) : 26871.98431965853 
0023000045 (0012000044) : 27436.96147169677 
0089000046 (0023000045) : 27597.936728885667 
0004000047 (0089000046) : 28641.50054253942 
0093000048 (0004000047) : 29340.224785375893 
0023000049 (0093000048) : 29729.803432295743 
0076000050 (0023000049) : 30331.650112816165 
0032000051 (0076000050) : 31104.424050033827 
0023000052 (0032000051) : 32641.37600423161 
0074000053 (0023000052) : 32659.231421448992 
0042000054 (0074000053) : 34280.78338975386 
0097000055 (0042000054) : 34655.82035253741 
0038000056 (0097000055) : 34788.30270624167 
0035000057 (0038000056) : 34853.71524529175 
0071000058 (0035000057) : 35066.79079513714 
0068000059 (0071000058) : 35916.88358785499 
0018000060 (0068000059) : 36140.42673837704 
0040000061 (0018000060) : 36401.85303085541 
0075000062 (0040000061) : 38032.51166680184 
0017000063 (0075000062) : 38107.24265800619 
0032000064 (0017000063) : 38167.92530500622 
0080000065 (0032000064) : 39058.930783896976 
0012000066 (0080000065) : 40061.111907777784 
0073000067 (0012000066) : 42129.261167900964 
0058000068 (0073000067) : 42664.453438837925 
0047000069 (0058000068) : 43189.41552951743 
0081000070 (0047000069) : 44595.66396435857 
0011000071 (0081000070) : 45334.76149560349 
0049000072 (0011000071) : 45453.6345059359 
0023000073 (0049000072) : 46755.404291860264 
0049000074 (0023000073) : 47969.47590244388 
0093000075 (0049000074) : 48708.78505611303 
0028000076 (0093000075) : 49126.69203054074 
0023000077 (0028000076) : 49668.12944074963 
0076000078 (0023000077) : 50014.61445176935 
0014000079 (0076000078) : 50020.99687336851 
0060000080 (0014000079) : 50264.01964549377 
0010000081 (0060000080) : 50360.393948257595 
0045000082 (0010000081) : 50501.390551333476 
0055000083 (0045000082) : 53776.620361795896 
0053000084 (0055000083) : 53903.04586220966 
0079000085 (0053000084) : 54035.72829351754 
0023000086 (0079000085) : 54135.00056596754 
0081000087 (0023000086) : 56578.92281689345 
0022000088 (0081000087) : 56763.52468620499 
0030000089 (0022000088) : 57297.97786015221 
0023000090 (0030000089) : 58171.142047983674 
0037000091 (0023000090) : 58181.89962601229 
0039000092 (0037000091) : 58506.80754591407 
0043000093 (0039000092) : 58969.03662113278 
0045000094 (0043000093) : 59060.608409007255 
0089000095 (0045000094) : 59684.86656568817 
0039000096 (0089000095) : 60226.57454592117 
0083000097 (0039000096) : 61737.9267183829 
0093000098 (0083000097) : 62032.33389924097 
0091000099 (0093000098) : 62153.32337040924 
0041000100 (0091000099) : 62375.570525061 
0022000101 (0041000100) : 62387.83507291108 
0035000102 (0022000101) : 62819.9626249058 
0026000103 (0035000102) : 63309.27197396071 
0023000104 (0026000103) : 64190.537051217914 
0085000105 (0023000104) : 64401.13764805906 
0081000106 (0085000105) : 64428.1171149706 
0050000107 (0081000106) : 65228.71899881432 
0037000108 (0050000107) : 65298.985393302006 
0059000109 (0037000108) : 67367.12788476507 
0031000110 (0059000109) : 68927.62781144917 
0049000111 (0031000110) : 69454.52783765577 
0045000112 (0049000111) : 69458.37449721905 
0018000113 (0045000112) : 69646.56672266072 
0023000114 (0018000113) : 70277.56636655734 
0096000115 (0023000114) : 70320.35643479809 
0011000116 (0096000115) : 70597.70412166082 
0098000117 (0011000116) : 71496.56803279111 
0077000118 (0098000117) : 72498.93900535081 
0040000119 (0077000118) : 72499.65335545386 
0084000120 (0040000119) : 73616.55823660655 
0090000121 (0084000120) : 73830.60573586028 
0001000122 (0090000121) : 74472.34553168234 
0087000123 (0001000122) : 77280.19030656382 
0006000124 (0087000123) : 77676.39716849942 
0023000125 (0006000124) : 78256.75661736056 
0056000126 (0023000125) : 78493.19395469969 
0038000127 (0056000126) : 79015.99187536101 
0070000128 (0038000127) : 79098.29172476074 
0014000129 (0070000128) : 79557.08482143936 
0069000130 (0014000129) : 79939.76163443922 
0088000131 (0069000130) : 80546.05558376362 
0072000132 (0088000131) : 80654.61244981845 
0074000133 (0072000132) : 80803.49835439683 
0024000134 (0074000133) : 81735.53078294526 
0073000135 (0024000134) : 81926.80172919067 
0070000136 (0073000135) : 82676.50480164729 
0098000137 (0070000136) : 82731.96133636116 
0013000138 (0098000137) : 82921.15996011984 
0023000139 (0013000138) : 83323.19678471092 
0096000140 (0023000139) : 83798.87134941437 
0033000141 (0096000140) : 84445.60293264051 
0030000142 (0033000141) : 84864.54976397612 
0009000143 (0030000142) : 85436.06798584975 
0042000144 (0009000143) : 85532.82777796316 
0018000145 (0042000144) : 85910.49303346372 
0063000146 (0018000145) : 86117.87046803406 
0014000147 (0063000146) : 86466.3693293948 
0026000148 (0014000147) : 89028.79732613983 
0002000149 (0026000148) : 89515.61829457054 
0016000150 (0002000149) : 89836.56675486866 
0044000151 (0016000150) : 89868.16039946623 
0099000152 (0044000151) : 90620.07603313736 
0001000153 (0099000152) : 90919.88067552369 
0058000154 (0001000153) : 90983.2822285174 
0096000155 (0058000154) : 91391.41801075802 
0023000156 (0096000155) : 93325.3486664422 
0053000157 (0023000156) : 93430.96376117316 
0085000158 (0053000157) : 93652.17098636438 
0043000159 (0085000158) : 94009.20665351849 
0067000160 (0043000159) : 94220.183553923 
0085000161 (0067000160) : 95333.45894070726 
0029000162 (0085000161) : 95866.0865739737 
0067000163 (0029000162) : 96849.35223202512 
0032000164 (0067000163) : 97030.40770879654 
0001000165 (0032000164) : 98896.40183840535 
0002000166 (0001000165) : 99636.23980684376 
0023000167 (0002000166) : 99826.20463946319 
