0000000000 (genesis block) : 0 
0023000001 (0000000000) : 383.35383180226574 
0072000002 (0023000001) : 693.212432116004 
0025000003 (0072000002) : 1164.741231011847 
0076000004 (0025000003) : 1307.555404538843 
0003000005 (0076000004) : 1809.0450824694806 
0035000006 (0003000005) : 2647.9844077947555 
0010000007 (0035000006) : 3067.106489865272 
0026000008 (0010000007) : 3082.351562655086 
0048000009 (0026000008) : 3308.4076601212646 
0022000010 (0048000009) : 3550.301788699378 
0031000011 (0022000010) : 4288.4955679161485 
0045000012 (0031000011) : 5127.4479861407335 
0086000013 (0045000012) : 6639.378844872413 
0050000014 (0086000013) : 7432.3652148300025 
0078000015 (0050000014) : 7682.823544476877 
0049000016 (0078000015) : 7714.372338812245 
0087000017 (0049000016) : 8130.0102221491725 
0000000018 (0087000017) : 8462.741916391027 
0009000019 (0000000018) : 8836.85421222812 
0016000020 (0009000019) : 9081.091443497966 
0063000021 (0016000020) : 10089.202914543363 
0023000022 (0063000021) : 10419.650740098994 
0092000023 (0023000022) : 10470.794647300308 
0061000024 (0092000023) : 10550.980381803625 
0017000025 (0061000024) : 10806.674944849123 
0088000026 (0017000025) : 11452.562437915507 
0023000027 (0088000026) : 11960.637956943536 
0001000028 (0023000027) : 12268.818640877931 
0030000029 (0001000028) : 14501.44764577222 
0040000030 (0030000029) : 15673.887464559424 
0071000031 (0040000030) : 16869.979214791332 
0023000032 (0071000031) : 17122.21444474035 
0024000033 (0023000032) : 17596.454693336662 
0095000034 (0024000033) : 18245.013776223208 
0088000035 (0095000034) : 19221.808427585926 
0018000036 (0088000035) : 20304.389671361685 
0038000037 (0018000036) : 20351.971881260797 
0080000038 (0038000037) : 20753.458398534494 
0074000039 (0080000038) : 21056.25206924886 
0090000040 (0074000039) : 21210.366133282565 
0080000041 (0090000040) : 22284.919219517065 
0099000042 (0080000041) : 22645.018150537162 
0060000043 (0099000042) : 26118.18595332163 
0012000044 (0060000043) : 26871.997120307275 
0023000045 (0012000044) : 27437.49909803801 
0089000046 (0023000045) : 27598.381189117852 
0004000047 (0089000046) : 28641.476234850274 
0093000048 (0004000047) : 29340.46847080348 
0023000049 (0093000048) : 29730.345106713 
0076000050 (0023000049) : 30332.030562452015 
0032000051 (0076000050) : 31104.601745635984 
0023000052 (0032000051) : 32641.914813999647 
0074000053 (0023000052) : 32659.680985913812 
0042000054 (0074000053) : 34281.57156453464 
0097000055 (0042000054) : 34656.44164035653 
0038000056 (0097000055) : 34788.5042090223 
0035000057 (0038000056) : 34854.19190363102 
0071000058 (0035000057) : 35067.21849362738 
0068000059 (0071000058) : 35917.08562055469 
0018000060 (0068000059) : 36140.674984081415 
0040000061 (0018000060) : 36402.05540251761 
0075000062 (0040000061) : 38032.98957066759 
0017000063 (0075000062) : 38107.7148260634 
0032000064 (0017000063) : 38168.101368299256 
0080000065 (0032000064) : 39059.130178617066 
0012000066 (0080000065) : 40061.12663434085 
0073000067 (0012000066) : 42129.71685077095 
0058000068 (0073000067) : 42664.9484414526 
0047000069 (0058000068) : 43189.6622065584 
0081000070 (0047000069) : 44596.169504453785 
0011000071 (0081000070) : 45335.268702591165 
0049000072 (0011000071) : 45454.07586733374 
0023000073 (0049000072) : 46755.943467138924 
0049000074 (0023000073) : 47969.91685774119 
0093000075 (0049000074) : 48709.027841465824 
0028000076 (0093000075) : 49126.93491896413 
0023000077 (0028000076) : 49668.66820613431 
0076000078 (0023000077) : 50015.00112330056 
0014000079 (0076000078) : 50021.192232376314 
0060000080 (0014000079) : 50264.49524938727 
0010000081 (0060000080) : 50361.10167096968 
0045000082 (0010000081) : 50501.89674536369 
0055000083 (0045000082) : 53776.315716796555 
0053000084 (0055000083) : 53903.84665540733 
0079000085 (0053000084) : 54036.15473501243 
0023000086 (0079000085) : 54135.54184709991 
0081000087 (0023000086) : 56579.428791594524 
0022000088 (0081000087) : 56763.64375422494 
0030000089 (0022000088) : 57298.351109449 
0023000090 (0030000089) : 58171.68275571031 
0037000091 (0023000090) : 58182.23746056604 
0039000092 (0037000091) : 58507.00922833112 
0043000093 (0039000092) : 58969.341201858144 
0045000094 (0043000093) : 59061.11744290486 
0089000095 (0045000094) : 59685.31151382029 
0039000096 (0089000095) : 60226.77406266568 
0083000097 (0039000096) : 61738.129977676195 
0093000098 (0083000097) : 62032.57230792394 
0091000099 (0093000098) : 62153.70348041656 
0041000100 (0091000099) : 62375.884066802966 
0022000101 (0041000100) : 62387.95243311575 
0035000102 (0022000101) : 62820.4346092056 
0026000103 (0035000102) : 63309.54085192473 
0023000104 (0026000103) : 64191.07955329384 
0085000105 (0023000104) : 64401.41504128339 
0081000106 (0085000105) : 64428.62302837596 
0050000107 (0081000106) : 65229.1430135552 
0037000108 (0050000107) : 65299.32192412401 
0059000109 (0037000108) : 67367.46478029917 
0031000110 (0059000109) : 68928.1293734633 
0049000111 (0031000110) : 69454.97034439501 
0045000112 (0049000111) : 69458.87975716218 
0018000113 (0045000112) : 69646.81244511175 
0023000114 (0018000113) : 70278.1056946018 
0096000115 (0023000114) : 70320.83211298226 
0011000116 (0096000115) : 70598.20968419474 
0098000117 (0011000116) : 71497.0786146014 
0077000118 (0098000117) : 72499.47938530272 
0040000119 (0077000118) : 72499.85453194083 
0084000120 (0040000119) : 73617.2414215135 
0090000121 (0084000120) : 73831.11373329036 
0001000122 (0090000121) : 74471.54703125797 
0087000123 (0001000122) : 77280.62200308286 
0006000124 (0087000123) : 77676.59870151582 
0023000125 (0006000124) : 78257.29623313925 
0056000126 (0023000125) : 78493.65863661884 
0038000127 (0056000126) : 79016.19780391161 
0070000128 (0038000127) : 79098.63000293222 
0014000129 (0070000128) : 79557.27884070473 
0069000130 (0014000129) : 79939.96204746603 
0088000131 (0069000130) : 80546.3051896071 
0072000132 (0088000131) : 80654.49465371376 
0074000133 (0072000132) : 80803.95672247729 
0024000134 (0074000133) : 81736.2939444242 
0073000135 (0024000134) : 81927.25709936957 
0070000136 (0073000135) : 82676.84261604256 
0098000137 (0070000136) : 82732.46627122143 
0013000138 (0098000137) : 82921.45057905417 
0023000139 (0013000138) : 83323.73451352162 
0096000140 (0023000139) : 83799.34883042704 
0033000141 (0096000140) : 84445.94129194583 
0030000142 (0033000141) : 84864.91649613135 
0009000143 (0030000142) : 85436.28616940202 
0042000144 (0009000143) : 85533.61771576027 
0018000145 (0042000144) : 85910.73880601316 
0063000146 (0018000145) : 86118.31140710136 
0014000147 (0063000146) : 86466.56389133137 
0026000148 (0014000147) : 89029.06630371317 
0002000149 (0026000148) : 89515.6580697106 
0016000150 (0002000149) : 89837.03922663868 
0044000151 (0016000150) : 89868.33388013516 
0099000152 (0044000151) : 90620.08839700435 
0001000153 (0099000152) : 90919.08056839083 
0058000154 (0001000153) : 90983.78018754952 
0096000155 (0058000154) : 91391.89336101447 
0023000156 (0096000155) : 93325.88767999517 
0053000157 (0023000156) : 93431.76399509418 
0085000158 (0053000157) : 93652.44792353513 
0043000159 (0085000158) : 94009.51170813371 
0067000160 (0043000159) : 94220.69546842754 
0085000161 (0067000160) : 95333.7363164158 
0029000162 (0085000161) : 95865.63061992609 
0067000163 (0029000162) : 96849.85934039934 
0032000164 (0067000163) : 97030.58316733268 
0001000165 (0032000164) : 98895.60315504977 
0002000166 (0001000165) : 99636.27897472272 
0023000167 (0002000166) : 99826.74457414051 
