0000000000 (genesis block) : 0 
0023000001 (0000000000) : 382.7579803429357 
0072000002 (0023000001) : 693.4665289293171 
0025000003 (0072000002) : 1164.5303809517634 
0076000004 (0025000003) : 1307.3722465266417 
0003000005 (0076000004) : 1808.492866890779 
0035000006 (0003000005) : 2647.8130830155746 
0010000007 (0035000006) : 3066.248692058554 
0026000008 (0010000007) : 3082.208724873225 
0048000009 (0026000008) : 3308.24126001734 
0022000010 (0048000009) : 3550.269599868269 
0031000011 (0022000010) : 4288.118787048375 
0045000012 (0031000011) : 5127.298508348214 
0086000013 (0045000012) : 6639.203491331283 
0050000014 (0086000013) : 7432.297667999779 
0078000015 (0050000014) : 7682.603834475218 
0049000016 (0078000015) : 7713.996113364451 
0087000017 (0049000016) : 8129.932395150186 
0000000018 (0087000017) : 8462.467318238834 
0009000019 (0000000018) : 8836.853923472458 
0016000020 (0009000019) : 9080.607767587971 
0063000021 (0016000020) : 10089.01978207075 
0023000022 (0063000021) : 10419.056152913628 
0092000023 (0023000022) : 10470.573002858144 
0061000024 (0092000023) : 10550.692944246359 
0017000025 (0061000024) : 10806.503230346038 
0088000026 (0017000025) : 11452.462544177524 
0023000027 (0088000026) : 11960.041722727621 
0001000028 (0023000027) : 12269.676828741292 
0030000029 (0001000028) : 14501.374459132088 
0040000030 (0030000029) : 15673.74758267489 
0071000031 (0040000030) : 16869.547367848914 
0023000032 (0071000031) : 17121.617927843567 
0024000033 (0023000032) : 17595.798678526862 
0095000034 (0024000033) : 18244.353543337904 
0088000035 (0095000034) : 19221.6992991549 
0018000036 (0088000035) : 20304.2848939817 
0038000037 (0018000036) : 20351.832440067392 
0080000038 (0038000037) : 20753.30189952225 
0074000039 (0080000038) : 21055.873348894347 
0090000040 (0074000039) : 21209.960856863454 
0080000041 (0090000040) : 22284.763588410442 
0099000042 (0080000041) : 22644.99536898367 
0060000043 (0099000042) : 26117.813530660344 
0012000044 (0060000043) : 26871.97510722021 
0023000045 (0012000044) : 27436.905761526225 
0089000046 (0023000045) : 27598.193377717063 
0004000047 (0089000046) : 28641.83696470697 
0093000048 (0004000047) : 29340.329596385134 
0023000049 (0093000048) : 29729.74634130654 
0076000050 (0023000049) : 30331.84880601758 
0032000051 (0076000050) : 31104.57833761464 
0023000052 (0032000051) : 32641.321690123106 
0074000053 (0023000052) : 32659.30428811319 
0042000054 (0074000053) : 34280.742598964986 
0097000055 (0042000054) : 34655.92649007962 
0038000056 (0097000055) : 34788.361733147314 
0035000057 (0038000056) : 34854.01649752615 
0071000058 (0035000057) : 35066.78688493129 
0068000059 (0071000058) : 35917.01820646616 
0018000060 (0068000059) : 36140.56837575972 
0040000061 (0018000060) : 36401.91009429759 
0075000062 (0040000061) : 38032.614648472685 
0017000063 (0075000062) : 38107.542137496865 
0032000064 (0017000063) : 38168.079074913796 
0080000065 (0032000064) : 39058.97704521547 
0012000066 (0080000065) : 40061.10294427285 
0073000067 (0012000066) : 42129.33954621489 
0058000068 (0073000067) : 42664.23903788142 
0047000069 (0058000068) : 43189.55814710639 
0081000070 (0047000069) : 44596.0196094897 
0011000071 (0081000070) : 45335.1176093445 
0049000072 (0011000071) : 45453.703924963505 
0023000073 (0049000072) : 46755.34880200011 
0049000074 (0023000073) : 47969.54581932933 
0093000075 (0049000074) : 48708.88494791041 
0028000076 (0093000075) : 49126.78884441035 
0023000077 (0028000076) : 49668.073874523856 
0076000078 (0023000077) : 50014.81547475765 
0014000079 (0076000078) : 50021.13810471971 
0060000080 (0014000079) : 50264.12570643457 
0010000081 (0060000080) : 50360.24557525904 
0045000082 (0010000081) : 50501.745767766755 
0055000083 (0045000082) : 53776.49178248165 
0053000084 (0055000083) : 53903.44001724501 
0079000085 (0053000084) : 54035.854158925205 
0023000086 (0079000085) : 54134.94451464517 
0081000087 (0023000086) : 56579.27865562031 
0022000088 (0081000087) : 56763.61390199101 
0030000089 (0022000088) : 57298.279461158774 
0023000090 (0030000089) : 58171.086007919395 
0037000091 (0023000090) : 58181.80981477831 
0039000092 (0037000091) : 58506.867990416555 
0043000093 (0039000092) : 58969.061200063414 
0045000094 (0043000093) : 59060.96695002638 
0089000095 (0045000094) : 59685.123236367246 
0039000096 (0089000095) : 60226.63720350096 
0083000097 (0039000096) : 61737.98327444763 
0093000098 (0083000097) : 62032.43105709447 
0091000099 (0093000098) : 62153.56088799644 
0041000100 (0091000099) : 62375.565873822394 
0022000101 (0041000100) : 62387.9245704078 
0035000102 (0022000101) : 62820.26821106224 
0026000103 (0035000102) : 63309.40105543743 
0023000104 (0026000103) : 64190.47801362528 
0085000105 (0023000104) : 64400.99072472095 
0081000106 (0085000105) : 64428.47336700998 
0050000107 (0081000106) : 65229.07269316782 
0037000108 (0050000107) : 65298.89907686539 
0059000109 (0037000108) : 67367.27501880901 
0031000110 (0059000109) : 68927.75379220417 
0049000111 (0031000110) : 69454.59913569763 
0045000112 (0049000111) : 69458.73364214392 
0018000113 (0045000112) : 69646.70719593354 
0023000114 (0018000113) : 70277.51039806708 
0096000115 (0023000114) : 70320.27702793636 
0011000116 (0096000115) : 70598.05845403238 
0098000117 (0011000116) : 71496.92366371476 
0077000118 (0098000117) : 72499.0485458302 
0040000119 (0077000118) : 72499.71004820234 
0084000120 (0040000119) : 73616.66620640508 
0090000121 (0084000120) : 73830.69973681348 
0001000122 (0090000121) : 74472.40761920082 
0087000123 (0001000122) : 77280.54599581678 
0006000124 (0087000123) : 77676.45329930971 
0023000125 (0006000124) : 78256.70108810872 
0056000126 (0023000125) : 78492.79949075604 
0038000127 (0056000126) : 79016.05252468145 
0070000128 (0038000127) : 79098.16035923614 
0014000129 (0070000128) : 79557.22813500134 
0069000130 (0014000129) : 79939.81932248859 
0088000131 (0069000130) : 80546.19687262122 
0072000132 (0088000131) : 80654.74983647955 
0074000133 (0072000132) : 80803.57652226581 
0024000134 (0074000133) : 81735.63603661695 
0073000135 (0024000134) : 81926.87835024591 
0070000136 (0073000135) : 82676.3719402562 
0098000137 (0070000136) : 82732.315452902 
0013000138 (0098000137) : 82921.30957082691 
0023000139 (0013000138) : 83323.14054487216 
0096000140 (0023000139) : 83798.79414707693 
0033000141 (0096000140) : 84445.74392852208 
0030000142 (0033000141) : 84864.84208300659 
0009000143 (0030000142) : 85436.28770537188 
0042000144 (0009000143) : 85532.78887398429 
0018000145 (0042000144) : 85910.633575138 
0063000146 (0018000145) : 86118.13127563053 
0014000147 (0063000146) : 86466.51258842835 
0026000148 (0014000147) : 89028.92502717867 
0002000149 (0026000148) : 89515.63476019802 
0016000150 (0002000149) : 89836.56088670198 
0044000151 (0016000150) : 89868.3109115226 
0099000152 (0044000151) : 90620.06411576466 
0001000153 (0099000152) : 90919.94360016653 
0058000154 (0001000153) : 90983.06591951518 
0096000155 (0058000154) : 91391.34941724378 
0023000156 (0096000155) : 93325.29240778163 
0053000157 (0023000156) : 93431.35877898171 
0085000158 (0053000157) : 93652.0242845071 
0043000159 (0085000158) : 94009.22843049062 
0067000160 (0043000159) : 94220.32511022766 
0085000161 (0067000160) : 95333.31240363632 
0029000162 (0085000161) : 95865.98462401555 
0067000163 (0029000162) : 96849.49495787025 
0032000164 (0067000163) : 97030.56211327035 
0001000165 (0032000164) : 98896.46594074492 
0002000166 (0001000165) : 99636.25611407578 
0023000167 (0002000166) : 99826.15027233482 
