0000000000 (genesis block) : 0 
0023000001 (0000000000) : 382.92724618636294 
0072000002 (0023000001) : 692.95984595394 
0025000003 (0072000002) : 1164.202830856637 
0076000004 (0025000003) : 1307.1271674546547 
0003000005 (0076000004) : 1808.6064815797636 
0035000006 (0003000005) : 2647.662100777448 
0010000007 (0035000006) : 3066.5393201397806 
0026000008 (0010000007) : 3081.9256763259687 
0048000009 (0026000008) : 3308.017777657471 
0022000010 (0048000009) : 3549.761856804336 
0031000011 (0022000010) : 4288.15135988691 
0045000012 (0031000011) : 5127.100647106258 
0086000013 (0045000012) : 6638.858504801059 
0050000014 (0086000013) : 7432.014951512412 
0078000015 (0050000014) : 7682.173532390305 
0049000016 (0078000015) : 7713.945147121049 
0087000017 (0049000016) : 8129.616153656855 
0000000018 (0087000017) : 8462.32018263886 
0009000019 (0000000018) : 8836.594122291288 
0016000020 (0009000019) : 9080.766830294226 
0063000021 (0016000020) : 10088.776181264124 
0023000022 (0063000021) : 10419.223145887594 
0092000023 (0023000022) : 10470.145778886063 
0061000024 (0092000023) : 10550.801750966177 
0017000025 (0061000024) : 10806.322247732533 
0088000026 (0017000025) : 11452.35521355324 
0023000027 (0088000026) : 11960.20875688896 
0001000028 (0023000027) : 12269.468910941958 
0030000029 (0001000028) : 14500.934805897848 
0040000030 (0030000029) : 15673.459866355575 
0071000031 (0040000030) : 16869.55350892592 
0023000032 (0071000031) : 17121.78477169144 
0024000033 (0023000032) : 17595.8561195817 
0095000034 (0024000033) : 18244.445313821245 
0088000035 (0095000034) : 19221.5926722292 
0018000036 (0088000035) : 20304.03637814524 
0038000037 (0018000036) : 20351.450699786627 
0080000038 (0038000037) : 20752.939058468794 
0074000039 (0080000038) : 21055.957670523585 
0090000040 (0074000039) : 21209.733090182515 
0080000041 (0090000040) : 22284.401967273927 
0099000042 (0080000041) : 22644.627738491432 
0060000043 (0099000042) : 26117.748031103907 
0012000044 (0060000043) : 26871.6123499267 
0023000045 (0012000044) : 27437.075131747923 
0089000046 (0023000045) : 27597.952445527608 
0004000047 (0089000046) : 28641.467337390724 
0093000048 (0004000047) : 29340.04161635996 
0023000049 (0093000048) : 29729.916696681757 
0076000050 (0023000049) : 30331.601979113922 
0032000051 (0076000050) : 31104.212033608434 
0023000052 (0032000051) : 32641.4962863679 
0074000053 (0023000052) : 32659.38572584196 
0042000054 (0074000053) : 34281.032121466276 
0097000055 (0042000054) : 34655.8609332394 
0038000056 (0097000055) : 34787.98196092643 
0035000057 (0038000056) : 34853.867476757325 
0071000058 (0035000057) : 35066.79302783059 
0068000059 (0071000058) : 35916.73353497067 
0018000060 (0068000059) : 36140.317815613125 
0040000061 (0018000060) : 36401.62753437238 
0075000062 (0040000061) : 38032.53403898413 
0017000063 (0075000062) : 38107.36200818236 
0032000064 (0017000063) : 38167.71062152149 
0080000065 (0032000064) : 39058.612861776 
0012000066 (0080000065) : 40060.738869052526 
0073000067 (0012000066) : 42129.41722547067 
0058000068 (0073000067) : 42664.522044996396 
0047000069 (0058000068) : 43189.44031615844 
0081000070 (0047000069) : 44595.687538502185 
0011000071 (0081000070) : 45334.915491982654 
0049000072 (0011000071) : 45453.64835973034 
0023000073 (0049000072) : 46755.51676788986 
0049000074 (0023000073) : 47969.48998298185 
0093000075 (0049000074) : 48708.60077029304 
0028000076 (0093000075) : 49126.50438022787 
0023000077 (0028000076) : 49668.24860261659 
0076000078 (0023000077) : 50014.57141421269 
0014000079 (0076000078) : 50021.03338039962 
0060000080 (0014000079) : 50264.055574336366 
0010000081 (0060000080) : 50360.54157574457 
0045000082 (0010000081) : 50501.54754326794 
0055000083 (0045000082) : 53776.52061203383 
0053000084 (0055000083) : 53903.49567676767 
0079000085 (0053000084) : 54035.712068772445 
0023000086 (0079000085) : 54135.115395168315 
0081000087 (0023000086) : 56578.95028127269 
0022000088 (0081000087) : 56763.10420804771 
0030000089 (0022000088) : 57297.835614078926 
0023000090 (0030000089) : 58171.25452233643 
0037000091 (0023000090) : 58181.85164451826 
0039000092 (0037000091) : 58506.356565192524 
0043000093 (0039000092) : 58968.91328270032 
0045000094 (0043000093) : 59060.76510598151 
0089000095 (0045000094) : 59684.88607024649 
0039000096 (0089000095) : 60226.124279744385 
0083000097 (0039000096) : 61737.60773347143 
0093000098 (0083000097) : 62032.14580696029 
0091000099 (0093000098) : 62153.276820709296 
0041000100 (0091000099) : 62375.56479928074 
0022000101 (0041000100) : 62387.41604778864 
0035000102 (0022000101) : 62820.1129374137 
0026000103 (0035000102) : 63309.11485227643 
0023000104 (0026000103) : 64190.650656162936 
0085000105 (0023000104) : 64400.76470117956 
0081000106 (0085000105) : 64428.142932089286 
0050000107 (0081000106) : 65228.791646364145 
0037000108 (0050000107) : 65298.93564837025 
0059000109 (0037000108) : 67367.28480813351 
0031000110 (0059000109) : 68927.78341070774 
0049000111 (0031000110) : 69454.54471884975 
0045000112 (0049000111) : 69458.52960295606 
0018000113 (0045000112) : 69646.4596351567 
0023000114 (0018000113) : 70277.67957936716 
0096000115 (0023000114) : 70320.39303035663 
0011000116 (0096000115) : 70597.85889163997 
0098000117 (0011000116) : 71496.72197385537 
0077000118 (0098000117) : 72499.10538648478 
0040000119 (0077000118) : 72499.4273396923 
0084000120 (0040000119) : 73616.59283316095 
0090000121 (0084000120) : 73830.4765321398 
0001000122 (0090000121) : 74472.20256297784 
0087000123 (0001000122) : 77280.22808677409 
0006000124 (0087000123) : 77676.07434632852 
0023000125 (0006000124) : 78256.87122388721 
0056000126 (0023000125) : 78493.30771391215 
0038000127 (0056000126) : 79015.6744717558 
0070000128 (0038000127) : 79098.24086066707 
0014000129 (0070000128) : 79557.1241358395 
0069000130 (0014000129) : 79939.43790129686 
0088000131 (0069000130) : 80546.09420991525 
0072000132 (0088000131) : 80654.24397491616 
0074000133 (0072000132) : 80803.6558771115 
0024000134 (0074000133) : 81735.69591384297 
0073000135 (0024000134) : 81926.95571815316 
0070000136 (0073000135) : 82676.453563631 
0098000137 (0070000136) : 82732.11526656471 
0013000138 (0098000137) : 82921.02517827625 
0023000139 (0013000138) : 83323.30878659786 
0096000140 (0023000139) : 83798.91168365638 
0033000141 (0096000140) : 84445.61965144498 
0030000142 (0033000141) : 84864.40247631818 
0009000143 (0030000142) : 85436.02474327802 
0042000144 (0009000143) : 85533.08059966611 
0018000145 (0042000144) : 85910.38223783452 
0063000146 (0018000145) : 86117.88514892598 
0014000147 (0063000146) : 86466.40390439579 
0026000148 (0014000147) : 89028.64339550829 
0002000149 (0026000148) : 89515.26915189682 
0016000150 (0002000149) : 89836.71918741736 
0044000151 (0016000150) : 89867.9413400509 
0099000152 (0044000151) : 90619.69978917763 
0001000153 (0099000152) : 90919.73646829119 
0058000154 (0001000153) : 90983.35428335093 
0096000155 (0058000154) : 91391.45551256159 
0023000156 (0096000155) : 93325.4609256 
0053000157 (0023000156) : 93431.4133912924 
0085000158 (0053000157) : 93651.79795844789 
0043000159 (0085000158) : 94009.08387774626 
0067000160 (0043000159) : 94220.34520609755 
0085000161 (0067000160) : 95333.08530678372 
0029000162 (0085000161) : 95865.83377174383 
0067000163 (0029000162) : 96849.50989290586 
0032000164 (0067000163) : 97030.19370364233 
0001000165 (0032000164) : 98896.2517703098 
0002000166 (0001000165) : 99635.88541111883 
0023000167 (0002000166) : 99826.32116449316 
