0000000000 (genesis block) : 0 
0023000001 (0000000000) : 383.1948785853935 
0072000002 (0023000001) : 693.3656482059159 
0025000003 (0072000002) : 1164.3649355011469 
0076000004 (0025000003) : 1307.3458195899932 
0003000005 (0076000004) : 1808.4836123756913 
0035000006 (0003000005) : 2647.641575287629 
0010000007 (0035000006) : 3066.7356635445253 
0026000008 (0010000007) : 3082.1933942159785 
0048000009 (0026000008) : 3308.13198926233 
0022000010 (0048000009) : 3549.954290780087 
0031000011 (0022000010) : 4288.124537584057 
0045000012 (0031000011) : 5127.069938038198 
0086000013 (0045000012) : 6638.740341356745 
0050000014 (0086000013) : 7431.985486518086 
0078000015 (0050000014) : 7682.460637236779 
0049000016 (0078000015) : 7713.856869296741 
0087000017 (0049000016) : 8129.702777272805 
0000000018 (0087000017) : 8462.583645636485 
0009000019 (0000000018) : 8836.76414185588 
0016000020 (0009000019) : 9080.743640544471 
0063000021 (0016000020) : 10088.89181508269 
0023000022 (0063000021) : 10419.490009589648 
0092000023 (0023000022) : 10470.311092758087 
0061000024 (0092000023) : 10550.772377745394 
0017000025 (0061000024) : 10806.332627039432 
0088000026 (0017000025) : 11452.430421265895 
0023000027 (0088000026) : 11960.478694008729 
0001000028 (0023000027) : 12269.65989919717 
0030000029 (0001000028) : 14501.200561031465 
0040000030 (0030000029) : 15673.73054706735 
0071000031 (0040000030) : 16869.681247043907 
0023000032 (0071000031) : 17122.051806242263 
0024000033 (0023000032) : 17595.769674507304 
0095000034 (0024000033) : 18244.32934646416 
0088000035 (0095000034) : 19221.669570272225 
0018000036 (0088000035) : 20304.226002320243 
0038000037 (0018000036) : 20351.58613546032 
0080000038 (0038000037) : 20753.173254169204 
0074000039 (0080000038) : 21055.923843550314 
0090000040 (0074000039) : 21209.850293712276 
0080000041 (0090000040) : 22284.6343319581 
0099000042 (0080000041) : 22644.820319651564 
0060000043 (0099000042) : 26117.63029757936 
0012000044 (0060000043) : 26871.80026097143 
0023000045 (0012000044) : 27437.34231401015 
0089000046 (0023000045) : 27598.064501601555 
0004000047 (0089000046) : 28641.541195953578 
0093000048 (0004000047) : 29340.309905571252 
0023000049 (0093000048) : 29730.18569836392 
0076000050 (0023000049) : 30331.82096651591 
0032000051 (0076000050) : 31104.406677184586 
0023000052 (0032000051) : 32641.755232723266 
0074000053 (0023000052) : 32659.356074024545 
0042000054 (0074000053) : 34281.20395117247 
0097000055 (0042000054) : 34655.7568670007 
0038000056 (0097000055) : 34788.12173079335 
0035000057 (0038000056) : 34853.8468737104 
0071000058 (0035000057) : 35066.91919902819 
0068000059 (0071000058) : 35916.92910617928 
0018000060 (0068000059) : 36140.5071243847 
0040000061 (0018000060) : 36401.89769466956 
0075000062 (0040000061) : 38032.14636166535 
0017000063 (0075000062) : 38107.370471925584 
0032000064 (0017000063) : 38167.90161142443 
0080000065 (0032000064) : 39058.84765920291 
0012000066 (0080000065) : 40060.92810526621 
0073000067 (0012000066) : 42129.38941374121 
0058000068 (0073000067) : 42664.43767985254 
0047000069 (0058000068) : 43189.527943353445 
0081000070 (0047000069) : 44595.7926235286 
0011000071 (0081000070) : 45334.88919902897 
0049000072 (0011000071) : 45453.56607419555 
0023000073 (0049000072) : 46755.78418358603 
0049000074 (0023000073) : 47969.40746549757 
0093000075 (0049000074) : 48708.86797019583 
0028000076 (0093000075) : 49126.77255393278 
0023000077 (0028000076) : 49668.50915345881 
0076000078 (0023000077) : 50014.78598730797 
0014000079 (0076000078) : 50021.10984114752 
0060000080 (0014000079) : 50263.94358109862 
0010000081 (0060000080) : 50360.7336967333 
0045000082 (0010000081) : 50501.52223226851 
0055000083 (0045000082) : 53776.75131993321 
0053000084 (0055000083) : 53903.464389552726 
0079000085 (0053000084) : 54035.30948860436 
0023000086 (0079000085) : 54135.38167453028 
0081000087 (0023000086) : 56579.050108926196 
0022000088 (0081000087) : 56763.29665297918 
0030000089 (0022000088) : 57298.10386404124 
0023000090 (0030000089) : 58171.52331485751 
0037000091 (0023000090) : 58182.024651092695 
0039000092 (0037000091) : 58506.75865052503 
0043000093 (0039000092) : 58968.874094730076 
0045000094 (0043000093) : 59060.737025349736 
0089000095 (0045000094) : 59684.99343931968 
0039000096 (0089000095) : 60226.52915900659 
0083000097 (0039000096) : 61737.743557197944 
0093000098 (0083000097) : 62032.41395104832 
0091000099 (0093000098) : 62153.45075765265 
0041000100 (0091000099) : 62375.52888543068 
0022000101 (0041000100) : 62387.60665849996 
0035000102 (0022000101) : 62820.09351798407 
0026000103 (0035000102) : 63309.38326249575 
0023000104 (0026000103) : 64190.91904163057 
0085000105 (0023000104) : 64401.054073041916 
0081000106 (0085000105) : 64428.244130371 
0050000107 (0081000106) : 65228.76150065421 
0037000108 (0050000107) : 65299.11188154697 
0059000109 (0037000108) : 67367.25315545799 
0031000110 (0059000109) : 68927.75500110598 
0049000111 (0031000110) : 69454.46363205167 
0045000112 (0049000111) : 69458.50200333522 
0018000113 (0045000112) : 69646.65526263669 
0023000114 (0018000113) : 70277.94656886219 
0096000115 (0023000114) : 70320.27625100774 
0011000116 (0096000115) : 70597.83226907368 
0098000117 (0011000116) : 71496.6987358245 
0077000118 (0098000117) : 72499.01782835202 
0040000119 (0077000118) : 72499.69480593587 
0084000120 (0040000119) : 73616.51257379998 
0090000121 (0084000120) : 73830.59610914637 
0001000122 (0090000121) : 74472.38871846495 
0087000123 (0001000122) : 77280.31937903042 
0006000124 (0087000123) : 77676.06806714684 
0023000125 (0006000124) : 78257.13783840885 
0056000126 (0023000125) : 78493.34215915797 
0038000127 (0056000126) : 79015.81294021948 
0070000128 (0038000127) : 79098.41694696425 
0014000129 (0070000128) : 79557.19885820587 
0069000130 (0014000129) : 79939.80244563353 
0088000131 (0069000130) : 80546.16759943424 
0072000132 (0088000131) : 80654.64882355841 
0074000133 (0072000132) : 80803.62810491351 
0024000134 (0074000133) : 81735.60829832872 
0073000135 (0024000134) : 81926.93182975972 
0070000136 (0073000135) : 82676.6316037053 
0098000137 (0070000136) : 82732.08915860929 
0013000138 (0098000137) : 82921.29013549324 
0023000139 (0013000138) : 83323.57838647398 
0096000140 (0023000139) : 83798.78789882056 
0033000141 (0096000140) : 84445.72792960567 
0030000142 (0033000141) : 84864.67599771563 
0009000143 (0030000142) : 85436.19881784772 
0042000144 (0009000143) : 85533.247401219 
0018000145 (0042000144) : 85910.572353558 
0063000146 (0018000145) : 86118.00011753911 
0014000147 (0063000146) : 86466.48307802241 
0026000148 (0014000147) : 89028.90739509914 
0002000149 (0026000148) : 89515.43523723527 
0016000150 (0002000149) : 89836.69462353631 
0044000151 (0016000150) : 89868.11018360003 
0099000152 (0044000151) : 90619.88536005974 
0001000153 (0099000152) : 90919.92212003973 
0058000154 (0001000153) : 90983.26092164862 
0096000155 (0058000154) : 91391.33363260816 
0023000156 (0096000155) : 93325.72904439076 
0053000157 (0023000156) : 93431.38521621274 
0085000158 (0053000157) : 93652.0859060356 
0043000159 (0085000158) : 94009.04123508329 
0067000160 (0043000159) : 94220.31620612068 
0085000161 (0067000160) : 95333.37556342054 
0029000162 (0085000161) : 95866.21780571547 
0067000163 (0029000162) : 96849.481068242 
0032000164 (0067000163) : 97030.38443107734 
0001000165 (0032000164) : 98896.44479309134 
0002000166 (0001000165) : 99636.05830259828 
0023000167 (0002000166) : 99826.58708403891 
