0000000000 (genesis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 block) : 0 
0023000001 (0000000000) : 383.0601678144192 
0072000002 (0023000001) : 693.2178169782992 
0025000003 (0072000002) : 1164.0902824339046 
0076000004 (0025000003) : 1307.0241338048204 
0003000005 (0076000004) : 1808.6502579456778 
0035000006 (0003000005) : 2647.717813886161 
0010000007 (0035000006) : 3066.659871690322 
0026000008 (0010000007) : 3081.8216112944306 
0048000009 (0026000008) : 3308.2522595920195 
0022000010 (0048000009) : 3550.0771076297083 
0031000011 (0022000010) : 4288.249598705879 
0045000012 (0031000011) : 5127.197596817095 
0086000013 (0045000012) : 6639.125806382898 
0050000014 (0086000013) : 7432.186174133142 
0078000015 (0050000014) : 7682.501276515006 
0049000016 (0078000015) : 7713.843476122069 
0087000017 (0049000016) : 8129.830987356593 
0000000018 (0087000017) : 8461.922977839604 
0009000019 (0000000018) : 8836.703116556966 
0016000020 (0009000019) : 9080.822770733184 
0063000021 (0016000020) : 10088.67326868637 
0023000022 (0063000021) : 10419.357954169613 
0092000023 (0023000022) : 10470.472492711233 
0061000024 (0092000023) : 10550.800462815716 
0017000025 (0061000024) : 10806.144177961734 
0088000026 (0017000025) : 11452.405222145175 
0023000027 (0088000026) : 11960.342718744856 
0001000028 (0023000027) : 12269.637365074095 
0030000029 (0001000028) : 14501.128050836183 
0040000030 (0030000029) : 15673.606350858012 
0071000031 (0040000030) : 16869.697299847558 
0023000032 (0071000031) : 17121.919959314266 
0024000033 (0023000032) : 17595.97803027623 
0095000034 (0024000033) : 18244.53370319294 
0088000035 (0095000034) : 19221.64746576606 
0018000036 (0088000035) : 20304.003400912727 
0038000037 (0018000036) : 20351.715680556907 
0080000038 (0038000037) : 20753.19850611362 
0074000039 (0080000038) : 21056.124802148337 
0090000040 (0074000039) : 21209.856582801967 
0080000041 (0090000040) : 22284.660118900396 
0099000042 (0080000041) : 22644.944852929522 
0060000043 (0099000042) : 26117.821923087344 
0012000044 (0060000043) : 26871.924609797905 
0023000045 (0012000044) : 27437.207398651073 
0089000046 (0023000045) : 27597.849054627688 
0004000047 (0089000046) : 28641.741310153517 
0093000048 (0004000047) : 29339.960850099535 
0023000049 (0093000048) : 29730.050115238875 
0076000050 (0023000049) : 30331.502221424875 
0032000051 (0076000050) : 31104.52728896337 
0023000052 (0032000051) : 32641.622301374868 
0074000053 (0023000052) : 32659.557119833786 
0042000054 (0074000053) : 34281.154733399795 
0097000055 (0042000054) : 34656.053569334596 
0038000056 (0097000055) : 34788.25108648701 
0035000057 (0038000056) : 34853.923816095 
0071000058 (0035000057) : 35066.93458937251 
0068000059 (0071000058) : 35916.90230464574 
0018000060 (0068000059) : 36140.28321041217 
0040000061 (0018000060) : 36401.77122188051 
0075000062 (0040000061) : 38032.79940982151 
0017000063 (0075000062) : 38107.185268363224 
0032000064 (0017000063) : 38168.02639800314 
0080000065 (0032000064) : 39058.87323480554 
0012000066 (0080000065) : 40061.0539397599 
0073000067 (0012000066) : 42129.586323826305 
0058000068 (0073000067) : 42664.46433570594 
0047000069 (0058000068) : 43189.40675938316 
0081000070 (0047000069) : 44595.95139767326 
0011000071 (0081000070) : 45335.01422122752 
0049000072 (0011000071) : 45453.545327059546 
0023000073 (0049000072) : 46755.65022460924 
0049000074 (0023000073) : 47969.3876889572 
0093000075 (0049000074) : 48708.525917118066 
0028000076 (0093000075) : 49126.43062418445 
0023000077 (0028000076) : 49668.375252660706 
0076000078 (0023000077) : 50014.46769564701 
0014000079 (0076000078) : 50021.08543730517 
0060000080 (0014000079) : 50264.137624875795 
0010000081 (0060000080) : 50360.65928214314 
0045000082 (0010000081) : 50501.644412517846 
0055000083 (0045000082) : 53776.68705049356 
0053000084 (0055000083) : 53903.59648682579 
0079000085 (0053000084) : 54035.97327303858 
0023000086 (0079000085) : 54135.24831122567 
0081000087 (0023000086) : 56579.21273234916 
0022000088 (0081000087) : 56763.4217375652 
0030000089 (0022000088) : 57298.03109993129 
0023000090 (0030000089) : 58171.38861790667 
0037000091 (0023000090) : 58181.77562724406 
0039000092 (0037000091) : 58506.75316980349 
0043000093 (0039000092) : 58969.047884422085 
0045000094 (0043000093) : 59060.86477731556 
0089000095 (0045000094) : 59684.77897851639 
0039000096 (0089000095) : 60226.52064035036 
0083000097 (0039000096) : 61737.87313965842 
0093000098 (0083000097) : 62032.07291580925 
0091000099 (0093000098) : 62153.42277091936 
0041000100 (0091000099) : 62375.51112805342 
0022000101 (0041000100) : 62387.731041073246 
0035000102 (0022000101) : 62820.168918209645 
0026000103 (0035000102) : 63309.013440078495 
0023000104 (0026000103) : 64190.78252250715 
0085000105 (0023000104) : 64400.88814807168 
0081000106 (0085000105) : 64428.41560495142 
0050000107 (0081000106) : 65228.96444124521 
0037000108 (0050000107) : 65298.86162729107 
0059000109 (0037000108) : 67367.285705187 
0031000110 (0059000109) : 68927.88917258942 
0049000111 (0031000110) : 69454.44091652748 
0045000112 (0049000111) : 69458.63400946624 
0018000113 (0045000112) : 69646.42625329719 
0023000114 (0018000113) : 70277.81208522074 
0096000115 (0023000114) : 70320.45942965696 
0011000116 (0096000115) : 70597.95859399358 
0098000117 (0011000116) : 71496.82099433945 
0077000118 (0098000117) : 72499.22556769685 
0040000119 (0077000118) : 72499.57184182877 
0084000120 (0040000119) : 73616.84504356266 
0090000121 (0084000120) : 73830.59662112278 
0001000122 (0090000121) : 74472.37500576435 
0087000123 (0001000122) : 77280.44579202923 
0006000124 (0087000123) : 77676.34092753161 
0023000125 (0006000124) : 78257.0056959112 
0056000126 (0023000125) : 78493.34430955486 
0038000127 (0056000126) : 79015.93606912198 
0070000128 (0038000127) : 79098.17099559479 
0014000129 (0070000128) : 79557.17502563132 
0069000130 (0014000129) : 79939.70879543608 
0088000131 (0069000130) : 80546.1487955016 
0072000132 (0088000131) : 80654.5010127703 
0074000133 (0072000132) : 80803.82401703553 
0024000134 (0074000133) : 81735.81802834282 
0073000135 (0024000134) : 81927.12665419321 
0070000136 (0073000135) : 82676.37748623054 
0098000137 (0070000136) : 82732.2128728015 
0013000138 (0098000137) : 82921.16679039485 
0023000139 (0013000138) : 83323.44292069413 
0096000140 (0023000139) : 83798.97796652176 
0033000141 (0096000140) : 84445.75972677837 
0030000142 (0033000141) : 84864.59509234101 
0009000143 (0030000142) : 85436.13469303868 
0042000144 (0009000143) : 85533.20197447104 
0018000145 (0042000144) : 85910.3477633146 
0063000146 (0018000145) : 86117.78312629026 
0014000147 (0063000146) : 86466.45977530739 
0026000148 (0014000147) : 89028.53768692876 
0002000149 (0026000148) : 89515.59103849456 
0016000150 (0002000149) : 89836.7736692315 
0044000151 (0016000150) : 89868.25824034613 
0099000152 (0044000151) : 90620.01210281374 
0001000153 (0099000152) : 90919.90681084868 
0058000154 (0001000153) : 90983.29139100795 
0096000155 (0058000154) : 91391.52374324719 
0023000156 (0096000155) : 93325.59475368267 
0053000157 (0023000156) : 93431.51757002933 
0085000158 (0053000157) : 93651.91817524303 
0043000159 (0085000158) : 94009.21619666257 
0067000160 (0043000159) : 94220.51671907301 
0085000161 (0067000160) : 95333.21036128237 
0029000162 (0085000161) : 95866.08692701744 
0067000163 (0029000162) : 96849.67914450803 
0032000164 (0067000163) : 97030.5110359212 
0001000165 (0032000164) : 98896.4210109044 
0002000166 (0001000165) : 99636.20765116198 
0023000167 (0002000166) : 99826.45222222005 
