0000000000 (genesis block) : 0 
0023000001 (0000000000) : 383.1008287014122 
0072000002 (0023000001) : 693.3232532288602 
0025000003 (0072000002) : 1164.1683000086496 
0076000004 (0025000003) : 1307.244429030948 
0003000005 (0076000004) : 1808.3663930476032 
0035000006 (0003000005) : 2647.5050063772155 
0010000007 (0035000006) : 3066.611802608601 
0026000008 (0010000007) : 3082.1441405227138 
0048000009 (0026000008) : 3308.1455078547624 
0022000010 (0048000009) : 3550.1745824624472 
0031000011 (0022000010) : 4287.755686581357 
0045000012 (0031000011) : 5126.9355945217485 
0086000013 (0045000012) : 6639.057821686478 
0050000014 (0086000013) : 7431.93645835308 
0078000015 (0050000014) : 7682.614346595203 
0049000016 (0078000015) : 7713.920813845301 
0087000017 (0049000016) : 8129.5670390024 
0000000018 (0087000017) : 8462.536283980999 
0009000019 (0000000018) : 8836.629482888307 
0016000020 (0009000019) : 9080.503456673845 
0063000021 (0016000020) : 10088.743948578734 
0023000022 (0063000021) : 10419.398414060435 
0092000023 (0023000022) : 10470.587076265063 
0061000024 (0092000023) : 10550.57472986464 
0017000025 (0061000024) : 10806.198415135583 
0088000026 (0017000025) : 11452.311446683361 
0023000027 (0088000026) : 11960.385049013383 
0001000028 (0023000027) : 12269.558617344792 
0030000029 (0001000028) : 14501.067811230803 
0040000030 (0030000029) : 15673.677025016996 
0071000031 (0040000030) : 16869.441500587225 
0023000032 (0071000031) : 17121.962071078404 
0024000033 (0023000032) : 17595.976783344267 
0095000034 (0024000033) : 18244.535937567234 
0088000035 (0095000034) : 19221.549682919253 
0018000036 (0088000035) : 20304.134018931294 
0038000037 (0018000036) : 20351.726943635007 
0080000038 (0038000037) : 20753.18990736592 
0074000039 (0080000038) : 21055.509857808076 
0090000040 (0074000039) : 21209.85271198614 
0080000041 (0090000040) : 22284.64992070837 
0099000042 (0080000041) : 22644.91654382108 
0060000043 (0099000042) : 26117.747080020017 
0012000044 (0060000043) : 26871.979909459536 
0023000045 (0012000044) : 27437.24652953922 
0089000046 (0023000045) : 27597.932050265325 
0004000047 (0089000046) : 28641.492609622746 
0093000048 (0004000047) : 29340.259250188687 
0023000049 (0093000048) : 29730.08931390363 
0076000050 (0023000049) : 30331.720444255763 
0032000051 (0076000050) : 31104.416108385096 
0023000052 (0032000051) : 32641.66037379782 
0074000053 (0023000052) : 32658.94266931291 
0042000054 (0074000053) : 34281.068539980835 
0097000055 (0042000054) : 34656.00785128141 
0038000056 (0097000055) : 34788.263264284265 
0035000057 (0038000056) : 34853.70743280675 
0071000058 (0035000057) : 35066.680713083515 
0068000059 (0071000058) : 35916.87734181018 
0018000060 (0068000059) : 36140.421441140876 
0040000061 (0018000060) : 36401.84756341104 
0075000062 (0040000061) : 38032.55996833406 
0017000063 (0075000062) : 38107.23558582867 
0032000064 (0017000063) : 38167.91875875905 
0080000065 (0032000064) : 39058.86237905409 
0012000066 (0080000065) : 40061.1062417798 
0073000067 (0012000066) : 42128.97739526446 
0058000068 (0073000067) : 42664.35872472803 
0047000069 (0058000068) : 43189.40800745739 
0081000070 (0047000069) : 44595.65668115453 
0011000071 (0081000070) : 45334.754233073276 
0049000072 (0011000071) : 45453.629118850775 
0023000073 (0049000072) : 46755.687844483466 
0049000074 (0023000073) : 47969.471444317765 
0093000075 (0049000074) : 48708.821213911266 
0028000076 (0093000075) : 49126.724222114804 
0023000077 (0028000076) : 49668.41433209658 
0076000078 (0023000077) : 50014.68653222594 
0014000079 (0076000078) : 50020.98835778206 
0060000080 (0014000079) : 50264.06108435223 
0010000081 (0060000080) : 50360.60976225895 
0045000082 (0010000081) : 50501.38344014044 
0055000083 (0045000082) : 53776.37407786013 
0053000084 (0055000083) : 53903.33004440653 
0079000085 (0053000084) : 54035.721433972736 
0023000086 (0079000085) : 54135.28658171107 
0081000087 (0023000086) : 56578.915998781384 
0022000088 (0081000087) : 56763.52089703906 
0030000089 (0022000088) : 57297.971114085405 
0023000090 (0030000089) : 58171.429547383166 
0037000091 (0023000090) : 58181.8966748558 
0039000092 (0037000091) : 58506.80029969614 
0043000093 (0039000092) : 58968.75043672992 
0045000094 (0043000093) : 59060.60123099113 
0089000095 (0045000094) : 59684.85887405648 
0039000096 (0089000095) : 60226.566208431184 
0083000097 (0039000096) : 61737.916961124916 
0093000098 (0083000097) : 62032.365831561394 
0091000099 (0093000098) : 62153.31631574895 
0041000100 (0091000099) : 62375.628737588115 
0022000101 (0041000100) : 62387.82969765378 
0035000102 (0022000101) : 62819.954149912424 
0026000103 (0035000102) : 63309.3333970857 
0023000104 (0026000103) : 64190.82619811779 
0085000105 (0023000104) : 64401.20619558446 
0081000106 (0085000105) : 64428.11197665034 
0050000107 (0081000106) : 65228.71130732902 
0037000108 (0050000107) : 65298.980413010286 
0059000109 (0037000108) : 67367.12440739649 
0031000110 (0059000109) : 68927.38920480732 
0049000111 (0031000110) : 69454.52203268043 
0045000112 (0049000111) : 69458.36802007718 
0018000113 (0045000112) : 69646.55872782366 
0023000114 (0018000113) : 70277.85170368096 
0096000115 (0023000114) : 70320.37480074345 
0011000116 (0096000115) : 70597.69720508796 
0098000117 (0011000116) : 71496.56226907644 
0077000118 (0098000117) : 72498.73891786645 
0040000119 (0077000118) : 72499.64585134403 
0084000120 (0040000119) : 73616.82448959266 
0090000121 (0084000120) : 73830.60021782936 
0001000122 (0090000121) : 74472.28990917823 
0087000123 (0001000122) : 77280.1842584122 
0006000124 (0087000123) : 77676.39020472218 
0023000125 (0006000124) : 78257.0407484935 
0056000126 (0023000125) : 78493.16271597514 
0038000127 (0056000126) : 79015.95546950128 
0070000128 (0038000127) : 79098.28827804721 
0014000129 (0070000128) : 79557.07879608165 
0069000130 (0014000129) : 79939.75463912197 
0088000131 (0069000130) : 80546.05099796195 
0072000132 (0088000131) : 80654.60499535035 
0074000133 (0072000132) : 80803.21382948708 
0024000134 (0074000133) : 81735.81709504504 
0073000135 (0024000134) : 81926.51618249477 
0070000136 (0073000135) : 82676.5016740539 
0098000137 (0070000136) : 82731.95333714556 
0013000138 (0098000137) : 82921.15344287243 
0023000139 (0013000138) : 83323.48231316937 
0096000140 (0023000139) : 83798.89067807299 
0033000141 (0096000140) : 84445.59127074256 
0030000142 (0033000141) : 84864.54213727609 
0009000143 (0030000142) : 85436.06088986748 
0042000144 (0009000143) : 85533.1131983279 
0018000145 (0042000144) : 85910.48632777043 
0063000146 (0018000145) : 86117.852783145 
0014000147 (0063000146) : 86466.36152317918 
0026000148 (0014000147) : 89028.85898868974 
0002000149 (0026000148) : 89515.61100569369 
0016000150 (0002000149) : 89836.45565383349 
0044000151 (0016000150) : 89868.1521419144 
0099000152 (0044000151) : 90619.98052169647 
0001000153 (0099000152) : 90919.8278279954 
0058000154 (0001000153) : 90983.18458220582 
0096000155 (0058000154) : 91391.43921107656 
0023000156 (0096000155) : 93325.63573897128 
0053000157 (0023000156) : 93431.24716136872 
0085000158 (0053000157) : 93652.24242186395 
0043000159 (0085000158) : 94008.91867628813 
0067000160 (0043000159) : 94219.96273367565 
0085000161 (0067000160) : 95333.528339365 
0029000162 (0085000161) : 95865.86651829742 
0067000163 (0029000162) : 96849.13250947569 
0032000164 (0067000163) : 97030.39985852154 
0001000165 (0032000164) : 98896.34671539906 
0002000166 (0001000165) : 99636.23000942764 
0023000167 (0002000166) : 99826.49209443516 
