0000000000 (genesis block) : 0 
0023000001 (0000000000) : 383.2266752322163 
0072000002 (0023000001) : 693.3796241688219 
0025000003 (0072000002) : 1164.3130628492922 
0076000004 (0025000003) : 1307.4094363555946 
0003000005 (0076000004) : 1808.768431715153 
0035000006 (0003000005) : 2647.672415377429 
0010000007 (0035000006) : 3066.7812498830563 
0026000008 (0010000007) : 3082.226751510701 
0048000009 (0026000008) : 3307.9796388719938 
0022000010 (0048000009) : 3549.8727129503445 
0031000011 (0022000010) : 4288.156689561322 
0045000012 (0031000011) : 5127.101195407895 
0086000013 (0045000012) : 6639.222703743209 
0050000014 (0086000013) : 7432.018888841495 
0078000015 (0050000014) : 7682.592515122528 
0049000016 (0078000015) : 7714.088427094663 
0087000017 (0049000016) : 8129.5785477635145 
0000000018 (0087000017) : 8462.614962451235 
0009000019 (0000000018) : 8836.79502430593 
0016000020 (0009000019) : 9080.775050701941 
0063000021 (0016000020) : 10088.922201932264 
0023000022 (0063000021) : 10419.521352821579 
0092000023 (0023000022) : 10470.566008440363 
0061000024 (0092000023) : 10550.775429878597 
0017000025 (0061000024) : 10806.285203094903 
0088000026 (0017000025) : 11452.412138012649 
0023000027 (0088000026) : 11960.510207105648 
0001000028 (0023000027) : 12269.24680315547 
0030000029 (0001000028) : 14501.019231708684 
0040000030 (0030000029) : 15673.759361960692 
0071000031 (0040000030) : 16869.71290076791 
0023000032 (0071000031) : 17122.086157073234 
0024000033 (0023000032) : 17596.1424732899 
0095000034 (0024000033) : 18244.70493454767 
0088000035 (0095000034) : 19221.65141882148 
0018000036 (0088000035) : 20304.007002118193 
0038000037 (0018000036) : 20351.76579810354 
0080000038 (0038000037) : 20753.205354818936 
0074000039 (0080000038) : 21055.955925102808 
0090000040 (0074000039) : 21210.020792059982 
0080000041 (0090000040) : 22284.668574782514 
0099000042 (0080000041) : 22644.589399762248 
0060000043 (0099000042) : 26117.91391515229 
0012000044 (0060000043) : 26871.568415761412 
0023000045 (0012000044) : 27437.37217177751 
0089000046 (0023000045) : 27598.096041810175 
0004000047 (0089000046) : 28641.047374957387 
0093000048 (0004000047) : 29340.34129945905 
0023000049 (0093000048) : 29730.21837058373 
0076000050 (0023000049) : 30331.886664994796 
0032000051 (0076000050) : 31104.173560688276 
0023000052 (0032000051) : 32641.787920757833 
0074000053 (0023000052) : 32659.38832172444 
0042000054 (0074000053) : 34281.23601494527 
0097000055 (0042000054) : 34656.09615682667 
0038000056 (0097000055) : 34788.29508633745 
0035000057 (0038000056) : 34853.87413090257 
0071000058 (0035000057) : 35066.95163819226 
0068000059 (0071000058) : 35916.9597120374 
0018000060 (0068000059) : 36140.28866392338 
0040000061 (0018000060) : 36401.92794310129 
0075000062 (0040000061) : 38032.643805302054 
0017000063 (0075000062) : 38107.32243413648 
0032000064 (0017000063) : 38167.67077460562 
0080000065 (0032000064) : 39058.883916432205 
0012000066 (0080000065) : 40060.6976389258 
0073000067 (0012000066) : 42129.419887453594 
0058000068 (0073000067) : 42664.66502464375 
0047000069 (0058000068) : 43189.407128319086 
0081000070 (0047000069) : 44595.82367513361 
0011000071 (0081000070) : 45334.92411130602 
0049000072 (0011000071) : 45453.79328252742 
0023000073 (0049000072) : 46755.816135138724 
0049000074 (0023000073) : 47969.636060799974 
0093000075 (0049000074) : 48708.89962690318 
0028000076 (0093000075) : 49126.75624925918 
0023000077 (0028000076) : 49668.540154259776 
0076000078 (0023000077) : 50014.85156100105 
0014000079 (0076000078) : 50021.09349211 
0060000080 (0014000079) : 50264.22719240558 
0010000081 (0060000080) : 50360.78064672055 
0045000082 (0010000081) : 50501.55290596229 
0055000083 (0045000082) : 53776.744707663944 
0053000084 (0055000083) : 53903.49765397913 
0079000085 (0053000084) : 54035.80337013419 
0023000086 (0079000085) : 54135.41332624863 
0081000087 (0023000086) : 56579.08154330698 
0022000088 (0081000087) : 56763.21502452026 
0030000089 (0022000088) : 57297.92298465839 
0023000090 (0030000089) : 58171.55429617025 
0037000091 (0023000090) : 58182.060216025915 
0039000092 (0037000091) : 58506.78011698882 
0043000093 (0039000092) : 58969.05364334993 
0045000094 (0043000093) : 59060.76832975508 
0089000095 (0045000094) : 59685.03273602578 
0039000096 (0089000095) : 60226.54361636868 
0083000097 (0039000096) : 61737.91728264186 
0093000098 (0083000097) : 62032.44545535712 
0091000099 (0093000098) : 62153.48127743868 
0041000100 (0091000099) : 62375.52896310728 
0022000101 (0041000100) : 62387.52421285414 
0035000102 (0022000101) : 62820.124190938244 
0026000103 (0035000102) : 63309.41276382856 
0023000104 (0026000103) : 64190.94965353231 
0085000105 (0023000104) : 64401.18641904133 
0081000106 (0085000105) : 64428.27539972732 
0050000107 (0081000106) : 65228.7931989794 
0037000108 (0050000107) : 65299.14428188019 
0059000109 (0037000108) : 67367.28459148302 
0031000110 (0059000109) : 68927.78636724899 
0049000111 (0031000110) : 69454.68775534915 
0045000112 (0049000111) : 69458.53374990706 
0018000113 (0045000112) : 69646.4303255344 
0023000114 (0018000113) : 70277.97898280865 
0096000115 (0023000114) : 70320.56006634438 
0011000116 (0096000115) : 70597.86366383264 
0098000117 (0011000116) : 71496.7303280039 
0077000118 (0098000117) : 72499.18302162012 
0040000119 (0077000118) : 72499.72703881821 
0084000120 (0040000119) : 73616.9103483326 
0090000121 (0084000120) : 73830.76529131782 
0001000122 (0090000121) : 74471.97508199068 
0087000123 (0001000122) : 77280.19161490498 
0006000124 (0087000123) : 77676.2418552838 
0023000125 (0006000124) : 78257.16922264469 
0056000126 (0023000125) : 78493.58815188865 
0038000127 (0056000126) : 79015.98635800448 
0070000128 (0038000127) : 79098.4525337687 
0014000129 (0070000128) : 79557.17987746745 
0069000130 (0014000129) : 79939.83378270913 
0088000131 (0069000130) : 80546.15128532647 
0072000132 (0088000131) : 80654.66404733955 
0074000133 (0072000132) : 80803.65761055262 
0024000134 (0074000133) : 81735.98474394447 
0073000135 (0024000134) : 81926.95942583874 
0070000136 (0073000135) : 82676.66437654193 
0098000137 (0070000136) : 82732.11916418446 
0013000138 (0098000137) : 82921.31989903034 
0023000139 (0013000138) : 83323.60783361693 
0096000140 (0023000139) : 83799.07207037433 
0033000141 (0096000140) : 84445.58286030144 
0030000142 (0033000141) : 84864.48850757269 
0009000143 (0030000142) : 85436.23016007255 
0042000144 (0009000143) : 85533.27827958825 
0018000145 (0042000144) : 85910.35560303222 
0063000146 (0018000145) : 86118.03005437231 
0014000147 (0063000146) : 86466.46208301351 
0026000148 (0014000147) : 89028.93853476699 
0002000149 (0026000148) : 89515.23001187982 
0016000150 (0002000149) : 89836.72561689405 
0044000151 (0016000150) : 89867.90424653966 
0099000152 (0044000151) : 90619.65711046067 
0001000153 (0099000152) : 90919.51097773208 
0058000154 (0001000153) : 90983.49116521841 
0096000155 (0058000154) : 91391.62080994618 
0023000156 (0096000155) : 93325.76067610289 
0053000157 (0023000156) : 93431.4171202247 
0085000158 (0053000157) : 93652.21937740063 
0043000159 (0085000158) : 94009.22231647506 
0067000160 (0043000159) : 94220.34826290914 
0085000161 (0067000160) : 95333.50510738813 
0029000162 (0085000161) : 95866.06254398593 
0067000163 (0029000162) : 96849.51449048937 
0032000164 (0067000163) : 97030.15459490477 
0001000165 (0032000164) : 98896.0313201847 
0002000166 (0001000165) : 99635.84969554434 
0023000167 (0002000166) : 99826.61842366218 
