0000000000 (genesis block) : 0 
0023000001 (0000000000) : 383.01647704911574 
0072000002 (0023000001) : 693.4140283788597 
0025000003 (0072000002) : 1164.4582078157332 
0076000004 (0025000003) : 1307.354373925714 
0003000005 (0076000004) : 1808.321367642372 
0035000006 (0003000005) : 2647.793739383986 
0010000007 (0035000006) : 3066.8484202093878 
0026000008 (0010000007) : 3082.1547861104423 
0048000009 (0026000008) : 3308.1420851611792 
0022000010 (0048000009) : 3550.083567041604 
0031000011 (0022000010) : 4288.0453136646265 
0045000012 (0031000011) : 5127.225895188486 
0086000013 (0045000012) : 6639.150848825113 
0050000014 (0086000013) : 7432.225677073061 
0078000015 (0050000014) : 7682.625911640571 
0049000016 (0078000015) : 7714.048992533401 
0087000017 (0049000016) : 8129.6620944406495 
0000000018 (0087000017) : 8462.513125882273 
0009000019 (0000000018) : 8836.823538463746 
0016000020 (0009000019) : 9080.794072354242 
0063000021 (0016000020) : 10089.005135141851 
0023000022 (0063000021) : 10419.318161379746 
0092000023 (0023000022) : 10470.601955713346 
0061000024 (0092000023) : 10550.865580008325 
0017000025 (0061000024) : 10806.488261174774 
0088000026 (0017000025) : 11452.60320375024 
0023000027 (0088000026) : 11960.299767302156 
0001000028 (0023000027) : 12269.697210902857 
0030000029 (0001000028) : 14501.180689089557 
0040000030 (0030000029) : 15673.689572494352 
0071000031 (0040000030) : 16869.730543919315 
0023000032 (0071000031) : 17121.877000589007 
0024000033 (0023000032) : 17596.18253519006 
0095000034 (0024000033) : 18244.740446391526 
0088000035 (0095000034) : 19221.83876902136 
0018000036 (0088000035) : 20304.32997233744 
0038000037 (0018000036) : 20351.775168556956 
0080000038 (0038000037) : 20753.338120165405 
0074000039 (0080000038) : 21055.79895266176 
0090000040 (0074000039) : 21210.141631061048 
0080000041 (0090000040) : 22284.797908588924 
0099000042 (0080000041) : 22644.62691636033 
0060000043 (0099000042) : 26118.0187759759 
0012000044 (0060000043) : 26871.732561082667 
0023000045 (0012000044) : 27437.1650650327 
0089000046 (0023000045) : 27598.182929567163 
0004000047 (0089000046) : 28641.63820640668 
0093000048 (0004000047) : 29340.278650584976 
0023000049 (0093000048) : 29730.006108241574 
0076000050 (0023000049) : 30331.833053142043 
0032000051 (0076000050) : 31104.335352064565 
0023000052 (0032000051) : 32641.578653789664 
0074000053 (0023000052) : 32659.23113151533 
0042000054 (0074000053) : 34281.339961637925 
0097000055 (0042000054) : 34656.16848180192 
0038000056 (0097000055) : 34788.30866208275 
0035000057 (0038000056) : 34853.99682095206 
0071000058 (0035000057) : 35066.96994148991 
0068000059 (0071000058) : 35916.963355138236 
0018000060 (0068000059) : 36140.611968475016 
0040000061 (0018000060) : 36401.85506962897 
0075000062 (0040000061) : 38032.55845282943 
0017000063 (0075000062) : 38107.525072680815 
0032000064 (0017000063) : 38167.83307568619 
0080000065 (0032000064) : 39059.00896054696 
0012000066 (0080000065) : 40060.860552043305 
0073000067 (0012000066) : 42129.26610821087 
0058000068 (0073000067) : 42664.06941805258 
0047000069 (0058000068) : 43189.60055317022 
0081000070 (0047000069) : 44595.94666964164 
0011000071 (0081000070) : 45335.04274470159 
0049000072 (0011000071) : 45453.761074264345 
0023000073 (0049000072) : 46755.60730513545 
0049000074 (0023000073) : 47969.60153561386 
0093000075 (0049000074) : 48708.82884329554 
0028000076 (0093000075) : 49126.73501629409 
0023000077 (0028000076) : 49668.33212935627 
0076000078 (0023000077) : 50014.80027041958 
0014000079 (0076000078) : 50021.278495967366 
0060000080 (0014000079) : 50264.33677642154 
0010000081 (0060000080) : 50360.84449497487 
0045000082 (0010000081) : 50501.67208032499 
0055000083 (0045000082) : 53776.663372613795 
0053000084 (0055000083) : 53903.619712752356 
0079000085 (0053000084) : 54035.71999572416 
0023000086 (0079000085) : 54135.20742482325 
0081000087 (0023000086) : 56579.20510987924 
0022000088 (0081000087) : 56763.42449783159 
0030000089 (0022000088) : 57298.085711660424 
0023000090 (0030000089) : 58171.34552810198 
0037000091 (0023000090) : 58182.08169427158 
0039000092 (0037000091) : 58506.813294283675 
0043000093 (0039000092) : 58968.462002792556 
0045000094 (0043000093) : 59060.889803514794 
0089000095 (0045000094) : 59685.11545714186 
0039000096 (0089000095) : 60226.58098591956 
0083000097 (0039000096) : 61737.92849930763 
0093000098 (0083000097) : 62032.3748388834 
0091000099 (0093000098) : 62153.50599863806 
0041000100 (0091000099) : 62375.73657231175 
0022000101 (0041000100) : 62387.735012024445 
0035000102 (0022000101) : 62820.2428591821 
0026000103 (0035000102) : 63309.345625042966 
0023000104 (0026000103) : 64190.73812656276 
0085000105 (0023000104) : 64401.21848749403 
0081000106 (0085000105) : 64428.40042747416 
0050000107 (0081000106) : 65228.99972004083 
0037000108 (0050000107) : 65299.165264409625 
0059000109 (0037000108) : 67367.41283957788 
0031000110 (0059000109) : 68927.67802885258 
0049000111 (0031000110) : 69454.65375585349 
0045000112 (0049000111) : 69458.65659321255 
0018000113 (0045000112) : 69646.75259565086 
0023000114 (0018000113) : 70277.76948252438 
0096000115 (0023000114) : 70320.33146911714 
0011000116 (0096000115) : 70597.9856501736 
0098000117 (0011000116) : 71496.85102947349 
0077000118 (0098000117) : 72499.02804407722 
0040000119 (0077000118) : 72499.65676387475 
0084000120 (0040000119) : 73616.92298217161 
0090000121 (0084000120) : 73830.88876260059 
0001000122 (0090000121) : 74472.42998157332 
0087000123 (0001000122) : 77280.27997800498 
0006000124 (0087000123) : 77676.3998080221 
0023000125 (0006000124) : 78256.96277434078 
0056000126 (0023000125) : 78493.39824465288 
0038000127 (0056000126) : 79015.99606827613 
0070000128 (0038000127) : 79098.46951239916 
0014000129 (0070000128) : 79557.36717124862 
0069000130 (0014000129) : 79939.7640241445 
0088000131 (0069000130) : 80546.33947272785 
0072000132 (0088000131) : 80654.69799964773 
0074000133 (0072000132) : 80803.5025373567 
0024000134 (0074000133) : 81736.01901896097 
0073000135 (0024000134) : 81926.8084074341 
0070000136 (0073000135) : 82676.68279182108 
0098000137 (0070000136) : 82732.24173152409 
0013000138 (0098000137) : 82921.25433343195 
0023000139 (0013000138) : 83323.40037003136 
0096000140 (0023000139) : 83798.8477798678 
0033000141 (0096000140) : 84445.79172828577 
0030000142 (0033000141) : 84864.65113257775 
0009000143 (0030000142) : 85436.25600295622 
0042000144 (0009000143) : 85533.39123966562 
0018000145 (0042000144) : 85910.67782455885 
0063000146 (0018000145) : 86118.11485612163 
0014000147 (0063000146) : 86466.65055328734 
0026000148 (0014000147) : 89028.86833656534 
0002000149 (0026000148) : 89515.39108730253 
0016000150 (0002000149) : 89836.74493226905 
0044000151 (0016000150) : 89868.06719050481 
0099000152 (0044000151) : 90619.69142734348 
0001000153 (0099000152) : 90919.96629758841 
0058000154 (0001000153) : 90982.89514717828 
0096000155 (0058000154) : 91391.39719309636 
0023000156 (0096000155) : 93325.55191811878 
0053000157 (0023000156) : 93431.53561920185 
0085000158 (0053000157) : 93652.25110457814 
0043000159 (0085000158) : 94008.62959687648 
0067000160 (0043000159) : 94220.25286400093 
0085000161 (0067000160) : 95333.54154768775 
0029000162 (0085000161) : 95866.15552814942 
0067000163 (0029000162) : 96849.42086518634 
0032000164 (0067000163) : 97030.31792425952 
0001000165 (0032000164) : 98896.48130354274 
0002000166 (0001000165) : 99636.01159109088 
0023000167 (0002000166) : 99826.41183134755 
