0000000000 (genesis block) : 0 
0023000001 (0000000000) : 383.3104019473277 
0072000002 (0023000001) : 693.3443079114976 
0025000003 (0072000002) : 1164.2759215425044 
0076000004 (0025000003) : 1307.4186678612953 
0003000005 (0076000004) : 1808.7628677649473 
0035000006 (0003000005) : 2647.6674059676016 
0010000007 (0035000006) : 3066.7451215589085 
0026000008 (0010000007) : 3082.233716990644 
0048000009 (0026000008) : 3307.6334621243423 
0022000010 (0048000009) : 3549.837463910774 
0031000011 (0022000010) : 4288.218385381081 
0045000012 (0031000011) : 5127.165281838414 
0086000013 (0045000012) : 6639.207608210775 
0050000014 (0086000013) : 7432.257232114637 
0078000015 (0050000014) : 7682.555977804333 
0049000016 (0078000015) : 7714.135962752557 
0087000017 (0049000016) : 8129.2319103623595 
0000000018 (0087000017) : 8462.625581130518 
0009000019 (0000000018) : 8836.84229702973 
0016000020 (0009000019) : 9080.769732847504 
0063000021 (0016000020) : 10088.97544314953 
0023000022 (0063000021) : 10419.608799994576 
0092000023 (0023000022) : 10470.529760525826 
0061000024 (0092000023) : 10550.904603750296 
0017000025 (0061000024) : 10806.249429735564 
0088000026 (0017000025) : 11452.388331774664 
0023000027 (0088000026) : 11960.590532849043 
0001000028 (0023000027) : 12269.591459168287 
0030000029 (0001000028) : 14500.934258123925 
0040000030 (0030000029) : 15673.842358720178 
0071000031 (0040000030) : 16869.706216246435 
0023000032 (0071000031) : 17122.169106689547 
0024000033 (0023000032) : 17596.0912762572 
0095000034 (0024000033) : 18244.68099665586 
0088000035 (0095000034) : 19221.632551838753 
0018000036 (0088000035) : 20304.11076598393 
0038000037 (0018000036) : 20351.507499041116 
0080000038 (0038000037) : 20753.123211613514 
0074000039 (0080000038) : 21056.106418453903 
0090000040 (0074000039) : 21209.76254915467 
0080000041 (0090000040) : 22284.586415749745 
0099000042 (0080000041) : 22644.506576609747 
0060000043 (0099000042) : 26117.90212013508 
0012000044 (0060000043) : 26871.485632141204 
0023000045 (0012000044) : 27437.461486661738 
0089000046 (0023000045) : 27598.156746278746 
0004000047 (0089000046) : 28641.39296375461 
0093000048 (0004000047) : 29340.369970240135 
0023000049 (0093000048) : 29730.30302988767 
0076000050 (0023000049) : 30331.894133135673 
0032000051 (0076000050) : 31103.826966014945 
0023000052 (0032000051) : 32641.881449923367 
0074000053 (0023000052) : 32659.534385971157 
0042000054 (0074000053) : 34281.23947181616 
0097000055 (0042000054) : 34656.01327522094 
0038000056 (0097000055) : 34788.04273376396 
0035000057 (0038000056) : 34853.86935410767 
0071000058 (0035000057) : 35066.94500978233 
0068000059 (0071000058) : 35917.11606842281 
0018000060 (0068000059) : 36140.39034803441 
0040000061 (0018000060) : 36402.013515763174 
0075000062 (0040000061) : 38032.61083427973 
0017000063 (0075000062) : 38107.28655410052 
0032000064 (0017000063) : 38167.325219262275 
0080000065 (0032000064) : 39058.80312294467 
0012000066 (0080000065) : 40060.61504606612 
0073000067 (0012000066) : 42129.566499301734 
0058000068 (0073000067) : 42664.58000658236 
0047000069 (0058000068) : 43189.485093389645 
0081000070 (0047000069) : 44595.9679641966 
0011000071 (0081000070) : 45334.98460376913 
0049000072 (0011000071) : 45453.84447668488 
0023000073 (0049000072) : 46755.90232926457 
0049000074 (0023000073) : 47969.68195874342 
0093000075 (0049000074) : 48708.93798822758 
0028000076 (0093000075) : 49126.6736523852 
0023000077 (0028000076) : 49668.631586478026 
0076000078 (0023000077) : 50014.85975996044 
0014000079 (0076000078) : 50021.069447627604 
0060000080 (0014000079) : 50264.21156810326 
0010000081 (0060000080) : 50360.74280195143 
0045000082 (0010000081) : 50501.613874921546 
0055000083 (0045000082) : 53776.80291250897 
0053000084 (0055000083) : 53903.644407710985 
0079000085 (0053000084) : 54035.89135499454 
0023000086 (0079000085) : 54135.49896597325 
0081000087 (0023000086) : 56579.23006863426 
0022000088 (0081000087) : 56763.177426906324 
0030000089 (0022000088) : 57297.84031197598 
0023000090 (0030000089) : 58171.639685021684 
0037000091 (0023000090) : 58182.00791401674 
0039000092 (0037000091) : 58506.73975135548 
0043000093 (0039000092) : 58968.97067165378 
0045000094 (0043000093) : 59060.83140626972 
0089000095 (0045000094) : 59685.092757973114 
0039000096 (0089000095) : 60226.506524420416 
0083000097 (0039000096) : 61737.83583622926 
0093000098 (0083000097) : 62032.47985732161 
0091000099 (0093000098) : 62153.5277534678 
0041000100 (0091000099) : 62375.492127506375 
0022000101 (0041000100) : 62387.48832237697 
0035000102 (0022000101) : 62820.11461952123 
0026000103 (0035000102) : 63309.42817945505 
0023000104 (0026000103) : 64191.03716260942 
0085000105 (0023000104) : 64401.14961704168 
0081000106 (0085000105) : 64428.42342689766 
0050000107 (0081000106) : 65229.02417420124 
0037000108 (0050000107) : 65299.09431685691 
0059000109 (0037000108) : 67367.431033291 
0031000110 (0059000109) : 68927.85004175657 
0049000111 (0031000110) : 69454.73891002334 
0045000112 (0049000111) : 69458.59645035463 
0018000113 (0045000112) : 69646.53259005479 
0023000114 (0018000113) : 70278.0632687955 
0096000115 (0023000114) : 70320.54822570372 
0011000116 (0096000115) : 70597.93028551315 
0098000117 (0011000116) : 71496.7903479687 
0077000118 (0098000117) : 72499.25429153944 
0040000119 (0077000118) : 72499.81212153073 
0084000120 (0040000119) : 73616.82812310789 
0090000121 (0084000120) : 73830.50822571082 
0001000122 (0090000121) : 74472.3226096213 
0087000123 (0001000122) : 77279.84543784472 
0006000124 (0087000123) : 77676.15842670188 
0023000125 (0006000124) : 78257.2562048714 
0056000126 (0023000125) : 78493.55063304467 
0038000127 (0056000126) : 79015.7329155586 
0070000128 (0038000127) : 79098.4026126668 
0014000129 (0070000128) : 79557.15855853067 
0069000130 (0014000129) : 79939.82193584173 
0088000131 (0069000130) : 80546.13087460973 
0072000132 (0088000131) : 80654.6270035628 
0074000133 (0072000132) : 80803.80276828837 
0024000134 (0074000133) : 81735.93009058648 
0073000135 (0024000134) : 81927.10657057626 
0070000136 (0073000135) : 82676.61334635771 
0098000137 (0070000136) : 82732.18268328882 
0013000138 (0098000137) : 82921.36434733546 
0023000139 (0013000138) : 83323.69118812679 
0096000140 (0023000139) : 83799.0696849626 
0033000141 (0096000140) : 84445.54510922963 
0030000142 (0033000141) : 84864.40371264248 
0009000143 (0030000142) : 85436.28397624323 
0042000144 (0009000143) : 85533.28508652915 
0018000145 (0042000144) : 85910.45562397587 
0063000146 (0018000145) : 86118.08537271594 
0014000147 (0063000146) : 86466.44075485163 
0026000148 (0014000147) : 89028.95014381094 
0002000149 (0026000148) : 89515.14572913875 
0016000150 (0002000149) : 89836.71861948486 
0044000151 (0016000150) : 89867.822949706 
0099000152 (0044000151) : 90619.57850985543 
0001000153 (0099000152) : 90919.85964564481 
0058000154 (0001000153) : 90983.40861233113 
0096000155 (0058000154) : 91391.61069320308 
0023000156 (0096000155) : 93325.8463437255 
0053000157 (0023000156) : 93431.5593518618 
0085000158 (0053000157) : 93652.18110380281 
0043000159 (0085000158) : 94009.13894780361 
0067000160 (0043000159) : 94220.48970177758 
0085000161 (0067000160) : 95333.47235794351 
0029000162 (0085000161) : 95866.21801647045 
0067000163 (0029000162) : 96849.65671722795 
0032000164 (0067000163) : 97029.80927727012 
0001000165 (0032000164) : 98896.37980581644 
0002000166 (0001000165) : 99635.76544557781 
0023000167 (0002000166) : 99826.70381554973 
