0000000000 (genesis block) : 0 
0023000001 (0000000000) : 382.88482720722504 
0072000002 (0023000001) : 693.3782573443078 
0025000003 (0072000002) : 1164.4468300283581 
0076000004 (0025000003) : 1307.3537533892709 
0003000005 (0076000004) : 1808.5602548494612 
0035000006 (0003000005) : 2647.685322795311 
0010000007 (0035000006) : 3066.1201858815743 
0026000008 (0010000007) : 3082.150477071946 
0048000009 (0026000008) : 3308.2586870554037 
0022000010 (0048000009) : 3550.1509543003344 
0031000011 (0022000010) : 4288.073500308322 
0045000012 (0031000011) : 5127.217159047161 
0086000013 (0045000012) : 6639.182010494067 
0050000014 (0086000013) : 7432.22229269105 
0078000015 (0050000014) : 7682.475548818121 
0049000016 (0078000015) : 7713.936501496543 
0087000017 (0049000016) : 8129.815781613219 
0000000018 (0087000017) : 8462.46162801915 
0009000019 (0000000018) : 8836.726810754919 
0016000020 (0009000019) : 9080.481152801554 
0063000021 (0016000020) : 10089.001063683321 
0023000022 (0063000021) : 10419.182747704988 
0092000023 (0023000022) : 10470.449006835011 
0061000024 (0092000023) : 10550.820149505496 
0017000025 (0061000024) : 10806.376338284632 
0088000026 (0017000025) : 11452.589649996322 
0023000027 (0088000026) : 11960.168363228553 
0001000028 (0023000027) : 12269.803701013823 
0030000029 (0001000028) : 14501.246738124331 
0040000030 (0030000029) : 15673.874802820903 
0071000031 (0040000030) : 16869.42039976092 
0023000032 (0071000031) : 17121.746403303165 
0024000033 (0023000032) : 17595.92591276044 
0095000034 (0024000033) : 18244.48121049193 
0088000035 (0095000034) : 19221.828348196163 
0018000036 (0088000035) : 20304.330563979624 
0038000037 (0018000036) : 20351.87223007677 
0080000038 (0038000037) : 20753.17493367384 
0074000039 (0080000038) : 21056.000963508966 
0090000040 (0074000039) : 21209.834122885768 
0080000041 (0090000040) : 22284.636460223286 
0099000042 (0080000041) : 22644.868392103654 
0060000043 (0099000042) : 26117.706223468253 
0012000044 (0060000043) : 26871.848207664418 
0023000045 (0012000044) : 27437.03293458287 
0089000046 (0023000045) : 27598.172299042988 
0004000047 (0089000046) : 28641.709664463488 
0093000048 (0004000047) : 29340.264722164175 
0023000049 (0093000048) : 29729.873832918685 
0076000050 (0023000049) : 30331.830878041834 
0032000051 (0076000050) : 31104.451515421806 
0023000052 (0032000051) : 32641.4500685573 
0074000053 (0023000052) : 32659.430922904306 
0042000054 (0074000053) : 34280.61563266578 
0097000055 (0042000054) : 34655.96667046134 
0038000056 (0097000055) : 34788.39894679758 
0035000057 (0038000056) : 34853.88928269945 
0071000058 (0035000057) : 35066.660040385505 
0068000059 (0071000058) : 35917.14592220054 
0018000060 (0068000059) : 36140.61022473593 
0040000061 (0018000060) : 36402.03701535095 
0075000062 (0040000061) : 38032.65481984079 
0017000063 (0075000062) : 38107.41553565649 
0032000064 (0017000063) : 38167.95053368496 
0080000065 (0032000064) : 39058.84994555929 
0012000066 (0080000065) : 40060.976152762516 
0073000067 (0012000066) : 42129.46701942993 
0058000068 (0073000067) : 42664.36579727138 
0047000069 (0058000068) : 43189.68561962145 
0081000070 (0047000069) : 44595.94110067435 
0011000071 (0081000070) : 45335.03853601284 
0049000072 (0011000071) : 45453.64106860719 
0023000073 (0049000072) : 46755.47651654356 
0049000074 (0023000073) : 47969.483224919255 
0093000075 (0049000074) : 48708.82800132617 
0028000076 (0093000075) : 49126.73232190344 
0023000077 (0028000076) : 49668.20054514508 
0076000078 (0023000077) : 50014.794458800796 
0014000079 (0076000078) : 50021.265899160295 
0060000080 (0014000079) : 50264.01839353585 
0010000081 (0060000080) : 50360.11883070299 
0045000082 (0010000081) : 50501.663375624106 
0055000083 (0045000082) : 53776.61954105809 
0053000084 (0055000083) : 53903.319978195614 
0079000085 (0053000084) : 54035.926008408715 
0023000086 (0079000085) : 54135.07211065324 
0081000087 (0023000086) : 56579.19666262432 
0022000088 (0081000087) : 56763.495132087824 
0030000089 (0022000088) : 57298.150463130376 
0023000090 (0030000089) : 58171.21576849971 
0037000091 (0023000090) : 58181.937644404185 
0039000092 (0037000091) : 58506.77288635578 
0043000093 (0039000092) : 58969.19116115781 
0045000094 (0043000093) : 59060.881706868604 
0089000095 (0045000094) : 59685.10207841616 
0039000096 (0089000095) : 60226.54367941309 
0083000097 (0039000096) : 61738.03386545153 
0093000098 (0083000097) : 62032.37264029926 
0091000099 (0093000098) : 62153.58137715372 
0041000100 (0091000099) : 62375.69253077339 
0022000101 (0041000100) : 62387.80355041869 
0035000102 (0022000101) : 62820.13745280799 
0026000103 (0035000102) : 63309.34710501667 
0023000104 (0026000103) : 64190.60485028873 
0085000105 (0023000104) : 64400.86394191509 
0081000106 (0085000105) : 64428.393900471376 
0050000107 (0081000106) : 65228.9932325724 
0037000108 (0050000107) : 65299.02615369335 
0059000109 (0037000108) : 67367.38327816232 
0031000110 (0059000109) : 68927.70866490561 
0049000111 (0031000110) : 69454.53876372114 
0045000112 (0049000111) : 69458.64904521049 
0018000113 (0045000112) : 69646.75504397713 
0023000114 (0018000113) : 70277.6373993235 
0096000115 (0023000114) : 70320.35329050815 
0011000116 (0096000115) : 70597.97950517465 
0098000117 (0011000116) : 71496.8455718494 
0077000118 (0098000117) : 72499.17661732869 
0040000119 (0077000118) : 72499.83686323918 
0084000120 (0040000119) : 73616.7840882101 
0090000121 (0084000120) : 73830.57268557728 
0001000122 (0090000121) : 74472.53442477346 
0087000123 (0001000122) : 77280.43578282626 
0006000124 (0087000123) : 77676.49093430335 
0023000125 (0006000124) : 78256.82823312763 
0056000126 (0023000125) : 78492.92675206489 
0038000127 (0056000126) : 79016.09138724241 
0070000128 (0038000127) : 79098.2886101068 
0014000129 (0070000128) : 79557.35600742506 
0069000130 (0014000129) : 79939.85568623917 
0088000131 (0069000130) : 80546.32467575745 
0072000132 (0088000131) : 80654.66362842127 
0074000133 (0072000132) : 80803.70364145587 
0024000134 (0074000133) : 81735.76277823093 
0073000135 (0024000134) : 81927.00562172981 
0070000136 (0073000135) : 82676.49902162886 
0098000137 (0070000136) : 82732.23645217196 
0013000138 (0098000137) : 82921.42241780984 
0023000139 (0013000138) : 83323.26929625147 
0096000140 (0023000139) : 83798.86300264925 
0033000141 (0096000140) : 84445.85314912144 
0030000142 (0033000141) : 84864.71513289113 
0009000143 (0030000142) : 85436.15990697111 
0042000144 (0009000143) : 85532.66172408524 
0018000145 (0042000144) : 85910.676666126 
0063000146 (0018000145) : 86118.1091806682 
0014000147 (0063000146) : 86466.63917613971 
0026000148 (0014000147) : 89028.8674655444 
0002000149 (0026000148) : 89515.50811307246 
0016000150 (0002000149) : 89836.43420759124 
0044000151 (0016000150) : 89868.18391637823 
0099000152 (0044000151) : 90619.93698237612 
0001000153 (0099000152) : 90920.07199372465 
0058000154 (0001000153) : 90983.19298628108 
0096000155 (0058000154) : 91391.41103024606 
0023000156 (0096000155) : 93325.41938792026 
0053000157 (0023000156) : 93431.23890147689 
0085000158 (0053000157) : 93651.89689705354 
0043000159 (0085000158) : 94009.35654457787 
0067000160 (0043000159) : 94220.45188211436 
0085000161 (0067000160) : 95333.18582021177 
0029000162 (0085000161) : 95866.11125796 
0067000163 (0029000162) : 96849.6219914883 
0032000164 (0067000163) : 97030.43424555886 
0001000165 (0032000164) : 98896.5933856983 
0002000166 (0001000165) : 99636.12878016134 
0023000167 (0002000166) : 99826.278822593 
