0000000000 (genesis block) : 0 
0023000001 (0000000000) : 383.1996799531566 
0072000002 (0023000001) : 693.3041485889997 
0025000003 (0072000002) : 1164.3250864048994 
0076000004 (0025000003) : 1307.1291858146906 
0003000005 (0076000004) : 1808.605055638912 
0035000006 (0003000005) : 2647.6797269788294 
0010000007 (0035000006) : 3066.8479455450306 
0026000008 (0010000007) : 3081.9277110349767 
0048000009 (0026000008) : 3308.1407937611802 
0022000010 (0048000009) : 3549.8827412149617 
0031000011 (0022000010) : 4288.160229410406 
0045000012 (0031000011) : 5127.107349342059 
0086000013 (0045000012) : 6639.228641374737 
0050000014 (0086000013) : 7432.197213322284 
0078000015 (0050000014) : 7682.605146479343 
0049000016 (0078000015) : 7713.87214257227 
0087000017 (0049000016) : 8129.738397304597 
0000000018 (0087000017) : 8462.321527582088 
0009000019 (0000000018) : 8836.647695426867 
0016000020 (0009000019) : 9080.776713007479 
0063000021 (0016000020) : 10088.778045570285 
0023000022 (0063000021) : 10419.498213761082 
0092000023 (0023000022) : 10470.577886363708 
0061000024 (0092000023) : 10550.894672758568 
0017000025 (0061000024) : 10806.365739194174 
0088000026 (0017000025) : 11452.009016244276 
0023000027 (0088000026) : 11960.48395886536 
0001000028 (0023000027) : 12269.605291666054 
0030000029 (0001000028) : 14501.17880305791 
0040000030 (0030000029) : 15673.711021357274 
0071000031 (0040000030) : 16869.70917220038 
0023000032 (0071000031) : 17122.059189655738 
0024000033 (0023000032) : 17595.991472977606 
0095000034 (0024000033) : 18244.584203261842 
0088000035 (0095000034) : 19221.247745220186 
0018000036 (0088000035) : 20303.603985807044 
0038000037 (0018000036) : 20351.820046849145 
0080000038 (0038000037) : 20753.366710127626 
0074000039 (0080000038) : 21056.04505775702 
0090000040 (0074000039) : 21210.023203861994 
0080000041 (0090000040) : 22284.82753529513 
0099000042 (0080000041) : 22644.72397400801 
0060000043 (0099000042) : 26117.886313634255 
0012000044 (0060000043) : 26871.729985496495 
0023000045 (0012000044) : 27437.348753141774 
0089000046 (0023000045) : 27597.95660342275 
0004000047 (0089000046) : 28641.4503204804 
0093000048 (0004000047) : 29340.06592978258 
0023000049 (0093000048) : 29730.19466655224 
0076000050 (0023000049) : 30331.611515929577 
0032000051 (0076000050) : 31104.333147476602 
0023000052 (0032000051) : 32641.765252814286 
0074000053 (0023000052) : 32659.4758677917 
0042000054 (0074000053) : 34281.32220999738 
0097000055 (0042000054) : 34655.99722207735 
0038000056 (0097000055) : 34788.358423044265 
0035000057 (0038000056) : 34853.88013173215 
0071000058 (0035000057) : 35066.94794582922 
0068000059 (0071000058) : 35917.00831640187 
0018000060 (0068000059) : 36139.88583128417 
0040000061 (0018000060) : 36401.87575784336 
0075000062 (0040000061) : 38032.66343928158 
0017000063 (0075000062) : 38107.41079106093 
0032000064 (0017000063) : 38167.83221730883 
0080000065 (0032000064) : 39059.044774051574 
0012000066 (0080000065) : 40060.85644798128 
0073000067 (0012000066) : 42129.50703864112 
0058000068 (0073000067) : 42664.35513922703 
0047000069 (0058000068) : 43189.00443998175 
0081000070 (0047000069) : 44595.91033511362 
0011000071 (0081000070) : 45334.92245112006 
0049000072 (0011000071) : 45453.576356376674 
0023000073 (0049000072) : 46755.79348743025 
0049000074 (0023000073) : 47969.41940194032 
0093000075 (0049000074) : 48708.63164003592 
0028000076 (0093000075) : 49126.536379749145 
0023000077 (0028000076) : 49668.52314060227 
0076000078 (0023000077) : 50014.57302012621 
0014000079 (0076000078) : 50020.689317854245 
0060000080 (0014000079) : 50264.19185282474 
0010000081 (0060000080) : 50360.84412187959 
0045000082 (0010000081) : 50501.553782671195 
0055000083 (0045000082) : 53776.42326241026 
0053000084 (0055000083) : 53903.58606353833 
0079000085 (0053000084) : 54035.93660378943 
0023000086 (0079000085) : 54135.390228633325 
0081000087 (0023000086) : 56579.170689305756 
0022000088 (0081000087) : 56763.22618093344 
0030000089 (0022000088) : 57298.0849751477 
0023000090 (0030000089) : 58171.52874470841 
0037000091 (0023000090) : 58181.879894189835 
0039000092 (0037000091) : 58506.78824092771 
0043000093 (0039000092) : 58969.18769051738 
0045000094 (0043000093) : 59060.77450923741 
0089000095 (0045000094) : 59684.884090193314 
0039000096 (0089000095) : 60226.555455746035 
0083000097 (0039000096) : 61737.97733728551 
0093000098 (0083000097) : 62032.17864310468 
0091000099 (0093000098) : 62153.47240290466 
0041000100 (0091000099) : 62375.32730758236 
0022000101 (0041000100) : 62387.536672371505 
0035000102 (0022000101) : 62820.129042931614 
0026000103 (0035000102) : 63309.12001335275 
0023000104 (0026000103) : 64190.92775709835 
0085000105 (0023000104) : 64401.19532454705 
0081000106 (0085000105) : 64428.36331483239 
0050000107 (0081000106) : 65228.96540021925 
0037000108 (0050000107) : 65298.96671580866 
0059000109 (0037000108) : 67367.37372563596 
0031000110 (0059000109) : 68927.79350985402 
0049000111 (0031000110) : 69454.47209463507 
0045000112 (0049000111) : 69458.53834337293 
0018000113 (0045000112) : 69646.02733474222 
0023000114 (0018000113) : 70277.96106243256 
0096000115 (0023000114) : 70320.53046281253 
0011000116 (0096000115) : 70597.86735325638 
0098000117 (0011000116) : 71496.7331210655 
0077000118 (0098000117) : 72499.24086753506 
0040000119 (0077000118) : 72499.681215096 
0084000120 (0040000119) : 73616.73438632033 
0090000121 (0084000120) : 73830.7713981946 
0001000122 (0090000121) : 74472.33489823801 
0087000123 (0001000122) : 77280.35023037693 
0006000124 (0087000123) : 77676.40230861965 
0023000125 (0006000124) : 78257.1453497567 
0056000126 (0023000125) : 78493.48013976941 
0038000127 (0056000126) : 79016.04617197887 
0070000128 (0038000127) : 79098.27211947818 
0014000129 (0070000128) : 79556.77681360058 
0069000130 (0014000129) : 79939.81433621 
0088000131 (0069000130) : 80545.74832133309 
0072000132 (0088000131) : 80654.582576379 
0074000133 (0072000132) : 80803.745869261 
0024000134 (0074000133) : 81735.82902998799 
0073000135 (0024000134) : 81927.04624444802 
0070000136 (0073000135) : 82676.4829402785 
0098000137 (0070000136) : 82732.12681985082 
0013000138 (0098000137) : 82921.27162499694 
0023000139 (0013000138) : 83323.58504161611 
0096000140 (0023000139) : 83799.04665979222 
0033000141 (0096000140) : 84445.74206348893 
0030000142 (0033000141) : 84864.64815507998 
0009000143 (0030000142) : 85436.07997237175 
0042000144 (0009000143) : 85533.36617119214 
0018000145 (0042000144) : 85909.95182432252 
0063000146 (0018000145) : 86117.8896559553 
0014000147 (0063000146) : 86466.05920616483 
0026000148 (0014000147) : 89028.6434725808 
0002000149 (0026000148) : 89515.39456319282 
0016000150 (0002000149) : 89836.73457655913 
0044000151 (0016000150) : 89868.06263151718 
0099000152 (0044000151) : 90619.7914637303 
0001000153 (0099000152) : 90919.87048083209 
0058000154 (0001000153) : 90983.18035410665 
0096000155 (0058000154) : 91391.59561520402 
0023000156 (0096000155) : 93325.73714018535 
0053000157 (0023000156) : 93431.50219919714 
0085000158 (0053000157) : 93652.22930563265 
0043000159 (0085000158) : 94009.35565024232 
0067000160 (0043000159) : 94220.43018046622 
0085000161 (0067000160) : 95333.51851462068 
0029000162 (0085000161) : 95865.91333509305 
0067000163 (0029000162) : 96849.59950206253 
0032000164 (0067000163) : 97030.31445038557 
0001000165 (0032000164) : 98896.38933149289 
0002000166 (0001000165) : 99636.00848896363 
0023000167 (0002000166) : 99826.60131051204 
