0000000000 (genesis block) : 0 
0023000001 (0000000000) : 383.1011062892015 
0072000002 (0023000001) : 693.2410216311575 
0025000003 (0072000002) : 1163.9457058173462 
0076000004 (0025000003) : 1307.1644237174596 
0003000005 (0076000004) : 1808.550421599943 
0035000006 (0003000005) : 2647.4247516299592 
0010000007 (0035000006) : 3066.681764118202 
0026000008 (0010000007) : 3082.070992845094 
0048000009 (0026000008) : 3308.0287095605527 
0022000010 (0048000009) : 3549.9581894134203 
0031000011 (0022000010) : 4287.708178276742 
0045000012 (0031000011) : 5126.85402387679 
0086000013 (0045000012) : 6639.061766245509 
0050000014 (0086000013) : 7431.947794585534 
0078000015 (0050000014) : 7682.614992981308 
0049000016 (0078000015) : 7713.8407322953135 
0087000017 (0049000016) : 8129.489297993982 
0000000018 (0087000017) : 8462.464693620695 
0009000019 (0000000018) : 8836.62997195153 
0016000020 (0009000019) : 9080.454075509646 
0063000021 (0016000020) : 10088.57379282952 
0023000022 (0063000021) : 10419.400530932397 
0092000023 (0023000022) : 10470.58826720434 
0061000024 (0092000023) : 10550.639955068522 
0017000025 (0061000024) : 10806.115419919748 
0088000026 (0017000025) : 11452.232473856935 
0023000027 (0088000026) : 11960.38507721203 
0001000028 (0023000027) : 12269.614220200683 
0030000029 (0001000028) : 14500.984285207238 
0040000030 (0030000029) : 15673.680409635093 
0071000031 (0040000030) : 16869.39332790183 
0023000032 (0071000031) : 17121.96475854956 
0024000033 (0023000032) : 17595.978055148513 
0095000034 (0024000033) : 18244.537627044603 
0088000035 (0095000034) : 19221.46793014727 
0018000036 (0088000035) : 20304.052691410125 
0038000037 (0018000036) : 20351.76416664753 
0080000038 (0038000037) : 20753.253339755283 
0074000039 (0080000038) : 21055.791346632504 
0090000040 (0074000039) : 21209.572603304943 
0080000041 (0090000040) : 22284.71511160998 
0099000042 (0080000041) : 22644.823566037572 
0060000043 (0099000042) : 26117.748445736623 
0012000044 (0060000043) : 26871.803777778914 
0023000045 (0012000044) : 27437.247258291885 
0089000046 (0023000045) : 27597.84798925785 
0004000047 (0089000046) : 28641.49718072914 
0093000048 (0004000047) : 29340.211068371867 
0023000049 (0093000048) : 29730.09123305442 
0076000050 (0023000049) : 30331.638445370296 
0032000051 (0076000050) : 31104.336891857143 
0023000052 (0032000051) : 32641.66221466414 
0074000053 (0023000052) : 32659.223526501566 
0042000054 (0074000053) : 34281.06966122293 
0097000055 (0042000054) : 34656.01017963128 
0038000056 (0097000055) : 34788.29596640419 
0035000057 (0038000056) : 34853.62769804923 
0071000058 (0035000057) : 35066.63178366859 
0068000059 (0071000058) : 35916.88044641716 
0018000060 (0068000059) : 36140.33903064569 
0040000061 (0018000060) : 36401.84863174734 
0075000062 (0040000061) : 38032.56357604133 
0017000063 (0075000062) : 38107.15489899011 
0032000064 (0017000063) : 38167.837633796094 
0080000065 (0032000064) : 39058.926105100465 
0012000066 (0080000065) : 40060.931356229616 
0073000067 (0012000066) : 42129.1722366908 
0058000068 (0073000067) : 42664.633199674354 
0047000069 (0058000068) : 43189.33188800869 
0081000070 (0047000069) : 44595.56269499497 
0011000071 (0081000070) : 45334.47223559788 
0049000072 (0011000071) : 45453.547363161946 
0023000073 (0049000072) : 46755.69582115805 
0049000074 (0023000073) : 47969.38814952143 
0093000075 (0049000074) : 48708.77431801215 
0028000076 (0093000075) : 49126.685242872816 
0023000077 (0028000076) : 49668.416715521926 
0076000078 (0023000077) : 50014.6047838904 
0014000079 (0076000078) : 50020.909672761496 
0060000080 (0014000079) : 50264.065796944735 
0010000081 (0060000080) : 50360.68114884274 
0045000082 (0010000081) : 50501.302563747064 
0055000083 (0045000082) : 53776.61450151756 
0053000084 (0055000083) : 53903.33564990498 
0079000085 (0053000084) : 54035.72458991011 
0023000086 (0079000085) : 54135.28805923141 
0081000087 (0023000086) : 56578.82316963966 
0022000088 (0081000087) : 56763.304173990015 
0030000089 (0022000088) : 57297.88826383431 
0023000090 (0030000089) : 58171.4320754666 
0037000091 (0023000090) : 58181.895185638954 
0039000092 (0037000091) : 58506.801693873356 
0043000093 (0039000092) : 58969.03067438666 
0045000094 (0043000093) : 59060.52041987144 
0089000095 (0045000094) : 59684.776681052346 
0039000096 (0089000095) : 60226.56886287887 
0083000097 (0039000096) : 61737.91960071285 
0093000098 (0083000097) : 62032.32268452955 
0091000099 (0093000098) : 62153.315463472165 
0041000100 (0091000099) : 62375.54682364603 
0022000101 (0041000100) : 62387.611238837904 
0035000102 (0022000101) : 62819.87791075511 
0026000103 (0035000102) : 63309.26754554769 
0023000104 (0026000103) : 64190.82420835077 
0085000105 (0023000104) : 64401.20759019851 
0081000106 (0085000105) : 64428.01866147814 
0050000107 (0081000106) : 65228.713205660395 
0037000108 (0050000107) : 65298.98063812617 
0059000109 (0037000108) : 67367.12267451217 
0031000110 (0059000109) : 68927.34049820676 
0049000111 (0031000110) : 69454.44055433213 
0045000112 (0049000111) : 69458.28733158906 
0018000113 (0045000112) : 69646.47877700003 
0023000114 (0018000113) : 70277.85207954922 
0096000115 (0023000114) : 70320.39558206554 
0011000116 (0096000115) : 70597.41700501731 
0098000117 (0011000116) : 71496.28145093202 
0077000118 (0098000117) : 72498.94437048897 
0040000119 (0077000118) : 72499.65029972319 
0084000120 (0040000119) : 73616.82664631425 
0090000121 (0084000120) : 73830.31938218475 
0001000122 (0090000121) : 74472.34045610204 
0087000123 (0001000122) : 77280.10260099897 
0006000124 (0087000123) : 77676.38788939115 
0023000125 (0006000124) : 78257.04242941945 
0056000126 (0023000125) : 78493.44229788051 
0038000127 (0056000126) : 79015.98672605927 
0070000128 (0038000127) : 79098.28748689617 
0014000129 (0070000128) : 79556.99731553895 
0069000130 (0014000129) : 79939.75322466444 
0088000131 (0069000130) : 80545.96793737274 
0072000132 (0088000131) : 80654.52565617803 
0074000133 (0072000132) : 80803.49413810854 
0024000134 (0074000133) : 81735.82123654055 
0073000135 (0024000134) : 81926.70953973217 
0070000136 (0073000135) : 82676.49947351776 
0098000137 (0070000136) : 82731.67274919548 
0013000138 (0098000137) : 82921.15434293658 
0023000139 (0013000138) : 83323.48477659593 
0096000140 (0023000139) : 83798.90726675463 
0033000141 (0096000140) : 84445.59414495513 
0030000142 (0033000141) : 84864.45814376867 
0009000143 (0030000142) : 85436.06500823962 
0042000144 (0009000143) : 85533.11668364961 
0018000145 (0042000144) : 85910.40499252874 
0063000146 (0018000145) : 86117.68385866727 
0014000147 (0063000146) : 86466.28222207422 
0026000148 (0014000147) : 89028.78808547217 
0002000149 (0026000148) : 89515.46507436888 
0016000150 (0002000149) : 89836.40933132237 
0044000151 (0016000150) : 89868.07223440957 
0099000152 (0044000151) : 90619.89127575573 
0001000153 (0099000152) : 90919.87578412678 
0058000154 (0001000153) : 90983.46311490693 
0096000155 (0058000154) : 91391.454486684 
0023000156 (0096000155) : 93325.64148423787 
0053000157 (0023000156) : 93431.25267887328 
0085000158 (0053000157) : 93652.23946415313 
0043000159 (0085000158) : 94009.20591754993 
0067000160 (0043000159) : 94220.17879069151 
0085000161 (0067000160) : 95333.52844683222 
0029000162 (0085000161) : 95866.08151271244 
0067000163 (0029000162) : 96849.34705585227 
0032000164 (0067000163) : 97030.31908501114 
0001000165 (0032000164) : 98896.3954008967 
0002000166 (0001000165) : 99636.0818283581 
0023000167 (0002000166) : 99826.492900957 
