0000000000 (genesis block) : 0 
0010000001 (0000000000) : 301.44320929010604 
0002000002 (0010000001) : 1257.8174276885131 
0011000003 (0002000002) : 3042.39594171486 
0009000004 (0011000003) : 4177.094659920068 
0002000005 (0009000004) : 4184.293816084966 
0007000006 (0002000005) : 5024.169842155112 
0012000007 (0007000006) : 5599.335226485503 
0017000008 (0012000007) : 6428.123385137466 
0013000009 (0017000008) : 7138.45227910205 
0011000010 (0013000009) : 7850.835527089782 
0013000011 (0011000010) : 9666.42185568733 
