0000000000 (genesis block) : 0 
0010000001 (0000000000) : 301.32189327277314 
0002000002 (0010000001) : 1259.435346637818 
0011000003 (0002000002) : 3043.6944948962946 
0009000004 (0011000003) : 4178.574960300044 
0002000005 (0009000004) : 4185.935123042934 
0007000006 (0002000005) : 5025.801374406227 
0012000007 (0007000006) : 5599.6931004889 
0017000008 (0012000007) : 6429.9158793474035 
0013000009 (0017000008) : 7136.585156046984 
0011000010 (0013000009) : 7852.168003639187 
0013000011 (0011000010) : 9664.531256265596 
