0000000000 (genesis block) : 0 
0010000001 (0000000000) : 301.4724505363048 
0002000002 (0010000001) : 1259.2624669909146 
0011000003 (0002000002) : 3043.890839579053 
0009000004 (0011000003) : 4178.184265905219 
0002000005 (0009000004) : 4185.732566241137 
0007000006 (0002000005) : 5025.823899467058 
0012000007 (0007000006) : 5597.710773785472 
0017000008 (0012000007) : 6429.747130705144 
0013000009 (0017000008) : 7138.537633706442 
0011000010 (0013000009) : 7852.348251977617 
0013000011 (0011000010) : 9666.467749970945 
