0000000000 (genesis block) : 0 
0010000001 (0000000000) : 301.34121777349543 
0002000002 (0010000001) : 1257.4700756951752 
0011000003 (0002000002) : 3042.0973121091333 
0009000004 (0011000003) : 4176.744234623253 
0002000005 (0009000004) : 4183.9473286770935 
0007000006 (0002000005) : 5023.945301723981 
0012000007 (0007000006) : 5599.681960755082 
0017000008 (0012000007) : 6428.297703459852 
0013000009 (0017000008) : 7138.575210879151 
0011000010 (0013000009) : 7850.534876295931 
0013000011 (0011000010) : 9666.494700105697 
