0000000000 (genesis block) : 0 
0010000001 (0000000000) : 301.29229419182354 
0002000002 (0010000001) : 1257.724766075463 
0011000003 (0002000002) : 3041.6504412396407 
0009000004 (0011000003) : 4176.9985814007205 
0002000005 (0009000004) : 4184.203266335016 
0007000006 (0002000005) : 5024.135367740345 
0012000007 (0007000006) : 5599.950626924285 
0017000008 (0012000007) : 6428.444086874561 
0013000009 (0017000008) : 7138.632743061201 
0011000010 (0013000009) : 7850.08941453591 
0013000011 (0011000010) : 9666.603613976615 
