0000000000 (genesis block) : 0 
0010000001 (0000000000) : 301.36827716965723 
0003000002 (0010000001) : 2884.3933313949688 
0016000003 (0003000002) : 3739.422015193942 
0002000004 (0016000003) : 4053.1506964541427 
0010000005 (0002000004) : 5889.517951845791 
0000000006 (0010000005) : 7223.478588888664 
0011000007 (0000000006) : 7872.243855686262 
0005000008 (0011000007) : 8787.036831364403 
0016000009 (0005000008) : 8888.228357978527 
0014000010 (0016000009) : 9048.070935807134 
0007000011 (0014000010) : 9469.772785613213 
0006000012 (0007000011) : 9594.176887135662 
