0000000000 (genesis block) : 0 
0010000001 (0000000000) : 301.1860860584468 
0003000002 (0010000001) : 2884.4818859534753 
0016000003 (0003000002) : 3739.295917881456 
0002000004 (0016000003) : 4052.836373268977 
0010000005 (0002000004) : 5889.2591099482315 
0000000006 (0010000005) : 7223.098920332057 
0011000007 (0000000006) : 7872.173561257965 
0005000008 (0011000007) : 8787.119560907373 
0016000009 (0005000008) : 8888.103589930775 
0014000010 (0016000009) : 9048.055902988272 
0007000011 (0014000010) : 9469.633913743104 
0006000012 (0007000011) : 9594.159204402711 
