0000000000 (genesis block) : 0 
0010000001 (0000000000) : 301.208743939742 
0002000002 (0010000001) : 1257.7631928497003 
0011000003 (0002000002) : 3042.0800115310853 
0009000004 (0011000003) : 4176.6117326734975 
0002000005 (0009000004) : 4184.239733633571 
0007000006 (0002000005) : 5023.985065308667 
0012000007 (0007000006) : 5599.753865862215 
0017000008 (0012000007) : 6428.204445808212 
0013000009 (0017000008) : 7138.54831161843 
0011000010 (0013000009) : 7850.518982439649 
0013000011 (0011000010) : 9666.517533042866 
