0000000000 (genesis block) : 0 
0010000001 (0000000000) : 301.4684720284408 
0003000002 (0010000001) : 2884.125885897416 
0016000003 (0003000002) : 3738.9868914165095 
0002000004 (0016000003) : 4052.5283519402815 
0010000005 (0002000004) : 5889.664883960128 
0000000006 (0010000005) : 7222.693028256709 
0011000007 (0000000006) : 7872.283734315419 
0005000008 (0011000007) : 8787.373771786362 
0016000009 (0005000008) : 8887.795613336802 
0014000010 (0016000009) : 9048.139901552811 
0007000011 (0014000010) : 9469.562099860803 
0006000012 (0007000011) : 9594.401768681877 
