0000000000 (genesis block) : 0 
0010000001 (0000000000) : 301.4391796134592 
0003000002 (0010000001) : 2884.333384872904 
0016000003 (0003000002) : 3738.9399794408323 
0002000004 (0016000003) : 4052.6733579547817 
0010000005 (0002000004) : 5889.676608843249 
0000000006 (0010000005) : 7223.032063044802 
0011000007 (0000000006) : 7872.173363355445 
0005000008 (0011000007) : 8787.266339841624 
0016000009 (0005000008) : 8887.747527697167 
0014000010 (0016000009) : 9047.996970411365 
0007000011 (0014000010) : 9469.220608150355 
0006000012 (0007000011) : 9594.098910179322 
