0000000000 (genesis block) : 0 
0010000001 (0000000000) : 301.1135455824087 
0002000002 (0010000001) : 1257.9347526327383 
0011000003 (0002000002) : 3041.9081813114044 
0009000004 (0011000003) : 4176.784760200807 
0002000005 (0009000004) : 4184.411821365554 
0007000006 (0002000005) : 5024.110102745982 
0012000007 (0007000006) : 5599.823321783881 
0017000008 (0012000007) : 6428.18382229927 
0013000009 (0017000008) : 7138.374894969378 
0011000010 (0013000009) : 7850.347168027075 
0013000011 (0011000010) : 9666.345577241238 
