0000000000 (genesis block) : 0 
0010000001 (0000000000) : 301.49047729759593 
0002000002 (0010000001) : 1257.7942429738182 
0011000003 (0002000002) : 3042.3568966190933 
0009000004 (0011000003) : 4177.067653669349 
0002000005 (0009000004) : 4184.271493733038 
0007000006 (0002000005) : 5024.270311671102 
0012000007 (0007000006) : 5599.411669620492 
0017000008 (0012000007) : 6428.245867507306 
0013000009 (0017000008) : 7138.408447254243 
0011000010 (0013000009) : 7850.797236275957 
0013000011 (0011000010) : 9666.356791107271 
