0000000000 (genesis block) : 0 
0010000001 (0000000000) : 301.3695694347099 
0002000002 (0010000001) : 1257.75092187755 
0011000003 (0002000002) : 3042.1234865507954 
0009000004 (0011000003) : 4176.85494048057 
0002000005 (0009000004) : 4184.228414135279 
0007000006 (0002000005) : 5023.868827299066 
0012000007 (0007000006) : 5599.78787272274 
0017000008 (0012000007) : 6428.148622176873 
0013000009 (0017000008) : 7138.8104865856885 
0011000010 (0013000009) : 7850.564577236923 
0013000011 (0011000010) : 9666.762611148873 
