0000000000 (genesis block) : 0 
0010000001 (0000000000) : 301.30056320507845 
0003000002 (0010000001) : 2884.3512819135517 
0016000003 (0003000002) : 3739.0086886975814 
0002000004 (0016000003) : 4052.737975199426 
0010000005 (0002000004) : 5889.3730780098085 
0000000006 (0010000005) : 7223.098781218891 
0011000007 (0000000006) : 7872.175719764036 
0005000008 (0011000007) : 8786.96836671793 
0016000009 (0005000008) : 8887.815713158549 
0014000010 (0016000009) : 9047.86179681917 
0007000011 (0014000010) : 9469.579670143139 
0006000012 (0007000011) : 9594.108699702892 
