0000000000 (genesis block) : 0 
0010000001 (0000000000) : 301.5547391724834 
0003000002 (0010000001) : 2883.8103828661374 
0016000003 (0003000002) : 3739.169363954061 
0002000004 (0016000003) : 4052.782902752344 
0010000005 (0002000004) : 5889.626596793619 
0000000006 (0010000005) : 7223.00746780121 
0011000007 (0000000006) : 7872.454427153683 
0005000008 (0011000007) : 8787.487865948751 
0016000009 (0005000008) : 8887.976617934863 
0014000010 (0016000009) : 9048.027540627732 
0007000011 (0014000010) : 9469.743213382193 
0006000012 (0007000011) : 9594.390553550164 
