0000000000 (genesis block) : 0 
0010000001 (0000000000) : 301.3689124190335 
0002000002 (0010000001) : 1257.647365010697 
0011000003 (0002000002) : 3042.277918666005 
0009000004 (0011000003) : 4176.372062416871 
0002000005 (0009000004) : 4184.128817251717 
0007000006 (0002000005) : 5024.1660511940445 
0012000007 (0007000006) : 5599.511845655557 
0017000008 (0012000007) : 6428.444361676086 
0013000009 (0017000008) : 7138.787794612506 
0011000010 (0013000009) : 7850.715396424476 
0013000011 (0011000010) : 9666.757007201113 
