0000000000 (genesis block) : 0 
0010000001 (0000000000) : 301.46507119651517 
0003000002 (0010000001) : 2884.248713724609 
0016000003 (0003000002) : 3739.106560922605 
0002000004 (0016000003) : 4052.648312272996 
0010000005 (0002000004) : 5889.6991783748235 
0000000006 (0010000005) : 7222.812845138304 
0011000007 (0000000006) : 7872.380802006401 
0005000008 (0011000007) : 8787.359200287248 
0016000009 (0005000008) : 8887.9173025828 
0014000010 (0016000009) : 9048.218031924855 
0007000011 (0014000010) : 9469.664494114575 
0006000012 (0007000011) : 9594.321398800896 
