0000000000 (genesis block) : 0 
0010000001 (0000000000) : 301.2926237468639 
0003000002 (0010000001) : 2884.426302369781 
0016000003 (0003000002) : 3739.2711409568524 
0002000004 (0016000003) : 4052.962739269006 
0010000005 (0002000004) : 5889.443173341345 
0000000006 (0010000005) : 7223.3284756590965 
0011000007 (0000000006) : 7871.838120491895 
0005000008 (0011000007) : 8786.960960181868 
0016000009 (0005000008) : 8888.082522775061 
0014000010 (0016000009) : 9047.665795346826 
0007000011 (0014000010) : 9469.55070249423 
0006000012 (0007000011) : 9593.76787393521 
