0000000000 (genesis block) : 0 
0010000001 (0000000000) : 301.45069837958783 
0003000002 (0010000001) : 2884.1611769057795 
0016000003 (0003000002) : 3738.8890332323854 
0002000004 (0016000003) : 4052.4302206048287 
0010000005 (0002000004) : 5889.665679456899 
0000000006 (0010000005) : 7222.790642915129 
0011000007 (0000000006) : 7872.185441567547 
0005000008 (0011000007) : 8787.276238205253 
0016000009 (0005000008) : 8887.697496841856 
0014000010 (0016000009) : 9048.03992673888 
0007000011 (0014000010) : 9469.462849667081 
0006000012 (0007000011) : 9594.302049121441 
