0000000000 (genesis block) : 0 
0010000001 (0000000000) : 301.3139146607781 
0003000002 (0010000001) : 2884.445674886787 
0016000003 (0003000002) : 3739.102421350316 
0002000004 (0016000003) : 4052.8339925787677 
0010000005 (0002000004) : 5889.466977838264 
0000000006 (0010000005) : 7223.084827033978 
0011000007 (0000000006) : 7872.270560915133 
0005000008 (0011000007) : 8787.06162000102 
0016000009 (0005000008) : 8887.90901737027 
0014000010 (0016000009) : 9047.956049558503 
0007000011 (0014000010) : 9469.672844196943 
0006000012 (0007000011) : 9594.203644752275 
