0000000000 (genesis block) : 0 
0010000001 (0000000000) : 301.2908720261465 
0002000002 (0010000001) : 601.8917012211201 
0010000003 (0002000002) : 716.3244769483541 
0018000004 (0010000003) : 1344.4771111658624 
0005000005 (0018000004) : 1542.3946432301552 
0017000006 (0005000005) : 1726.1494777395267 
0004000007 (0017000006) : 2754.8069843627313 
0005000008 (0004000007) : 2945.712939236047 
0017000009 (0005000008) : 3545.6383449024192 
0014000010 (0017000009) : 3671.0477251802963 
0005000011 (0014000010) : 4384.133768793729 
0003000012 (0005000011) : 4694.415293397229 
0013000013 (0003000012) : 5338.858305077118 
0007000014 (0013000013) : 5543.185892071748 
0015000015 (0007000014) : 5919.1708060490955 
0017000016 (0015000015) : 6684.099641637143 
0006000017 (0017000016) : 6897.69914568944 
0019000018 (0006000017) : 8443.432162929057 
