0000000000 (genesis block) : 0 
0010000001 (0000000000) : 301.48119425861563 
0002000002 (0010000001) : 602.2286300794433 
0010000003 (0002000002) : 716.513764432068 
0018000004 (0010000003) : 1345.0027183485633 
0005000005 (0018000004) : 1542.5924847236834 
0017000006 (0005000005) : 1726.411104921576 
0004000007 (0017000006) : 2755.1470031145486 
0005000008 (0004000007) : 2945.907981563603 
0017000009 (0005000008) : 3545.9000065753257 
0014000010 (0017000009) : 3671.572546366993 
0005000011 (0014000010) : 4384.332596048004 
0003000012 (0005000011) : 4693.939680458253 
0013000013 (0003000012) : 5339.0972659741 
0007000014 (0013000013) : 5543.526433962766 
0015000015 (0007000014) : 5918.6441441168745 
0017000016 (0015000015) : 6684.361411255539 
0006000017 (0017000016) : 6898.224015819402 
0019000018 (0006000017) : 8443.857701079318 
