0000000000 (genesis block) : 0 
0010000001 (0000000000) : 301.2058207738569 
0002000002 (0010000001) : 602.0220350424341 
0010000003 (0002000002) : 716.1593150144295 
0018000004 (0010000003) : 1344.6444851361289 
0005000005 (0018000004) : 1542.229463818201 
0017000006 (0005000005) : 1726.0492578804724 
0004000007 (0017000006) : 2754.9710192796288 
0005000008 (0004000007) : 2945.546118959868 
0017000009 (0005000008) : 3545.538350008234 
0014000010 (0017000009) : 3671.212440161913 
0005000011 (0014000010) : 4383.969388277501 
0003000012 (0005000011) : 4694.30050831178 
0013000013 (0003000012) : 5338.740838268545 
0007000014 (0013000013) : 5543.350777328057 
0015000015 (0007000014) : 5919.00556957298 
0017000016 (0015000015) : 6683.998987671448 
0006000017 (0017000016) : 6897.8666832950485 
0019000018 (0006000017) : 8443.597968790096 
