0000000000 (genesis block) : 0 
0010000001 (0000000000) : 301.2918789898754 
0002000002 (0010000001) : 602.0554597680981 
0010000003 (0002000002) : 716.2437890418929 
0018000004 (0010000003) : 1344.7930562918068 
0005000005 (0018000004) : 1542.6599338171395 
0017000006 (0005000005) : 1726.2918372933475 
0004000007 (0017000006) : 2755.0567122313546 
0005000008 (0004000007) : 2945.9774370946684 
0017000009 (0005000008) : 3545.777405540289 
0014000010 (0017000009) : 3671.301799310692 
0005000011 (0014000010) : 4384.399278158296 
0003000012 (0005000011) : 4694.331884793909 
0013000013 (0003000012) : 5338.826852016703 
0007000014 (0013000013) : 5543.504101542853 
0015000015 (0007000014) : 5919.036606426214 
0017000016 (0015000015) : 6684.240720057637 
0006000017 (0017000016) : 6898.016809073649 
0019000018 (0006000017) : 8443.748003164186 
