0000000000 (genesis block) : 0 
0010000001 (0000000000) : 301.4834076349298 
0002000002 (0010000001) : 602.090974253545 
0010000003 (0002000002) : 716.4345597628908 
0018000004 (0010000003) : 1344.6731456063164 
0005000005 (0018000004) : 1542.8487670255179 
0017000006 (0005000005) : 1726.0920810026294 
0004000007 (0017000006) : 2755.17093210707 
0005000008 (0004000007) : 2946.164777959224 
0017000009 (0005000008) : 3545.5807988011998 
0014000010 (0017000009) : 3670.5944548189673 
0005000011 (0014000010) : 4384.585276566531 
0003000012 (0005000011) : 4694.611275748053 
0013000013 (0003000012) : 5338.561568542473 
0007000014 (0013000013) : 5543.637967770619 
0015000015 (0007000014) : 5919.621883271167 
0017000016 (0015000015) : 6684.0411418451195 
0006000017 (0017000016) : 6898.152455974522 
0019000018 (0006000017) : 8443.684672384376 
