0000000000 (genesis block) : 0 
0010000001 (0000000000) : 301.3027626652579 
0002000002 (0010000001) : 603.1083682945567 
0010000003 (0002000002) : 717.8041331036864 
0018000004 (0010000003) : 1346.3222052586716 
0005000005 (0018000004) : 1544.2053399746164 
0017000006 (0005000005) : 1727.769885659094 
0004000007 (0017000006) : 2756.591596521451 
0005000008 (0004000007) : 2947.5590631479163 
0017000009 (0005000008) : 3547.2535865806153 
0014000010 (0017000009) : 3672.418798342713 
0005000011 (0014000010) : 4385.930217692822 
0003000012 (0005000011) : 4696.003164352319 
0013000013 (0003000012) : 5336.742132024029 
0007000014 (0013000013) : 5545.17536291008 
0015000015 (0007000014) : 5920.968583542795 
0017000016 (0015000015) : 6685.703928730697 
0006000017 (0017000016) : 6899.818984510673 
0019000018 (0006000017) : 8445.504346519005 
