0000000000 (genesis block) : 0 
0010000001 (0000000000) : 301.3360564039723 
0002000002 (0010000001) : 601.9482327599137 
0010000003 (0002000002) : 716.4497222959885 
0018000004 (0010000003) : 1344.7271984549525 
0005000005 (0018000004) : 1542.5239790879275 
0017000006 (0005000005) : 1726.3018948434833 
0004000007 (0017000006) : 2754.969329951018 
0005000008 (0004000007) : 2945.8376492134526 
0017000009 (0005000008) : 3545.790374613291 
0014000010 (0017000009) : 3671.2968728109154 
0005000011 (0014000010) : 4384.258824891224 
0003000012 (0005000011) : 4694.100496982849 
0013000013 (0003000012) : 5339.034371145107 
0007000014 (0013000013) : 5543.389296356978 
0015000015 (0007000014) : 5919.113608495645 
0017000016 (0015000015) : 6684.254136682746 
0006000017 (0017000016) : 6898.0882207192935 
0019000018 (0006000017) : 8443.635370164397 
