0000000000 (genesis block) : 0 
0010000001 (0000000000) : 301.1135455824087 
0002000002 (0010000001) : 602.1589599962209 
0010000003 (0002000002) : 715.9856646327788 
0018000004 (0010000003) : 1344.8164118746079 
0005000005 (0018000004) : 1542.401617831658 
0017000006 (0005000005) : 1726.0306568325511 
0004000007 (0017000006) : 2754.798789631076 
0005000008 (0004000007) : 2945.7196189723522 
0017000009 (0005000008) : 3545.518739488857 
0014000010 (0017000009) : 3671.0439028479145 
0005000011 (0014000010) : 4384.1412557412705 
0003000012 (0005000011) : 4694.16199962878 
0013000013 (0003000012) : 5338.568901387512 
0007000014 (0013000013) : 5543.482425812453 
0015000015 (0007000014) : 5919.174726567602 
0017000016 (0015000015) : 6683.982843081545 
0006000017 (0017000016) : 6898.03928115315 
0019000018 (0006000017) : 8443.718204100696 
