0000000000 (genesis block) : 0 
0010000001 (0000000000) : 301.4424022933364 
0002000002 (0010000001) : 602.1109971286752 
0010000003 (0002000002) : 716.4744186542475 
0018000004 (0010000003) : 1344.696298307929 
0005000005 (0018000004) : 1542.736108964433 
0017000006 (0005000005) : 1725.9696800121624 
0004000007 (0017000006) : 2755.1588900189768 
0005000008 (0004000007) : 2946.0526402540518 
0017000009 (0005000008) : 3545.458368168794 
0014000010 (0017000009) : 3671.084622594356 
0005000011 (0014000010) : 4384.476865884118 
0003000012 (0005000011) : 4694.306078388446 
0013000013 (0003000012) : 5338.607050242116 
0007000014 (0013000013) : 5543.536116280708 
0015000015 (0007000014) : 5919.319958096803 
0017000016 (0015000015) : 6683.918232771209 
0006000017 (0017000016) : 6898.176661903543 
0019000018 (0006000017) : 8443.731673423155 
