0000000000 (genesis block) : 0 
0010000001 (0000000000) : 301.3081246450342 
0002000002 (0010000001) : 602.1516363891861 
0010000003 (0002000002) : 716.2607730851504 
0018000004 (0010000003) : 1344.7367368724858 
0005000005 (0018000004) : 1542.5229681869032 
0017000006 (0005000005) : 1725.7560782722212 
0004000007 (0017000006) : 2755.0030443051332 
0005000008 (0004000007) : 2945.839180959745 
0017000009 (0005000008) : 3545.2446337228616 
0014000010 (0017000009) : 3670.93087752526 
0005000011 (0014000010) : 4384.263138031973 
0003000012 (0005000011) : 4694.436091273416 
0013000013 (0003000012) : 5338.746425869768 
0007000014 (0013000013) : 5543.478528457141 
0015000015 (0007000014) : 5919.300349292257 
0017000016 (0015000015) : 6683.7052678009495 
0006000017 (0017000016) : 6898.094169695457 
0019000018 (0006000017) : 8443.5173606587 
