0000000000 (genesis block) : 0 
0010000001 (0000000000) : 301.3655995610512 
0002000002 (0010000001) : 601.943601511587 
0010000003 (0002000002) : 716.3988549777459 
0018000004 (0010000003) : 1344.721771380369 
0005000005 (0018000004) : 1542.4702055669309 
0017000006 (0005000005) : 1726.2886944552292 
0004000007 (0017000006) : 2755.0358888850556 
0005000008 (0004000007) : 2945.7858129387105 
0017000009 (0005000008) : 3545.7780596321354 
0014000010 (0017000009) : 3671.294508653927 
0005000011 (0014000010) : 4384.209323367812 
0003000012 (0005000011) : 4694.291027657543 
0013000013 (0003000012) : 5338.980474902464 
0007000014 (0013000013) : 5543.535454142901 
0015000015 (0007000014) : 5919.082296638499 
0017000016 (0015000015) : 6684.238642467035 
0006000017 (0017000016) : 6898.0615454173885 
0019000018 (0006000017) : 8443.76078877605 
