0000000000 (genesis block) : 0 
0010000001 (0000000000) : 301.3380822782501 
0002000002 (0010000001) : 601.7991787342231 
0010000003 (0002000002) : 716.4521901285319 
0018000004 (0010000003) : 1344.3497750594656 
0005000005 (0018000004) : 1542.5243401047542 
0017000006 (0005000005) : 1726.1427096194761 
0004000007 (0017000006) : 2754.934694077327 
0005000008 (0004000007) : 2945.8401705575575 
0017000009 (0005000008) : 3545.6317438399283 
0014000010 (0017000009) : 3670.9200169583773 
0005000011 (0014000010) : 4384.261813363527 
0003000012 (0005000011) : 4694.287042901584 
0013000013 (0003000012) : 5338.730747216145 
0007000014 (0013000013) : 5543.313031049768 
0015000015 (0007000014) : 5919.298551293163 
0017000016 (0015000015) : 6684.092083026322 
0006000017 (0017000016) : 6897.8288932343 
0019000018 (0006000017) : 8443.559941000673 
