0000000000 (genesis block) : 0 
0010000001 (0000000000) : 301.2956840640184 
0002000002 (0010000001) : 602.033882932168 
0010000003 (0002000002) : 716.328864648025 
0018000004 (0010000003) : 1344.7465068011359 
0005000005 (0018000004) : 1542.4037938247718 
0017000006 (0005000005) : 1726.2186804658822 
0004000007 (0017000006) : 2754.8924963183817 
0005000008 (0004000007) : 2945.716280401299 
0017000009 (0005000008) : 3545.70798574292 
0014000010 (0017000009) : 3671.2391213385017 
0005000011 (0014000010) : 4384.138908101283 
0003000012 (0005000011) : 4694.220351025151 
0013000013 (0003000012) : 5338.913813240734 
0007000014 (0013000013) : 5543.26933942098 
0015000015 (0007000014) : 5919.175895457306 
0017000016 (0015000015) : 6684.170603375482 
0006000017 (0017000016) : 6897.968224369014 
0019000018 (0006000017) : 8443.515064774 
