0000000000 (genesis block) : 0 
0010000001 (0000000000) : 301.3537745923966 
0002000002 (0010000001) : 601.8851453701441 
0010000003 (0002000002) : 716.4932465680216 
0018000004 (0010000003) : 1344.6274671920587 
0005000005 (0018000004) : 1542.563351908736 
0017000006 (0005000005) : 1726.2040188275396 
0004000007 (0017000006) : 2755.0674828215165 
0005000008 (0004000007) : 2945.8801990551087 
0017000009 (0005000008) : 3545.692938030872 
0014000010 (0017000009) : 3671.199512469885 
0005000011 (0014000010) : 4384.302583506556 
0003000012 (0005000011) : 4694.19793373825 
0013000013 (0003000012) : 5339.008290124368 
0007000014 (0013000013) : 5543.486958690945 
0015000015 (0007000014) : 5919.176144117595 
0017000016 (0015000015) : 6684.156145921911 
0006000017 (0017000016) : 6898.105809470257 
0019000018 (0006000017) : 8443.667370732675 
