0000000000 (genesis block) : 0 
0010000001 (0000000000) : 301.2708049408338 
0002000002 (0010000001) : 602.0681340115846 
0010000003 (0002000002) : 716.2245679505288 
0018000004 (0010000003) : 1344.7233851809992 
0005000005 (0018000004) : 1542.63805537414 
0017000006 (0005000005) : 1726.1968563890837 
0004000007 (0017000006) : 2754.5628438397757 
0005000008 (0004000007) : 2945.9560612494047 
0017000009 (0005000008) : 3545.686496134268 
0014000010 (0017000009) : 3671.2033974879846 
0005000011 (0014000010) : 4384.377368777628 
0003000012 (0005000011) : 4694.398498884296 
0013000013 (0003000012) : 5338.805888162979 
0007000014 (0013000013) : 5543.245584315285 
0015000015 (0007000014) : 5919.233296624083 
0017000016 (0015000015) : 6684.147859126241 
0006000017 (0017000016) : 6897.945402515953 
0019000018 (0006000017) : 8443.480232718306 
