0000000000 (genesis block) : 0 
0010000001 (0000000000) : 301.30346088209353 
0002000002 (0010000001) : 601.9510280100453 
0010000003 (0002000002) : 716.3766228752727 
0018000004 (0010000003) : 1344.5698375925335 
0005000005 (0018000004) : 1542.4874697564178 
0017000006 (0005000005) : 1726.1416066231116 
0004000007 (0017000006) : 2754.7143601806856 
0005000008 (0004000007) : 2945.8055232418537 
0017000009 (0005000008) : 3545.630709271391 
0014000010 (0017000009) : 3671.140165452149 
0005000011 (0014000010) : 4384.226328174121 
0003000012 (0005000011) : 4694.371772998887 
0013000013 (0003000012) : 5338.823576534941 
0007000014 (0013000013) : 5543.0921428336505 
0015000015 (0007000014) : 5919.079195333716 
0017000016 (0015000015) : 6684.090412115909 
0006000017 (0017000016) : 6897.791758363506 
0019000018 (0006000017) : 8443.424468511066 
