0000000000 (genesis block) : 0 
0010000001 (0000000000) : 301.44691645794825 
0002000002 (0010000001) : 602.9085433014498 
0010000003 (0002000002) : 718.1028390255844 
0018000004 (0010000003) : 1346.3304263928515 
0005000005 (0018000004) : 1544.2597443979068 
0017000006 (0005000005) : 1727.6021320365978 
0004000007 (0017000006) : 2756.7648816577926 
0005000008 (0004000007) : 2947.5736464061 
0017000009 (0005000008) : 3547.090645166719 
0014000010 (0017000009) : 3672.3186081555937 
0005000011 (0014000010) : 4385.9914084258435 
0003000012 (0005000011) : 4695.78843062938 
0013000013 (0003000012) : 5338.67743950725 
0007000014 (0013000013) : 5545.161418134103 
0015000015 (0007000014) : 5920.78406726189 
0017000016 (0015000015) : 6685.5589718026595 
0006000017 (0017000016) : 6899.805465956117 
0019000018 (0006000017) : 8445.365003200872 
