0000000000 (genesis block) : 0 
0010000001 (0000000000) : 301.35429723852246 
0002000002 (0010000001) : 601.7389931014502 
0010000003 (0002000002) : 716.5485862543605 
0018000004 (0010000003) : 1344.4448369589295 
0005000005 (0018000004) : 1542.619484862722 
0017000006 (0005000005) : 1726.2381889040018 
0004000007 (0017000006) : 2755.003259796549 
0005000008 (0004000007) : 2945.9355445401943 
0017000009 (0005000008) : 3545.726583082187 
0014000010 (0017000009) : 3671.018554097844 
0005000011 (0014000010) : 4384.357832836741 
0003000012 (0005000011) : 4694.192056072819 
0013000013 (0003000012) : 5338.827039717301 
0007000014 (0013000013) : 5543.40764169415 
0015000015 (0007000014) : 5919.206746780369 
0017000016 (0015000015) : 6684.188148645868 
0006000017 (0017000016) : 6897.923729056414 
0019000018 (0006000017) : 8443.655444144435 
