0000000000 (genesis block) : 0 
0010000001 (0000000000) : 301.36565723092673 
0002000002 (0010000001) : 602.0132570882927 
0010000003 (0002000002) : 716.4330631800576 
0018000004 (0010000003) : 1344.6316273388852 
0005000005 (0018000004) : 1542.5488017374635 
0017000006 (0005000005) : 1725.9954755119552 
0004000007 (0017000006) : 2754.7643535242432 
0005000008 (0004000007) : 2945.866892727438 
0017000009 (0005000008) : 3545.4843850947987 
0014000010 (0017000009) : 3671.0011637230377 
0005000011 (0014000010) : 4384.2887571557885 
0003000012 (0005000011) : 4694.456833635552 
0013000013 (0003000012) : 5338.967501036356 
0007000014 (0013000013) : 5543.2387367110805 
0015000015 (0007000014) : 5919.225423300738 
0017000016 (0015000015) : 6683.94447774724 
0006000017 (0017000016) : 6897.853891393881 
0019000018 (0006000017) : 8443.27849047595 
