0000000000 (genesis block) : 0 
0010000001 (0000000000) : 301.40906558671537 
0002000002 (0010000001) : 602.1111248102824 
0010000003 (0002000002) : 716.3614653675495 
0018000004 (0010000003) : 1344.8520975798128 
0005000005 (0018000004) : 1542.7445796574616 
0017000006 (0005000005) : 1726.4058610363743 
0004000007 (0017000006) : 2755.174508730439 
0005000008 (0004000007) : 2946.0599414032 
0017000009 (0005000008) : 3545.896392478516 
0014000010 (0017000009) : 3671.4199886516635 
0005000011 (0014000010) : 4384.485854475776 
0003000012 (0005000011) : 4693.786282909068 
0013000013 (0003000012) : 5338.944066464141 
0007000014 (0013000013) : 5543.679205108404 
0015000015 (0007000014) : 5918.79945214619 
0017000016 (0015000015) : 6684.3584473611145 
0006000017 (0017000016) : 6898.331736714358 
0019000018 (0006000017) : 8443.950785491026 
