0000000000 (genesis block) : 0 
0007000001 (0000000000) : 74.45237598616977 
0006000002 (0007000001) : 120.77422381986125 
0001000003 (0006000002) : 231.84500738426772 
0007000004 (0001000003) : 809.9558592553783 
0009000005 (0007000004) : 1116.7081496379712 
0007000006 (0009000005) : 1660.9322538838876 
0004000007 (0007000006) : 6772.064513520349 
0007000008 (0004000007) : 7148.6503903320645 
0004000009 (0007000008) : 7436.802260002627 
0006000010 (0004000009) : 8374.596783932293 
0007000011 (0006000010) : 10005.496630054933 
0000000012 (0007000011) : 12159.8516913898 
0002000013 (0000000012) : 12877.866280448407 
0005000014 (0002000013) : 13424.177574522584 
0007000015 (0005000014) : 14592.89965941368 
0003000016 (0007000015) : 15480.512828605977 
0002000017 (0003000016) : 15481.43554561826 
0009000018 (0002000017) : 15686.029585740254 
0007000019 (0009000018) : 15803.628833583094 
0004000020 (0007000019) : 15960.351081929684 
0007000021 (0004000020) : 16004.496625100906 
0002000022 (0007000021) : 17094.055745925343 
0008000023 (0002000022) : 17430.579560633047 
0006000024 (0008000023) : 19462.58720518497 
0007000025 (0006000024) : 19473.753495191977 
0004000026 (0007000025) : 19928.255335266836 
0007000027 (0004000026) : 20731.251166255508 
0004000028 (0007000027) : 21346.181346399295 
0000000029 (0004000028) : 22532.17509615297 
0007000030 (0000000029) : 22924.28370046245 
0008000031 (0007000030) : 24596.685934809677 
0007000032 (0008000031) : 25133.626291717563 
0004000033 (0007000032) : 26865.347320536635 
0007000034 (0004000033) : 27619.06211316082 
0009000035 (0007000034) : 28005.734149790023 
0007000036 (0009000035) : 28235.02245359092 
0003000037 (0007000036) : 30348.734720192166 
0007000038 (0003000037) : 30518.255066146947 
0008000039 (0007000038) : 30569.769896149828 
0009000040 (0008000039) : 30755.718880821012 
0002000041 (0009000040) : 31062.27488307614 
0007000042 (0002000041) : 32138.079986775003 
0001000043 (0007000042) : 33356.06621816915 
0007000044 (0001000043) : 33938.344389629514 
0009000045 (0007000044) : 36207.54009235892 
0007000046 (0009000045) : 37105.731417531955 
0001000047 (0007000046) : 39148.548820186246 
0000000048 (0001000047) : 39631.84764078165 
0007000049 (0000000048) : 40521.1831445376 
0004000050 (0007000049) : 42125.32327699171 
0008000051 (0004000050) : 42199.912914323984 
0006000052 (0008000051) : 45838.51817643161 
0003000053 (0006000052) : 46131.18775178857 
0009000054 (0003000053) : 46166.014754841104 
0002000055 (0009000054) : 46550.72313979047 
0003000056 (0002000055) : 47490.86642680864 
0007000057 (0003000056) : 48057.97888898599 
0005000058 (0007000057) : 50167.55759817397 
0008000059 (0005000058) : 50297.132391938045 
0002000060 (0008000059) : 50359.26401591828 
0001000061 (0002000060) : 51015.70753036128 
0002000062 (0001000061) : 51025.41113484054 
0007000063 (0002000062) : 51365.60309577439 
0006000064 (0007000063) : 52112.38774124779 
0007000065 (0006000064) : 52495.68286865814 
0002000066 (0007000065) : 52833.2430534416 
0007000067 (0002000066) : 53228.577555221396 
0000000068 (0007000067) : 56091.90981293342 
0009000069 (0000000068) : 57304.43548946404 
0003000070 (0009000069) : 57618.62821669864 
0000000071 (0003000070) : 60200.903176695196 
0007000072 (0000000071) : 61051.644501955154 
0002000073 (0007000072) : 61209.076053889614 
0008000074 (0002000073) : 61746.44287591616 
0007000075 (0008000074) : 62023.42158082808 
0008000076 (0007000075) : 64125.50916769328 
0005000077 (0008000076) : 64156.606577286104 
0002000078 (0005000077) : 64271.03979518762 
0004000079 (0002000078) : 65183.55746106332 
0007000080 (0004000079) : 65902.42690900703 
0004000081 (0007000080) : 67965.39479301563 
0007000082 (0004000081) : 69880.95306344991 
0008000083 (0007000082) : 71226.52593817662 
0007000084 (0008000083) : 71810.04432163853 
0002000085 (0007000084) : 74221.893590936 
0009000086 (0002000085) : 74455.0188795256 
0002000087 (0009000086) : 75015.12213964225 
0007000088 (0002000087) : 75029.35509828314 
0004000089 (0007000088) : 75216.11764270935 
0007000090 (0004000089) : 75789.64403163688 
0001000091 (0007000090) : 76743.68392715076 
0007000092 (0001000091) : 77534.88377270605 
0006000093 (0007000092) : 77890.13472300698 
0007000094 (0006000093) : 78345.29352227967 
0001000095 (0007000094) : 79375.53906057503 
0007000096 (0001000095) : 79723.77986347734 
0005000097 (0007000096) : 79894.80930058655 
0007000098 (0005000097) : 81539.84543733121 
0008000099 (0007000098) : 82449.27866592939 
0007000100 (0008000099) : 83603.5256243193 
0002000101 (0007000100) : 85807.92831314243 
0007000102 (0002000101) : 86164.80529917154 
0006000103 (0007000102) : 86301.60903219685 
0007000104 (0006000103) : 87620.28779846414 
0003000105 (0007000104) : 87939.31989337064 
0007000106 (0003000105) : 88716.35126449235 
0009000107 (0007000106) : 88767.04619348724 
0007000108 (0009000107) : 89288.0950870401 
0000000109 (0007000108) : 92772.0317827962 
0002000110 (0000000109) : 92840.7964859014 
0007000111 (0002000110) : 93157.63828183 
0004000112 (0007000111) : 93665.6264671636 
0007000113 (0004000112) : 94041.23435856767 
0006000114 (0007000113) : 97279.2119839969 
0007000115 (0006000114) : 99437.0705718856 
