0000000000 (genesis block) : 0 
0007000001 (0000000000) : 74.55938651354887 
0006000002 (0007000001) : 120.8009938664497 
0001000003 (0006000002) : 231.7845851927321 
0007000004 (0001000003) : 810.0628350057772 
0009000005 (0007000004) : 1116.7352319622184 
0007000006 (0009000005) : 1661.0376286624012 
0004000007 (0007000006) : 6772.006190280339 
0007000008 (0004000007) : 7148.7591667846 
0004000009 (0007000008) : 7436.744872413883 
0006000010 (0004000009) : 8374.623382328693 
0007000011 (0006000010) : 10005.60200326248 
0000000012 (0007000011) : 12159.956969977884 
0002000013 (0000000012) : 12877.84726737456 
0005000014 (0002000013) : 13424.20794459467 
0007000015 (0005000014) : 14593.004544805524 
0003000016 (0007000015) : 15480.491432836918 
0002000017 (0003000016) : 15481.415281193364 
0009000018 (0002000017) : 15686.060832113983 
0007000019 (0009000018) : 15803.73478172701 
0004000020 (0007000019) : 15960.28701139108 
0007000021 (0004000020) : 16004.602546029928 
0002000022 (0007000021) : 17094.03465573482 
0008000023 (0002000022) : 17430.47235205696 
0006000024 (0008000023) : 19462.615287197397 
0007000025 (0006000024) : 19473.858845285704 
0004000026 (0007000025) : 19928.1964698104 
0007000027 (0004000026) : 20731.36228343357 
0004000028 (0007000027) : 21346.122060788068 
0000000029 (0004000028) : 22532.282271779997 
0007000030 (0000000029) : 22924.392302319924 
0008000031 (0007000030) : 24596.579215282083 
0007000032 (0008000031) : 25133.733190062874 
0004000033 (0007000032) : 26865.286515301716 
0007000034 (0004000033) : 27619.170501279328 
0009000035 (0007000034) : 28005.764751132876 
0007000036 (0009000035) : 28235.130814373373 
0003000037 (0007000036) : 30348.7142741676 
0007000038 (0003000037) : 30518.360527047676 
0008000039 (0007000038) : 30569.66228830504 
0009000040 (0008000039) : 30755.745035908807 
0002000041 (0009000040) : 31062.254170441895 
0007000042 (0002000041) : 32138.18590058667 
0001000043 (0007000042) : 33356.00413436972 
0007000044 (0001000043) : 33938.45156398787 
0009000045 (0007000044) : 36207.567190909394 
0007000046 (0009000045) : 37105.8361547959 
0001000047 (0007000046) : 39148.48879586615 
0000000048 (0001000047) : 39631.95594648638 
0007000049 (0000000048) : 40521.28871184024 
0004000050 (0007000049) : 42125.263155739245 
0008000051 (0004000050) : 42199.80545903352 
0006000052 (0008000051) : 45838.54747229304 
0003000053 (0006000052) : 46131.16708786225 
0009000054 (0003000053) : 46166.0423025942 
0002000055 (0009000054) : 46550.70767385949 
0003000056 (0002000055) : 47490.84731797522 
0007000057 (0003000056) : 48058.08790066167 
0005000058 (0007000057) : 50167.584979089595 
0008000059 (0005000058) : 50297.02398900272 
0002000060 (0008000059) : 50359.24348014653 
0001000061 (0002000060) : 51015.65008006406 
0002000062 (0001000061) : 51025.39492558088 
0007000063 (0002000062) : 51365.711357192566 
0006000064 (0007000063) : 52112.413437276206 
0007000065 (0006000064) : 52495.78827288549 
0002000066 (0007000065) : 52833.22280729214 
0007000067 (0002000066) : 53228.68399123771 
0000000068 (0007000067) : 56092.016659416506 
0009000069 (0000000068) : 57304.46286383857 
0003000070 (0009000069) : 57618.60540940463 
0000000071 (0003000070) : 60201.00970688694 
0007000072 (0000000071) : 61051.75055270331 
0002000073 (0007000072) : 61209.053859760934 
0008000074 (0002000073) : 61746.335286939204 
0007000075 (0008000074) : 62023.527843424 
0008000076 (0007000075) : 64125.40281020074 
0005000077 (0008000076) : 64156.63605595676 
0002000078 (0005000077) : 64271.020455288395 
0004000079 (0002000078) : 65183.49554282979 
0007000080 (0004000079) : 65902.53169650257 
0004000081 (0007000080) : 67965.33606764526 
0007000082 (0004000081) : 69881.06157195117 
0008000083 (0007000082) : 71226.42097165722 
0007000084 (0008000083) : 71810.15045447912 
0002000085 (0007000084) : 74221.8723816265 
0009000086 (0002000085) : 74455.04595667348 
0002000087 (0009000086) : 75015.1029783039 
0007000088 (0002000087) : 75029.46047895691 
0004000089 (0007000088) : 75216.05576940053 
0007000090 (0004000089) : 75789.74949708601 
0001000091 (0007000090) : 76743.62295960725 
0007000092 (0001000091) : 77534.98908543511 
0006000093 (0007000092) : 77890.16712088803 
0007000094 (0006000093) : 78345.40050966917 
0001000095 (0007000094) : 79375.47740467847 
0007000096 (0001000095) : 79723.88464774853 
0005000097 (0007000096) : 79894.83731597758 
0007000098 (0005000097) : 81539.9504351667 
0008000099 (0007000098) : 82449.1727297376 
0007000100 (0008000099) : 83603.63344445333 
0002000101 (0007000100) : 85807.90662731823 
0007000102 (0002000101) : 86164.91740070962 
0006000103 (0007000102) : 86301.6345685407 
0007000104 (0006000103) : 87620.39377265821 
0003000105 (0007000104) : 87939.29935345154 
0007000106 (0003000105) : 88716.45926561116 
0009000107 (0007000106) : 88767.07495345765 
0007000108 (0009000107) : 89288.1997919253 
0000000109 (0007000108) : 92772.13763256648 
0002000110 (0000000109) : 92840.77529162948 
0007000111 (0002000110) : 93157.74681625527 
0004000112 (0007000111) : 93665.56620404155 
0007000113 (0004000112) : 94041.34075306638 
0006000114 (0007000113) : 97279.23819663697 
0007000115 (0006000114) : 99437.17914397136 
