0000000000 (genesis block) : 0 
0007000001 (0000000000) : 74.22866232302972 
0006000002 (0007000001) : 120.99905192011798 
0001000003 (0006000002) : 232.0681184179629 
0007000004 (0001000003) : 809.7325696950487 
0009000005 (0007000004) : 1116.9315157036433 
0007000006 (0009000005) : 1660.708957987823 
0004000007 (0007000006) : 6772.101092995452 
0007000008 (0004000007) : 7148.4227221020665 
0004000009 (0007000008) : 7436.842878668549 
0006000010 (0004000009) : 8374.819872019742 
0007000011 (0006000010) : 10005.269934321515 
0000000012 (0007000011) : 12160.077300432136 
0002000013 (0000000012) : 12877.901388579945 
0005000014 (0002000013) : 13424.400668773713 
0007000015 (0005000014) : 14592.676365117653 
0003000016 (0007000015) : 15480.547583830288 
0002000017 (0003000016) : 15481.473578372981 
0009000018 (0002000017) : 15686.253979411576 
0007000019 (0009000018) : 15803.404375624925 
0004000020 (0007000019) : 15960.38830129794 
0007000021 (0004000020) : 16004.273327633164 
0002000022 (0007000021) : 17094.091279453547 
0008000023 (0002000022) : 17430.80432066397 
0006000024 (0008000023) : 19462.81108169577 
0007000025 (0006000024) : 19473.53009372609 
0004000026 (0007000025) : 19928.292989702208 
0007000027 (0004000026) : 20731.028048131797 
0004000028 (0007000027) : 21346.22247958314 
0000000029 (0004000028) : 22532.39833145177 
0007000030 (0000000029) : 22924.06058124327 
0008000031 (0007000030) : 24596.909268786156 
0007000032 (0008000031) : 25133.403082364595 
0004000033 (0007000032) : 26865.384715742475 
0007000034 (0004000033) : 27618.838716440638 
0009000035 (0007000034) : 28005.95776074046 
0007000036 (0009000035) : 28234.798791582485 
0003000037 (0007000036) : 30348.769673254814 
0007000038 (0003000037) : 30518.03182944108 
0008000039 (0007000038) : 30569.994907025473 
0009000040 (0008000039) : 30755.94218608951 
0002000041 (0009000040) : 31062.310093414304 
0007000042 (0002000041) : 32137.85609042974 
0001000043 (0007000042) : 33356.289422140384 
0007000044 (0001000043) : 33938.121276830716 
0009000045 (0007000044) : 36207.76581963193 
0007000046 (0009000045) : 37105.50803524875 
0001000047 (0007000046) : 39148.772105480144 
0000000048 (0001000047) : 39632.0707740266 
0007000049 (0000000048) : 40520.958331882954 
0004000050 (0007000049) : 42125.361233157935 
0008000051 (0004000050) : 42200.13759880848 
0006000052 (0008000051) : 45838.742878124445 
0003000053 (0006000052) : 46131.22292279315 
0009000054 (0003000053) : 46166.23805860603 
0002000055 (0009000054) : 46550.75910815167 
0003000056 (0002000055) : 47490.901073159 
0007000057 (0003000056) : 48057.754128773566 
0005000058 (0007000057) : 50167.783644791634 
0008000059 (0005000058) : 50297.35549073497 
0002000060 (0008000059) : 50359.29954767114 
0001000061 (0002000060) : 51015.93085422379 
0002000062 (0001000061) : 51025.449473158755 
0007000063 (0002000062) : 51365.37934284865 
0006000064 (0007000063) : 52112.61192558978 
0007000065 (0006000064) : 52495.459822786506 
0002000066 (0007000065) : 52833.27789541248 
0007000067 (0002000066) : 53228.35264207214 
0000000068 (0007000067) : 56092.1351257778 
0009000069 (0000000068) : 57304.65933449 
0003000070 (0009000069) : 57618.6613178332 
0000000071 (0003000070) : 60201.12742786653 
0007000072 (0000000071) : 61051.4201494862 
0002000073 (0007000072) : 61209.11055520735 
0008000074 (0002000073) : 61746.66666267668 
0007000075 (0008000074) : 62023.19691014257 
0008000076 (0007000075) : 64125.73328399775 
0005000077 (0008000076) : 64156.83134992322 
0002000078 (0005000077) : 64271.07562598122 
0004000079 (0002000078) : 65183.59443467702 
0007000080 (0004000079) : 65902.20296331681 
0004000081 (0007000080) : 67965.43344540839 
0007000082 (0004000081) : 69880.729649187 
0008000083 (0007000082) : 71226.75081180221 
0007000084 (0008000083) : 71809.82121513832 
0002000085 (0007000084) : 74221.92808602104 
0009000086 (0002000085) : 74455.24449026318 
0002000087 (0009000086) : 75015.15744255808 
0007000088 (0002000087) : 75029.13005574647 
0004000089 (0007000088) : 75216.1508605696 
0007000090 (0004000089) : 75789.4189490374 
0001000091 (0007000090) : 76743.90709414886 
0007000092 (0001000091) : 77534.66027741523 
0006000093 (0007000092) : 77890.35858424366 
0007000094 (0006000093) : 78345.07011503894 
0001000095 (0007000094) : 79375.7629570865 
0007000096 (0001000095) : 79723.55509904497 
0005000097 (0007000096) : 79895.03254479189 
0007000098 (0005000097) : 81539.6202059318 
0008000099 (0007000098) : 82449.50264040823 
0007000100 (0008000099) : 83603.30219018858 
0002000101 (0007000100) : 85807.9644419332 
0007000102 (0002000101) : 86164.58223984715 
0006000103 (0007000102) : 86301.83419763485 
0007000104 (0006000103) : 87620.0641807797 
0003000105 (0007000104) : 87939.35555870095 
0007000106 (0003000105) : 88716.12770544231 
0009000107 (0007000106) : 88767.2698613275 
0007000108 (0009000107) : 89287.87145407504 
0000000109 (0007000108) : 92772.25730979466 
0002000110 (0000000109) : 92840.83130203419 
0007000111 (0002000110) : 93157.41459025408 
0004000112 (0007000111) : 93665.66405749043 
0007000113 (0004000112) : 94041.01052196384 
0006000114 (0007000113) : 97279.43677620843 
0007000115 (0006000114) : 99436.84716798716 
