0000000000 (genesis block) : 0 
0007000001 (0000000000) : 74.53632548577855 
0006000002 (0007000001) : 120.77860376663864 
0001000003 (0006000002) : 231.76223736315663 
0007000004 (0001000003) : 810.0396741712017 
0009000005 (0007000004) : 1116.7128192613836 
0007000006 (0009000005) : 1661.0151614303943 
0004000007 (0007000006) : 6771.982547483135 
0007000008 (0004000007) : 7148.734947419186 
0004000009 (0007000008) : 7436.720453033316 
0006000010 (0004000009) : 8374.600965542033 
0007000011 (0006000010) : 10005.57871709327 
0000000012 (0007000011) : 12159.934348692255 
0002000013 (0000000012) : 12877.822447028597 
0005000014 (0002000013) : 13424.184208043824 
0007000015 (0005000014) : 14592.982125542017 
0003000016 (0007000015) : 15480.468836055283 
0002000017 (0003000016) : 15481.392665382495 
0009000018 (0002000017) : 15686.034607957366 
0007000019 (0009000018) : 15803.711143517417 
0004000020 (0007000019) : 15960.264465402 
0007000021 (0004000020) : 16004.58016658327 
0002000022 (0007000021) : 17094.012096575865 
0008000023 (0002000022) : 17430.49604270494 
0006000024 (0008000023) : 19462.592994124134 
0007000025 (0006000024) : 19473.83638268559 
0004000026 (0007000025) : 19928.172800949433 
0007000027 (0004000026) : 20731.338414074788 
0004000028 (0007000027) : 21346.09861825098 
0000000029 (0004000028) : 22532.259215132755 
0007000030 (0000000029) : 22924.369807077997 
0008000031 (0007000030) : 24596.603329514688 
0007000032 (0008000031) : 25133.710324027692 
0004000033 (0007000032) : 26865.264191246817 
0007000034 (0004000033) : 27619.145182301767 
0009000035 (0007000034) : 28005.741097817463 
0007000036 (0009000035) : 28235.10589216804 
0003000037 (0007000036) : 30348.691430292532 
0007000038 (0003000037) : 30518.338192421463 
0008000039 (0007000038) : 30569.6867914574 
0009000040 (0008000039) : 30755.722207844574 
0002000041 (0009000040) : 31062.231636592653 
0007000042 (0002000041) : 32138.162889517185 
0001000043 (0007000042) : 33355.981841652276 
0007000044 (0001000043) : 33938.42838507812 
0009000045 (0007000044) : 36207.54455277729 
0007000046 (0009000045) : 37105.813851266015 
0001000047 (0007000046) : 39148.4659214641 
0000000048 (0001000047) : 39631.93218337873 
0007000049 (0000000048) : 40521.264926522126 
0004000050 (0007000049) : 42125.24079267111 
0008000051 (0004000050) : 42199.82853728274 
0006000052 (0008000051) : 45838.52213373481 
0003000053 (0006000052) : 46131.143135527025 
0009000054 (0003000053) : 46166.019332379736 
0002000055 (0009000054) : 46550.68431044786 
0003000056 (0002000055) : 47490.824067135945 
0007000057 (0003000056) : 48058.06557756724 
0005000058 (0007000057) : 50167.56249818904 
0008000059 (0005000058) : 50297.047963813 
0002000060 (0008000059) : 50359.22064686613 
0001000061 (0002000060) : 51015.624953859995 
0002000062 (0001000061) : 51025.372439647355 
0007000063 (0002000062) : 51365.687468654745 
0006000064 (0007000063) : 52112.38934994838 
0007000065 (0006000064) : 52495.765491292324 
0002000066 (0007000065) : 52833.19895035509 
0007000067 (0002000066) : 53228.66063054824 
0000000068 (0007000067) : 56091.99290476436 
0009000069 (0000000068) : 57304.440386871196 
0003000070 (0009000069) : 57618.582461785496 
0000000071 (0003000070) : 60200.98634778264 
0007000072 (0000000071) : 61051.7281777564 
0002000073 (0007000072) : 61209.030540732 
0008000074 (0002000073) : 61746.359610866 
0007000075 (0008000074) : 62023.50512622933 
0008000076 (0007000075) : 64125.42619329753 
0005000077 (0008000076) : 64156.612001222384 
0002000078 (0005000077) : 64270.997061308044 
0004000079 (0002000078) : 65183.472957267404 
0007000080 (0004000079) : 65902.5090397146 
0004000081 (0007000080) : 67965.3128332175 
0007000082 (0004000081) : 69881.03867898896 
0008000083 (0007000082) : 71226.4439406357 
0007000084 (0008000083) : 71810.12779839525 
0002000085 (0007000084) : 74221.84953133782 
0009000086 (0002000085) : 74455.023113209 
0002000087 (0009000086) : 75015.0774202209 
0007000088 (0002000087) : 75029.43794713453 
0004000089 (0007000088) : 75216.03317603824 
0007000090 (0004000089) : 75789.72620196827 
0001000091 (0007000090) : 76743.60070612049 
0007000092 (0001000091) : 77534.96682282633 
0006000093 (0007000092) : 77890.14123936459 
0007000094 (0006000093) : 78345.37825436033 
0001000095 (0007000094) : 79375.45414702102 
0007000096 (0001000095) : 79723.86213705593 
0005000097 (0007000096) : 79894.81367060958 
0007000098 (0005000097) : 81539.92792054982 
0008000099 (0007000098) : 82449.195904326 
0007000100 (0008000099) : 83603.6099446929 
0002000101 (0007000100) : 85807.88367294024 
0007000102 (0002000101) : 86164.8941195616 
0006000103 (0007000102) : 86301.61177569111 
0007000104 (0006000103) : 87620.36972393176 
0003000105 (0007000104) : 87939.27582496431 
0007000106 (0003000105) : 88716.43498759402 
0009000107 (0007000106) : 88767.05123479769 
0007000108 (0009000107) : 89288.17708073638 
0000000109 (0007000108) : 92772.11391942072 
0002000110 (0000000109) : 92840.75266579294 
0007000111 (0002000110) : 93157.72071117425 
0004000112 (0007000111) : 93665.54204229118 
0007000113 (0004000112) : 94041.31847982196 
0006000114 (0007000113) : 97279.21549289551 
0007000115 (0006000114) : 99437.1563007808 
