0000000000 (genesis block) : 0 
0007000001 (0000000000) : 74.49287371365374 
0006000002 (0007000001) : 120.73494600356035 
0001000003 (0006000002) : 231.80631357170589 
0007000004 (0001000003) : 809.9965379208122 
0009000005 (0007000004) : 1116.6694012846674 
0007000006 (0009000005) : 1660.9710438064114 
0004000007 (0007000006) : 6772.025860984463 
0007000008 (0004000007) : 7148.6913091038205 
0004000009 (0007000008) : 7436.763629957823 
0006000010 (0004000009) : 8374.556946005348 
0007000011 (0006000010) : 10005.535309701278 
0000000012 (0007000011) : 12159.890563728628 
0002000013 (0000000012) : 12877.828912525423 
0005000014 (0002000013) : 13424.13878332173 
0007000015 (0005000014) : 14592.938749143581 
0003000016 (0007000015) : 15480.51330201723 
0002000017 (0003000016) : 15481.396703070559 
0009000018 (0002000017) : 15685.990684480928 
0007000019 (0009000018) : 15803.667969619 
0004000020 (0007000019) : 15960.310132131402 
0007000021 (0004000020) : 16004.535336418074 
0002000022 (0007000021) : 17094.0188129845 
0008000023 (0002000022) : 17430.539622898614 
0006000024 (0008000023) : 19462.5469931434 
0007000025 (0006000024) : 19473.79264018014 
0004000026 (0007000025) : 19928.216683145416 
0007000027 (0004000026) : 20731.29390009804 
0004000028 (0007000027) : 21346.14250352557 
0000000029 (0004000028) : 22532.214168244955 
0007000030 (0000000029) : 22924.32649090951 
0008000031 (0007000030) : 24596.646658106984 
0007000032 (0008000031) : 25133.6671826757 
0004000033 (0007000032) : 26865.307457749255 
0007000034 (0004000033) : 27619.101206135394 
0009000035 (0007000034) : 28005.695427142422 
0007000036 (0009000035) : 28235.061101859705 
0003000037 (0007000036) : 30348.735209508282 
0007000038 (0003000037) : 30518.293837632584 
0008000039 (0007000038) : 30569.731017241902 
0009000040 (0008000039) : 30755.679066368888 
0002000041 (0009000040) : 31062.236152314224 
0007000042 (0002000041) : 32138.118812059965 
0001000043 (0007000042) : 33356.025738195814 
0007000044 (0001000043) : 33938.3844452657 
0009000045 (0007000044) : 36207.50141771681 
0007000046 (0009000045) : 37105.77006889417 
0001000047 (0007000046) : 39148.509558407495 
0000000048 (0001000047) : 39631.88663324191 
0007000049 (0000000048) : 40521.22177486325 
0004000050 (0007000049) : 42125.28464039072 
0008000051 (0004000050) : 42199.8730960954 
0006000052 (0008000051) : 45838.478340615555 
0003000053 (0006000052) : 46131.18664689667 
0009000054 (0003000053) : 46165.97527236856 
0002000055 (0009000054) : 46550.68795095322 
0003000056 (0002000055) : 47490.867507093 
0007000057 (0003000056) : 48058.02183726747 
0005000058 (0007000057) : 50167.51893670951 
0008000059 (0005000058) : 50297.092866599734 
0002000060 (0008000059) : 50359.22460493994 
0001000061 (0002000060) : 51015.668304762774 
0002000062 (0001000061) : 51025.372007851416 
0007000063 (0002000062) : 51365.64262975219 
0006000064 (0007000063) : 52112.3461796512 
0007000065 (0006000064) : 52495.722035763174 
0002000066 (0007000065) : 52833.20507106194 
0007000067 (0002000066) : 53228.61740710155 
0000000068 (0007000067) : 56091.948805146945 
0009000069 (0000000068) : 57304.39581830602 
0003000070 (0009000069) : 57618.62709774971 
0000000071 (0003000070) : 60200.94193659421 
0007000072 (0000000071) : 61051.683211943826 
0002000073 (0007000072) : 61209.036652638286 
0008000074 (0002000073) : 61746.402760211 
0007000075 (0008000074) : 62023.461510307214 
0008000076 (0007000075) : 64125.47020385556 
0005000077 (0008000076) : 64156.56747416242 
0002000078 (0005000077) : 64270.999894278044 
0004000079 (0002000078) : 65183.51655198253 
0007000080 (0004000079) : 65902.46556314432 
0004000081 (0007000080) : 67965.35610799213 
0007000082 (0004000081) : 69880.99198982156 
0008000083 (0007000082) : 71226.4872163912 
0007000084 (0008000083) : 71810.08371749448 
0002000085 (0007000084) : 74221.85544972753 
0009000086 (0002000085) : 74454.97990965594 
0002000087 (0009000086) : 75015.08249618938 
0007000088 (0002000087) : 75029.39477056869 
0004000089 (0007000088) : 75216.07642704585 
0007000090 (0004000089) : 75789.68282639603 
0001000091 (0007000090) : 76743.64525935409 
0007000092 (0001000091) : 77534.92293502041 
0006000093 (0007000092) : 77890.09570590324 
0007000094 (0006000093) : 78345.33417224926 
0001000095 (0007000094) : 79375.49748686147 
0007000096 (0001000095) : 79723.81890720656 
0005000097 (0007000096) : 79894.76972115535 
0007000098 (0005000097) : 81539.88409511551 
0008000099 (0007000098) : 82449.23943764223 
0007000100 (0008000099) : 83603.56594223596 
0002000101 (0007000100) : 85807.88963235481 
0007000102 (0002000101) : 86164.8465152457 
0006000103 (0007000102) : 86301.56860023722 
0007000104 (0006000103) : 87620.32642184092 
0003000105 (0007000104) : 87939.32004036357 
0007000106 (0003000105) : 88716.39175749941 
0009000107 (0007000106) : 88767.00675994085 
0007000108 (0009000107) : 89288.13393238648 
0000000109 (0007000108) : 92772.07058041295 
0002000110 (0000000109) : 92840.75981257991 
0007000111 (0002000110) : 93157.67719817738 
0004000112 (0007000111) : 93665.58700077508 
0007000113 (0004000112) : 94041.27486438987 
0006000114 (0007000113) : 97279.17186395466 
0007000115 (0006000114) : 99437.11271702721 
