0000000000 (genesis block) : 0 
0007000001 (0000000000) : 74.42788669402444 
0006000002 (0007000001) : 120.9011983697815 
0001000003 (0006000002) : 231.88079911780943 
0007000004 (0001000003) : 809.9328097620566 
0009000005 (0007000004) : 1116.8319630414292 
0007000006 (0009000005) : 1660.9071233247096 
0004000007 (0007000006) : 6771.902983907824 
0007000008 (0004000007) : 7148.623829743638 
0004000009 (0007000008) : 7436.643763668971 
0006000010 (0004000009) : 8374.720646566877 
0007000011 (0006000010) : 10005.468289039705 
0000000012 (0007000011) : 12160.01939492359 
0002000013 (0000000012) : 12877.70321305596 
0005000014 (0002000013) : 13424.202491121057 
0007000015 (0005000014) : 14592.878439690247 
0003000016 (0007000015) : 15480.348075536138 
0002000017 (0003000016) : 15481.272674598305 
0009000018 (0002000017) : 15686.153212890864 
0007000019 (0009000018) : 15803.604518621953 
0004000020 (0007000019) : 15960.187452244008 
0007000021 (0004000020) : 16004.472017574299 
0002000022 (0007000021) : 17093.89184196137 
0008000023 (0002000022) : 17430.615016267457 
0006000024 (0008000023) : 19462.714245379007 
0007000025 (0006000024) : 19473.728636454416 
0004000026 (0007000025) : 19928.09465025053 
0007000027 (0004000026) : 20731.23050409166 
0004000028 (0007000027) : 21346.02309320937 
0000000029 (0004000028) : 22532.341406627806 
0007000030 (0000000029) : 22924.26025819343 
0008000031 (0007000030) : 24596.72443403343 
0007000032 (0008000031) : 25133.60142439427 
0004000033 (0007000032) : 26865.18649860208 
0007000034 (0004000033) : 27619.03796732485 
0009000035 (0007000034) : 28005.863488908584 
0007000036 (0009000035) : 28234.996861372398 
0003000037 (0007000036) : 30348.570569904587 
0007000038 (0003000037) : 30518.230190431994 
0008000039 (0007000038) : 30569.805638791444 
0009000040 (0008000039) : 30755.841301877936 
0002000041 (0009000040) : 31062.11166641349 
0007000042 (0002000041) : 32138.05458321868 
0001000043 (0007000042) : 33356.10116068621 
0007000044 (0001000043) : 33938.32081982963 
0009000045 (0007000044) : 36207.664950201695 
0007000046 (0009000045) : 37105.706587290835 
0001000047 (0007000046) : 39148.5850679192 
0000000048 (0001000047) : 39632.01107455544 
0007000049 (0000000048) : 40521.15743518802 
0004000050 (0007000049) : 42125.163086355205 
0008000051 (0004000050) : 42199.94894135269 
0006000052 (0008000051) : 45838.64139646481 
0003000053 (0006000052) : 46131.024547780304 
0009000054 (0003000053) : 46166.13916285161 
0002000055 (0009000054) : 46550.559814835855 
0003000056 (0002000055) : 47490.7018560328 
0007000057 (0003000056) : 48057.952658232876 
0005000058 (0007000057) : 50167.58551825425 
0008000059 (0005000058) : 50297.166633717374 
0002000060 (0008000059) : 50359.10048996782 
0001000061 (0002000060) : 51015.74592558137 
0002000062 (0001000061) : 51025.25079890042 
0007000063 (0002000062) : 51365.5776815294 
0006000064 (0007000063) : 52112.5104918282 
0007000065 (0006000064) : 52495.65821574895 
0002000066 (0007000065) : 52833.079717322646 
0007000067 (0002000066) : 53228.55341256596 
0000000068 (0007000067) : 56092.0729947218 
0009000069 (0000000068) : 57304.56306274784 
0003000070 (0009000069) : 57618.46225354601 
0000000071 (0003000070) : 60201.06638389828 
0007000072 (0000000071) : 61051.61896845441 
0002000073 (0007000072) : 61208.91161180461 
0008000074 (0002000073) : 61746.47893315617 
0007000075 (0008000074) : 62023.39499307084 
0008000076 (0007000075) : 64125.55000338339 
0005000077 (0008000076) : 64156.6367441872 
0002000078 (0005000077) : 64270.87646246953 
0004000079 (0002000078) : 65183.39629687531 
0007000080 (0004000079) : 65902.40117558645 
0004000081 (0007000080) : 67965.23495069382 
0007000082 (0004000081) : 69880.92925793646 
0008000083 (0007000082) : 71226.56420659086 
0007000084 (0008000083) : 71810.02095628543 
0002000085 (0007000084) : 74221.72986652826 
0009000086 (0002000085) : 74455.14211736669 
0002000087 (0009000086) : 75014.95839520879 
0007000088 (0002000087) : 75029.32867722497 
0004000089 (0007000088) : 75215.95269525939 
0007000090 (0004000089) : 75789.61757084326 
0001000091 (0007000090) : 76743.72229390165 
0007000092 (0001000091) : 77534.85971994487 
0006000093 (0007000092) : 77890.26054418246 
0007000094 (0006000093) : 78345.27068452741 
0001000095 (0007000094) : 79375.57443233654 
0007000096 (0001000095) : 79723.75333582885 
0005000097 (0007000096) : 79894.83335773359 
0007000098 (0005000097) : 81539.81855569573 
0008000099 (0007000098) : 82449.31613273744 
0007000100 (0008000099) : 83603.50058448336 
0002000101 (0007000100) : 85807.76514639103 
0007000102 (0002000101) : 86164.78144454255 
0006000103 (0007000102) : 86301.73052265006 
0007000104 (0006000103) : 87620.26286862424 
0003000105 (0007000104) : 87939.15643031921 
0007000106 (0003000105) : 88716.32604347565 
0009000107 (0007000106) : 88767.17101294069 
0007000108 (0009000107) : 89288.07135594876 
0000000109 (0007000108) : 92772.19556875018 
0002000110 (0000000109) : 92840.63295271908 
0007000111 (0002000110) : 93157.61340519552 
0004000112 (0007000111) : 93665.46486711595 
0007000113 (0004000112) : 94041.20900405855 
0006000114 (0007000113) : 97279.33692352091 
0007000115 (0006000114) : 99437.04566005108 
