0000000000 (genesis block) : 0 
0007000001 (0000000000) : 74.60912468149644 
0006000002 (0007000001) : 120.85238833140883 
0001000003 (0006000002) : 231.92297425540667 
0007000004 (0001000003) : 810.1124513794814 
0009000005 (0007000004) : 1116.5515302067656 
0007000006 (0009000005) : 1661.0868075632116 
0004000007 (0007000006) : 6772.141877240416 
0007000008 (0004000007) : 7148.807539749153 
0004000009 (0007000008) : 7436.8796611197 
0006000010 (0004000009) : 8374.673144710714 
0007000011 (0006000010) : 10005.651891109246 
0000000012 (0007000011) : 12160.006800847681 
0002000013 (0000000012) : 12877.923181723609 
0005000014 (0002000013) : 13424.254569329225 
0007000015 (0005000014) : 14593.054747078706 
0003000016 (0007000015) : 15480.62911608409 
0002000017 (0003000016) : 15481.490615950146 
0009000018 (0002000017) : 15685.874795236425 
0007000019 (0009000018) : 15803.785329064665 
0004000020 (0007000019) : 15960.426884637349 
0007000021 (0004000020) : 16004.651096251995 
0002000022 (0007000021) : 17094.11146415455 
0008000023 (0002000022) : 17430.656265209043 
0006000024 (0008000023) : 19462.663635880246 
0007000025 (0006000024) : 19473.908988857955 
0004000026 (0007000025) : 19928.33427998923 
0007000027 (0004000026) : 20731.41138248207 
0004000028 (0007000027) : 21346.258397010995 
0000000029 (0004000028) : 22532.330447239834 
0007000030 (0000000029) : 22924.443014849443 
0008000031 (0007000030) : 24596.763474816085 
0007000032 (0008000031) : 25133.78341282915 
0004000033 (0007000032) : 26865.424067264066 
0007000034 (0004000033) : 27619.217115377916 
0009000035 (0007000034) : 28005.579343127334 
0007000036 (0009000035) : 28235.17826606678 
0003000037 (0007000036) : 30348.851265234236 
0007000038 (0003000037) : 30518.40995673348 
0008000039 (0007000038) : 30569.848178085096 
0009000040 (0008000039) : 30755.56322381935 
0002000041 (0009000040) : 31062.33146224073 
0007000042 (0002000041) : 32138.234889819516 
0001000043 (0007000042) : 33356.141569393716 
0007000044 (0001000043) : 33938.50027194267 
0009000045 (0007000044) : 36207.38453469964 
0007000046 (0009000045) : 37105.88781536411 
0001000047 (0007000046) : 39148.62614848727 
0000000048 (0001000047) : 39632.00252941035 
0007000049 (0000000048) : 40521.338796556935 
0004000050 (0007000049) : 42125.40400853978 
0008000051 (0004000050) : 42199.990929742344 
0006000052 (0008000051) : 45838.5979592109 
0003000053 (0006000052) : 46131.305054876284 
0009000054 (0003000053) : 46165.85944457701 
0002000055 (0009000054) : 46550.77884713968 
0003000056 (0002000055) : 47490.98381276953 
0007000057 (0003000056) : 48058.13766378724 
0005000058 (0007000057) : 50167.63537269067 
0008000059 (0005000058) : 50297.20994951796 
0002000060 (0008000059) : 50359.31897436043 
0001000061 (0002000060) : 51015.78440143464 
0002000062 (0001000061) : 51025.466814141946 
0007000063 (0002000062) : 51365.75987875114 
0006000064 (0007000063) : 52112.46235718092 
0007000065 (0006000064) : 52495.83969050066 
0002000066 (0007000065) : 52833.29924035314 
0007000067 (0002000066) : 53228.73338278057 
0000000068 (0007000067) : 56092.06527875068 
0009000069 (0000000068) : 57304.2799228453 
0003000070 (0009000069) : 57618.74379453519 
0000000071 (0003000070) : 60201.05879675871 
0007000072 (0000000071) : 61051.798997649974 
0002000073 (0007000072) : 61209.13072506389 
0008000074 (0002000073) : 61746.52060655843 
0007000075 (0008000074) : 62023.577424152514 
0008000076 (0007000075) : 64125.58738805295 
0005000077 (0008000076) : 64156.683428008466 
0002000078 (0005000077) : 64271.09552885203 
0004000079 (0002000078) : 65183.6329103909 
0007000080 (0004000079) : 65902.58199762096 
0004000081 (0007000080) : 67965.47327833077 
0007000082 (0004000081) : 69881.10903176335 
0008000083 (0007000082) : 71226.60356725773 
0007000084 (0008000083) : 71810.19976487095 
0002000085 (0007000084) : 74221.94874233248 
0009000086 (0002000085) : 74454.86397297758 
0002000087 (0009000086) : 75015.17806163 
0007000088 (0002000087) : 75029.51213263843 
0004000089 (0007000088) : 75216.19449441657 
0007000090 (0004000089) : 75789.79909061335 
0001000091 (0007000090) : 76743.76191167622 
0007000092 (0001000091) : 77535.0400295612 
0006000093 (0007000092) : 77890.21148225512 
0007000094 (0006000093) : 78345.45014558682 
0001000095 (0007000094) : 79375.61562396602 
0007000096 (0001000095) : 79723.93511130917 
0005000097 (0007000096) : 79894.88597222489 
0007000098 (0005000097) : 81540.00038748898 
0008000099 (0007000098) : 82449.35700718718 
0007000100 (0008000099) : 83603.68171934616 
0002000101 (0007000100) : 85807.98441528187 
0007000102 (0002000101) : 86164.96241805263 
0006000103 (0007000102) : 86301.68471709952 
0007000104 (0006000103) : 87620.44243962893 
0003000105 (0007000104) : 87939.436263352 
0007000106 (0003000105) : 88716.5081394602 
0009000107 (0007000106) : 88766.88989492196 
0007000108 (0009000107) : 89288.25154562925 
0000000109 (0007000108) : 92772.18642694586 
0002000110 (0000000109) : 92840.85182328022 
0007000111 (0002000110) : 93157.79321821113 
0004000112 (0007000111) : 93665.70352725312 
0007000113 (0004000112) : 94041.39090893525 
0006000114 (0007000113) : 97279.2901307245 
0007000115 (0006000114) : 99437.2292461163 
