0000000000 (genesis block) : 0 
0007000001 (0000000000) : 74.4490609911385 
0006000002 (0007000001) : 120.87890660923932 
0001000003 (0006000002) : 231.86048844424602 
0007000004 (0001000003) : 809.9552211173664 
0009000005 (0007000004) : 1116.8116557011465 
0007000006 (0009000005) : 1660.928235359397 
0004000007 (0007000006) : 6771.882415041282 
0007000008 (0004000007) : 7148.6455224417305 
0004000009 (0007000008) : 7436.622255114746 
0006000010 (0004000009) : 8374.700334299023 
0007000011 (0006000010) : 10005.489274391039 
0000000012 (0007000011) : 12160.033689901979 
0002000013 (0000000012) : 12877.724249650975 
0005000014 (0002000013) : 13424.181732926436 
0007000015 (0005000014) : 14592.899151948717 
0003000016 (0007000015) : 15480.36959661046 
0002000017 (0003000016) : 15481.29322199124 
0009000018 (0002000017) : 15686.132849485113 
0007000019 (0009000018) : 15803.625607166905 
0004000020 (0007000019) : 15960.16580210548 
0007000021 (0004000020) : 16004.494796020617 
0002000022 (0007000021) : 17093.91391124088 
0008000023 (0002000022) : 17430.594694365715 
0006000024 (0008000023) : 19462.69129321129 
0007000025 (0006000024) : 19473.74963055844 
0004000026 (0007000025) : 19928.07260601491 
0007000027 (0004000026) : 20731.25089712949 
0004000028 (0007000027) : 21346.00016751365 
0000000029 (0004000028) : 22532.35807829888 
0007000030 (0000000029) : 22924.281292425247 
0008000031 (0007000030) : 24596.70371000545 
0007000032 (0008000031) : 25133.62189341525 
0004000033 (0007000032) : 26865.165447180174 
0007000034 (0004000033) : 27619.059478318995 
0009000035 (0007000034) : 28005.844488162627 
0007000036 (0009000035) : 28235.017407932464 
0003000037 (0007000036) : 30348.592496815967 
0007000038 (0003000037) : 30518.25062804357 
0008000039 (0007000038) : 30569.785242360278 
0009000040 (0008000039) : 30755.820882894208 
0002000041 (0009000040) : 31062.132630781605 
0007000042 (0002000041) : 32138.075139333218 
0001000043 (0007000042) : 33356.0806860966 
0007000044 (0001000043) : 33938.34265278861 
0009000045 (0007000044) : 36207.644247459735 
0007000046 (0009000045) : 37105.72696030537 
0001000047 (0007000046) : 39148.5642374922 
0000000048 (0001000047) : 39632.03051753728 
0007000049 (0000000048) : 40521.178040714665 
0004000050 (0007000049) : 42125.14260821827 
0008000051 (0004000050) : 42199.926791842656 
0006000052 (0008000051) : 45838.620854920475 
0003000053 (0006000052) : 46131.04483685226 
0009000054 (0003000053) : 46166.117709112375 
0002000055 (0009000054) : 46550.58275532318 
0003000056 (0002000055) : 47490.72327458765 
0007000057 (0003000056) : 48057.97355211788 
0005000058 (0007000057) : 50167.5622176073 
0008000059 (0005000058) : 50297.146311744094 
0002000060 (0008000059) : 50359.12145153074 
0001000061 (0002000060) : 51015.72550908345 
0002000062 (0001000061) : 51025.2721245278 
0007000063 (0002000062) : 51365.59812725132 
0006000064 (0007000063) : 52112.48961725855 
0007000065 (0006000064) : 52495.680215209206 
0002000066 (0007000065) : 52833.10063430108 
0007000067 (0002000066) : 53228.574058817 
0000000068 (0007000067) : 56092.09118123133 
0009000069 (0000000068) : 57304.5403955977 
0003000070 (0009000069) : 57618.48374719223 
0000000071 (0003000070) : 60201.08505668699 
0007000072 (0000000071) : 61051.64051872797 
0002000073 (0007000072) : 61208.932050932206 
0008000074 (0002000073) : 61746.458340129226 
0007000075 (0008000074) : 62023.41621327668 
0008000076 (0007000075) : 64125.52597106021 
0005000077 (0008000076) : 64156.61142463111 
0002000078 (0005000077) : 64270.89841216391 
0004000079 (0002000078) : 65183.37477204481 
0007000080 (0004000079) : 65902.42314007993 
0004000081 (0007000080) : 67965.21318387151 
0007000082 (0004000081) : 69880.94965736098 
0008000083 (0007000082) : 71226.54380024133 
0007000084 (0008000083) : 71810.04184060314 
0002000085 (0007000084) : 74221.75052684551 
0009000086 (0002000085) : 74455.12128531009 
0002000087 (0009000086) : 75014.97899140562 
0007000088 (0002000087) : 75029.34948566648 
0004000089 (0007000088) : 75215.93172008709 
0007000090 (0004000089) : 75789.63801720944 
0001000091 (0007000090) : 76743.69888179013 
0007000092 (0001000091) : 77534.88058628641 
0006000093 (0007000092) : 77890.23960771979 
0007000094 (0006000093) : 78345.29115859434 
0001000095 (0007000094) : 79375.55328133886 
0007000096 (0001000095) : 79723.7759676355 
0005000097 (0007000096) : 79894.8130016494 
0007000098 (0005000097) : 81539.83959363696 
0008000099 (0007000098) : 82449.29538777549 
0007000100 (0008000099) : 83603.52258777984 
0002000101 (0007000100) : 85807.78546648954 
0007000102 (0002000101) : 86164.80272334737 
0006000103 (0007000102) : 86301.71004331167 
0007000104 (0006000103) : 87620.2832829254 
0003000105 (0007000104) : 87939.17683388991 
0007000106 (0003000105) : 88716.34656932011 
0009000107 (0007000106) : 88767.14997425619 
0007000108 (0009000107) : 89288.09231747345 
0000000109 (0007000108) : 92772.21261898335 
0002000110 (0000000109) : 92840.65424869822 
0007000111 (0002000110) : 93157.6347647351 
0004000112 (0007000111) : 93665.44333335328 
0007000113 (0004000112) : 94041.2296710085 
0006000114 (0007000113) : 97279.31414267089 
0007000115 (0006000114) : 99437.06681559717 
