0000000000 (genesis block) : 0 
0007000001 (0000000000) : 74.59411876338564 
0006000002 (0007000001) : 120.8361543400243 
0001000003 (0006000002) : 231.90752786404602 
0007000004 (0001000003) : 810.0977952709134 
0009000005 (0007000004) : 1116.772385343651 
0007000006 (0009000005) : 1661.0731308029049 
0004000007 (0007000006) : 6772.0268004608415 
0007000008 (0004000007) : 7148.790160815536 
0004000009 (0007000008) : 7436.766983542251 
0006000010 (0004000009) : 8374.659155670783 
0007000011 (0006000010) : 10005.634129503911 
0000000012 (0007000011) : 12159.992162912524 
0002000013 (0000000012) : 12877.727538278254 
0005000014 (0002000013) : 13424.037411700956 
0007000015 (0005000014) : 14593.04105812486 
0003000016 (0007000015) : 15480.515348642659 
0002000017 (0003000016) : 15481.294915995462 
0009000018 (0002000017) : 15686.092045631583 
0007000019 (0009000018) : 15803.769415239136 
0004000020 (0007000019) : 15960.310062344597 
0007000021 (0004000020) : 16004.636668296554 
0002000022 (0007000021) : 17093.914671981933 
0008000023 (0002000022) : 17430.640990210337 
0006000024 (0008000023) : 19462.652312583385 
0007000025 (0006000024) : 19473.894867667997 
0004000026 (0007000025) : 19928.21740186279 
0007000027 (0004000026) : 20731.396205674762 
0004000028 (0007000027) : 21346.145207514546 
0000000029 (0004000028) : 22532.31777427514 
0007000030 (0000000029) : 22924.426147213155 
0008000031 (0007000030) : 24596.7484825955 
0007000032 (0008000031) : 25133.76802885729 
0004000033 (0007000032) : 26865.31020006446 
0007000034 (0004000033) : 27619.20371273007 
0009000035 (0007000034) : 28005.797831152995 
0007000036 (0009000035) : 28235.162485122157 
0003000037 (0007000036) : 30348.73705312868 
0007000038 (0003000037) : 30518.395537901783 
0008000039 (0007000038) : 30569.8323854808 
0009000040 (0008000039) : 30755.783172696152 
0002000041 (0009000040) : 31062.134699616392 
0007000042 (0002000041) : 32138.221315362833 
0001000043 (0007000042) : 33356.128062126976 
0007000044 (0001000043) : 33938.48722847022 
0009000045 (0007000044) : 36207.60308731355 
0007000046 (0009000045) : 37105.87169196549 
0001000047 (0007000046) : 39148.611412147184 
0000000048 (0001000047) : 39631.98857062587 
0007000049 (0000000048) : 40521.32582608665 
0004000050 (0007000049) : 42125.28821695598 
0008000051 (0004000050) : 42199.9743020992 
0006000052 (0008000051) : 45838.57959272005 
0003000053 (0006000052) : 46131.18970304084 
0009000054 (0003000053) : 46166.07762185569 
0002000055 (0009000054) : 46550.58411094071 
0003000056 (0002000055) : 47490.86765942871 
0007000057 (0003000056) : 48058.1180981567 
0005000058 (0007000057) : 50167.417625232905 
0008000059 (0005000058) : 50297.194150557974 
0002000060 (0008000059) : 50359.12272118068 
0001000061 (0002000060) : 51015.77028891772 
0002000062 (0001000061) : 51025.27077880572 
0007000063 (0002000062) : 51365.74248004101 
0006000064 (0007000063) : 52112.4475454007 
0007000065 (0006000064) : 52495.824948147754 
0002000066 (0007000065) : 52833.10230386697 
0007000067 (0002000066) : 53228.71891961097 
0000000068 (0007000067) : 56092.05206131716 
0009000069 (0000000068) : 57304.49698890329 
0003000070 (0009000069) : 57618.62829133248 
0000000071 (0003000070) : 60201.04358519813 
0007000072 (0000000071) : 61051.785012394226 
0002000073 (0007000072) : 61208.934745348444 
0008000074 (0002000073) : 61746.50408752479 
0007000075 (0008000074) : 62023.56124254025 
0008000076 (0007000075) : 64125.574594483725 
0005000077 (0008000076) : 64156.46537336046 
0002000078 (0005000077) : 64270.89819511343 
0004000079 (0002000078) : 65183.521193733046 
0007000080 (0004000079) : 65902.56777977961 
0004000081 (0007000080) : 67965.36061132832 
0007000082 (0004000081) : 69881.09359228557 
0008000083 (0007000082) : 71226.58961458315 
0007000084 (0008000083) : 71810.18490458303 
0002000085 (0007000084) : 74221.7537686187 
0009000086 (0002000085) : 74455.0824167723 
0002000087 (0009000086) : 75014.98107881384 
0007000088 (0002000087) : 75029.49578786682 
0004000089 (0007000088) : 75216.07656650305 
0007000090 (0004000089) : 75789.78239614551 
0001000091 (0007000090) : 76743.74810251876 
0007000092 (0001000091) : 77535.02436398464 
0006000093 (0007000092) : 77890.19725331612 
0007000094 (0006000093) : 78345.43654039809 
0001000095 (0007000094) : 79375.59896799548 
0007000096 (0001000095) : 79723.92092900233 
0005000097 (0007000096) : 79894.66835500617 
0007000098 (0005000097) : 81539.98382128577 
0008000099 (0007000098) : 82449.34106042978 
0007000100 (0008000099) : 83603.6673383147 
0002000101 (0007000100) : 85807.7881011313 
0007000102 (0002000101) : 86164.94848531621 
0006000103 (0007000102) : 86301.66982653244 
0007000104 (0006000103) : 87620.42817359218 
0003000105 (0007000104) : 87939.3234632183 
0007000106 (0003000105) : 88716.49215557145 
0009000107 (0007000106) : 88767.10877335197 
0007000108 (0009000107) : 89288.2351404305 
0000000109 (0007000108) : 92772.17310093287 
0002000110 (0000000109) : 92840.65644337176 
0007000111 (0002000110) : 93157.77880160236 
0004000112 (0007000111) : 93665.58898291165 
0007000113 (0004000112) : 94041.37386926105 
0006000114 (0007000113) : 97279.27511666542 
0007000115 (0006000114) : 99437.21134897794 
