0000000000 (genesis block) : 0 
0007000001 (0000000000) : 74.54456277557725 
0006000002 (0007000001) : 120.97681191909608 
0001000003 (0006000002) : 231.99769172951798 
0007000004 (0001000003) : 810.0496748854321 
0009000005 (0007000004) : 1116.8869828925513 
0007000006 (0009000005) : 1661.024437547048 
0004000007 (0007000006) : 6772.02026404343 
0007000008 (0004000007) : 7148.74149312338 
0004000009 (0007000008) : 7436.7610251108445 
0006000010 (0004000009) : 8374.798375128716 
0007000011 (0006000010) : 10005.58518129396 
0000000012 (0007000011) : 12160.1328253074 
0002000013 (0000000012) : 12877.58592234755 
0005000014 (0002000013) : 13424.177229977213 
0007000015 (0005000014) : 14592.996545647578 
0003000016 (0007000015) : 15480.464829318687 
0002000017 (0003000016) : 15481.155332271466 
0009000018 (0002000017) : 15686.21347504185 
0007000019 (0009000018) : 15803.722203972742 
0004000020 (0007000019) : 15960.304049350783 
0007000021 (0004000020) : 16004.588736562906 
0002000022 (0007000021) : 17093.77533026687 
0008000023 (0002000022) : 17430.73195662859 
0006000024 (0008000023) : 19462.791942729964 
0007000025 (0006000024) : 19473.84511518296 
0004000026 (0007000025) : 19928.21304166831 
0007000027 (0004000026) : 20731.347638578936 
0004000028 (0007000027) : 21346.139671770037 
0000000029 (0004000028) : 22532.457118049562 
0007000030 (0000000029) : 22924.378323699908 
0008000031 (0007000030) : 24596.840935230764 
0007000032 (0008000031) : 25133.718624495465 
0004000033 (0007000032) : 26865.303135525584 
0007000034 (0004000033) : 27619.15807434121 
0009000035 (0007000034) : 28005.9157496168 
0007000036 (0009000035) : 28235.11391335622 
0003000037 (0007000036) : 30348.687394543173 
0007000038 (0003000037) : 30518.347551435425 
0008000039 (0007000038) : 30569.922233469315 
0009000040 (0008000039) : 30755.898363598873 
0002000041 (0009000040) : 31061.99443739526 
0007000042 (0002000041) : 32138.17105897928 
0001000043 (0007000042) : 33356.22116140497 
0007000044 (0001000043) : 33938.43900892086 
0009000045 (0007000044) : 36207.72054670298 
0007000046 (0009000045) : 37105.823159119995 
0001000047 (0007000046) : 39148.70154712085 
0000000048 (0001000047) : 39632.12789938409 
0007000049 (0000000048) : 40521.274409208585 
0004000050 (0007000049) : 42125.27980632916 
0008000051 (0004000050) : 42200.06555326968 
0006000052 (0008000051) : 45838.719394073145 
0003000053 (0006000052) : 46131.14156173331 
0009000054 (0003000053) : 46166.19520864649 
0002000055 (0009000054) : 46550.443179167436 
0003000056 (0002000055) : 47490.81850263893 
0007000057 (0003000056) : 48058.06982654901 
0005000058 (0007000057) : 50167.55939378847 
0008000059 (0005000058) : 50297.28399550837 
0002000060 (0008000059) : 50358.983289852935 
0001000061 (0002000060) : 51015.86360992027 
0002000062 (0001000061) : 51025.131135390904 
0007000063 (0002000062) : 51365.69870510547 
0006000064 (0007000063) : 52112.58727820676 
0007000065 (0006000064) : 52495.77477688628 
0002000066 (0007000065) : 52832.9628534715 
0007000067 (0002000066) : 53228.6712600339 
0000000068 (0007000067) : 56092.19194389623 
0009000069 (0000000068) : 57304.61536237374 
0003000070 (0009000069) : 57618.5789477146 
0000000071 (0003000070) : 60201.18325004859 
0007000072 (0000000071) : 61051.7366081208 
0002000073 (0007000072) : 61208.794869326506 
0008000074 (0002000073) : 61746.596230952826 
0007000075 (0008000074) : 62023.511543836365 
0008000076 (0007000075) : 64125.667954940225 
0005000077 (0008000076) : 64156.604973729925 
0002000078 (0005000077) : 64270.75873270072 
0004000079 (0002000078) : 65183.51386507427 
0007000080 (0004000079) : 65902.51775822122 
0004000081 (0007000080) : 67965.35448917386 
0007000082 (0004000081) : 69881.04657403163 
0008000083 (0007000082) : 71226.68175431315 
0007000084 (0008000083) : 71810.13908838773 
0002000085 (0007000084) : 74221.61310024849 
0009000086 (0002000085) : 74455.20023161072 
0002000087 (0009000086) : 75014.84149675343 
0007000088 (0002000087) : 75029.44595601872 
0004000089 (0007000088) : 75216.06954571033 
0007000090 (0004000089) : 75789.73414478979 
0001000091 (0007000090) : 76743.8388931427 
0007000092 (0001000091) : 77534.97646225411 
0006000093 (0007000092) : 77890.33705368187 
0007000094 (0006000093) : 78345.38828720822 
0001000095 (0007000094) : 79375.69237530931 
0007000096 (0001000095) : 79723.87160442518 
0005000097 (0007000096) : 79894.81004747815 
0007000098 (0005000097) : 81539.93516454463 
0008000099 (0007000098) : 82449.4328144623 
0007000100 (0008000099) : 83603.61809434603 
0002000101 (0007000100) : 85807.64859624907 
0007000102 (0002000101) : 86164.9002468774 
0006000103 (0007000102) : 86301.8101677725 
0007000104 (0006000103) : 87620.37966476733 
0003000105 (0007000104) : 87939.27338631928 
0007000106 (0003000105) : 88716.44297729376 
0009000107 (0007000106) : 88767.22611198771 
0007000108 (0009000107) : 89288.18787391852 
0000000109 (0007000108) : 92772.31301202683 
0002000110 (0000000109) : 92840.51643334613 
0007000111 (0002000110) : 93157.73154507796 
0004000112 (0007000111) : 93665.58187121096 
0007000113 (0004000112) : 94041.32599075009 
0006000114 (0007000113) : 97279.41705253143 
0007000115 (0006000114) : 99437.1622901411 
