0000000000 (genesis block) : 0 
0024000001 (0000000000) : 1131.48278000072 
0020000002 (0024000001) : 1822.611104199105 
0037000003 (0020000002) : 1940.7144898407444 
0035000004 (0037000003) : 2039.9168677872535 
0036000005 (0035000004) : 3365.8497254070503 
0016000006 (0036000005) : 3888.6903085249232 
0035000007 (0016000006) : 4143.728255318754 
0003000008 (0035000007) : 4536.270145758861 
0035000009 (0003000008) : 4546.289081308989 
0030000010 (0035000009) : 5531.694520388317 
0004000011 (0030000010) : 5843.63321079273 
0023000012 (0004000011) : 5968.424617205646 
0036000013 (0023000012) : 7360.971966829041 
0035000014 (0036000013) : 8135.699451588933 
0033000015 (0035000014) : 9273.542463945096 
0020000016 (0033000015) : 9901.678286627062 
