0000000000 (genesis block) : 0 
0024000001 (0000000000) : 1131.328438065919 
0020000002 (0024000001) : 1822.456905920911 
0037000003 (0020000002) : 1940.870399968926 
0035000004 (0037000003) : 2040.0703635060122 
0036000005 (0035000004) : 3365.7810454956793 
0016000006 (0036000005) : 3888.5174229117574 
0035000007 (0016000006) : 4143.880497149678 
0003000008 (0035000007) : 4536.4431776497995 
0035000009 (0003000008) : 4546.436813351552 
0030000010 (0035000009) : 5531.537145308879 
0004000011 (0030000010) : 5843.684011018174 
0023000012 (0004000011) : 5968.416809869263 
0036000013 (0023000012) : 7360.9058879232225 
0035000014 (0036000013) : 8135.849146446252 
0033000015 (0035000014) : 9273.408617808802 
0020000016 (0033000015) : 9901.525773516229 
