0000000000 (genesis block) : 0 
0024000001 (0000000000) : 1131.3611218021513 
0020000002 (0024000001) : 1822.5167648361012 
0037000003 (0020000002) : 1940.7506461055038 
0035000004 (0037000003) : 2040.115792870417 
0036000005 (0035000004) : 3365.8406041364674 
0016000006 (0036000005) : 3888.482200251537 
0035000007 (0016000006) : 4143.926766581519 
0003000008 (0035000007) : 4536.551711890365 
0035000009 (0003000008) : 4546.4926606740755 
0030000010 (0035000009) : 5531.305738208794 
0004000011 (0030000010) : 5843.537812458499 
0023000012 (0004000011) : 5968.450832321648 
0036000013 (0023000012) : 7360.962348661495 
0035000014 (0036000013) : 8135.898836524746 
0033000015 (0035000014) : 9273.467961959252 
0020000016 (0033000015) : 9901.585587983454 
