0000000000 (genesis block) : 0 
0024000001 (0000000000) : 1131.279580185091 
0020000002 (0024000001) : 1822.7382159244144 
0037000003 (0020000002) : 1940.961188494658 
0035000004 (0037000003) : 2040.173497609084 
0036000005 (0035000004) : 3365.5816710030253 
0016000006 (0036000005) : 3888.4223595294834 
0035000007 (0016000006) : 4143.983865974974 
0003000008 (0035000007) : 4536.53804447616 
0035000009 (0003000008) : 4546.544609808524 
0030000010 (0035000009) : 5531.729906737479 
0004000011 (0030000010) : 5843.365199266091 
0023000012 (0004000011) : 5968.1562376051415 
0036000013 (0023000012) : 7360.703608628831 
0035000014 (0036000013) : 8135.95529108193 
0033000015 (0035000014) : 9273.274489337966 
0020000016 (0033000015) : 9901.805644570992 
