0000000000 (genesis block) : 0 
0024000001 (0000000000) : 1131.2687069178862 
0020000002 (0024000001) : 1822.7492454349401 
0037000003 (0020000002) : 1940.7733625673134 
0035000004 (0037000003) : 2040.1601290008664 
0036000005 (0035000004) : 3365.57136197672 
0016000006 (0036000005) : 3888.410288482869 
0035000007 (0016000006) : 4143.969315827573 
0003000008 (0035000007) : 4536.574639748292 
0035000009 (0003000008) : 4546.532370254847 
0030000010 (0035000009) : 5531.787168700038 
0004000011 (0030000010) : 5843.273398992223 
0023000012 (0004000011) : 5967.96698234196 
0036000013 (0023000012) : 7360.693069753876 
0035000014 (0036000013) : 8135.939608169642 
0033000015 (0035000014) : 9273.264744010838 
0020000016 (0033000015) : 9901.813248364237 
