0000000000 (genesis block) : 0 
0024000001 (0000000000) : 1131.3851226880158 
0020000002 (0024000001) : 1822.6011365830018 
0037000003 (0020000002) : 1940.7463184297803 
0035000004 (0037000003) : 2039.8334686449618 
0036000005 (0035000004) : 3365.752735706378 
0016000006 (0036000005) : 3888.5899900842023 
0035000007 (0016000006) : 4143.643023985933 
0003000008 (0035000007) : 4536.4845026428 
0035000009 (0003000008) : 4546.203360222266 
0030000010 (0035000009) : 5531.678932708019 
0004000011 (0030000010) : 5843.676042360156 
0023000012 (0004000011) : 5968.394921730879 
0036000013 (0023000012) : 7360.873125502409 
0035000014 (0036000013) : 8135.614373076294 
0033000015 (0035000014) : 9273.378633271748 
0020000016 (0033000015) : 9901.667223840695 
