0000000000 (genesis block) : 0 
0024000001 (0000000000) : 1131.214358763463 
0020000002 (0024000001) : 1822.6731855382807 
0037000003 (0020000002) : 1940.8953520730674 
0035000004 (0037000003) : 2040.1779215862289 
0036000005 (0035000004) : 3365.516946832625 
0016000006 (0036000005) : 3888.3557445920424 
0035000007 (0016000006) : 4143.985797809141 
0003000008 (0035000007) : 4536.604857664271 
0035000009 (0003000008) : 4546.548254405286 
0030000010 (0035000009) : 5531.66465980518 
0004000011 (0030000010) : 5843.2997404953585 
0023000012 (0004000011) : 5968.090869693684 
0036000013 (0023000012) : 7360.638157449689 
0035000014 (0036000013) : 8135.956287432715 
0033000015 (0035000014) : 9273.208626166872 
0020000016 (0033000015) : 9901.741142472622 
