0000000000 (genesis block) : 0 
0024000001 (0000000000) : 1131.247470252154 
0020000002 (0024000001) : 1822.7274522856712 
0037000003 (0020000002) : 1940.856969878915 
0035000004 (0037000003) : 2040.2116204968665 
0036000005 (0035000004) : 3365.549838643045 
0016000006 (0036000005) : 3888.184437609938 
0035000007 (0016000006) : 4144.017880892444 
0003000008 (0035000007) : 4536.707209407041 
0035000009 (0003000008) : 4546.580583304147 
0030000010 (0035000009) : 5531.603643400619 
0004000011 (0030000010) : 5843.469659618203 
0023000012 (0004000011) : 5968.190503474045 
0036000013 (0023000012) : 7360.670060495992 
0035000014 (0036000013) : 8135.98895636265 
0033000015 (0035000014) : 9273.242472413967 
0020000016 (0033000015) : 9901.792498224355 
