0000000000 (genesis block) : 0 
0024000001 (0000000000) : 1131.14429010836 
0020000002 (0024000001) : 1822.555962791399 
0037000003 (0020000002) : 1940.7831615818006 
0035000004 (0037000003) : 2040.1058190584445 
0036000005 (0035000004) : 3365.512221107282 
0016000006 (0036000005) : 3888.350039477772 
0035000007 (0016000006) : 4143.915454906844 
0003000008 (0035000007) : 4536.590281364274 
0035000009 (0003000008) : 4546.476581926505 
0030000010 (0035000009) : 5531.634778923056 
0004000011 (0030000010) : 5843.436779596231 
0023000012 (0004000011) : 5968.155425287976 
0036000013 (0023000012) : 7360.6334487439035 
0035000014 (0036000013) : 8135.887304175142 
0033000015 (0035000014) : 9273.137758026745 
0020000016 (0033000015) : 9901.623931949447 
