0000000000 (genesis block) : 0 
0024000001 (0000000000) : 1131.1456105979767 
0020000002 (0024000001) : 1822.6250192486011 
0037000003 (0020000002) : 1940.8480830581032 
0035000004 (0037000003) : 2040.1090154620192 
0036000005 (0035000004) : 3365.4482146031123 
0016000006 (0036000005) : 3888.285375044717 
0035000007 (0016000006) : 4143.917384032819 
0003000008 (0035000007) : 4536.60648194439 
0035000009 (0003000008) : 4546.479944094161 
0030000010 (0035000009) : 5531.702081821783 
0004000011 (0030000010) : 5843.369251258143 
0023000012 (0004000011) : 5968.090100958105 
0036000013 (0023000012) : 7360.568757030673 
0035000014 (0036000013) : 8135.888267512968 
0033000015 (0035000014) : 9273.140006517433 
0020000016 (0033000015) : 9901.690026439279 
