0000000000 (genesis block) : 0 
0024000001 (0000000000) : 1131.3695977553884 
0020000002 (0024000001) : 1822.6669018876212 
0037000003 (0020000002) : 1940.7347133676692 
0035000004 (0037000003) : 2040.1209344192514 
0036000005 (0035000004) : 3365.6722991841007 
0016000006 (0036000005) : 3888.3065959448463 
0035000007 (0016000006) : 4143.931885968367 
0003000008 (0035000007) : 4536.652316124442 
0035000009 (0003000008) : 4546.492916984129 
0030000010 (0035000009) : 5531.725672542955 
0004000011 (0030000010) : 5843.513778509463 
0023000012 (0004000011) : 5968.207560636815 
0036000013 (0023000012) : 7360.7935842712795 
0035000014 (0036000013) : 8135.907135833346 
0033000015 (0035000014) : 9273.364956202608 
0020000016 (0033000015) : 9901.734953677535 
