0000000000 (genesis block) : 0 
0024000001 (0000000000) : 1131.2675374419282 
0020000002 (0024000001) : 1822.396381551046 
0037000003 (0020000002) : 1940.8097473019404 
0035000004 (0037000003) : 2040.0094633056192 
0036000005 (0035000004) : 3365.7207128565606 
0016000006 (0036000005) : 3888.5581512339927 
0035000007 (0016000006) : 4143.81631616333 
0003000008 (0035000007) : 4536.381356362337 
0035000009 (0003000008) : 4546.375246900322 
0030000010 (0035000009) : 5531.47599464299 
0004000011 (0030000010) : 5843.623175554708 
0023000012 (0004000011) : 5968.366103754023 
0036000013 (0023000012) : 7360.843470632957 
0035000014 (0036000013) : 8135.786165130447 
0033000015 (0035000014) : 9273.34743613104 
0020000016 (0033000015) : 9901.46542798961 
