0000000000 (genesis block) : 0 
0024000001 (0000000000) : 1131.180514705766 
0020000002 (0024000001) : 1822.6599506026234 
0037000003 (0020000002) : 1940.8619015938255 
0035000004 (0037000003) : 2040.1443807247597 
0036000005 (0035000004) : 3365.4831112697866 
0016000006 (0036000005) : 3888.3202642654105 
0035000007 (0016000006) : 4143.952054480797 
0003000008 (0035000007) : 4536.571667789628 
0035000009 (0003000008) : 4546.514807086771 
0030000010 (0035000009) : 5531.698630819363 
0004000011 (0030000010) : 5843.3332244024305 
0023000012 (0004000011) : 5968.055630301325 
0036000013 (0023000012) : 7360.6043793398285 
0035000014 (0036000013) : 8135.922708295315 
0033000015 (0035000014) : 9273.175002692851 
0020000016 (0033000015) : 9901.724753328133 
