0000000000 (genesis block) : 0 
0024000001 (0000000000) : 1131.4325196617513 
0020000002 (0024000001) : 1822.5625084340118 
0037000003 (0020000002) : 1940.6542543987841 
0035000004 (0037000003) : 2040.0260845329856 
0036000005 (0035000004) : 3365.834395090211 
0016000006 (0036000005) : 3888.6152220068993 
0035000007 (0016000006) : 4143.83280931097 
0003000008 (0035000007) : 4536.496262414997 
0035000009 (0003000008) : 4546.39375543683 
0030000010 (0035000009) : 5531.552465627291 
0004000011 (0030000010) : 5843.597439888335 
0023000012 (0004000011) : 5968.291271589269 
0036000013 (0023000012) : 7360.951263373354 
0035000014 (0036000013) : 8135.804636696523 
0033000015 (0035000014) : 9273.515774213201 
0020000016 (0033000015) : 9901.626579430915 
