0000000000 (genesis block) : 0 
0024000001 (0000000000) : 1131.6026693125984 
0020000002 (0024000001) : 1822.7780710386369 
0037000003 (0020000002) : 1940.8804248035142 
0035000004 (0037000003) : 2040.0801420274925 
0036000005 (0035000004) : 3365.905342131368 
0016000006 (0036000005) : 3888.743774090785 
0035000007 (0016000006) : 4143.89003562864 
0003000008 (0035000007) : 4536.555782276861 
0035000009 (0003000008) : 4546.449637939049 
0030000010 (0035000009) : 5531.835795498214 
0004000011 (0030000010) : 5843.82566091603 
0023000012 (0004000011) : 5968.546482180385 
0036000013 (0023000012) : 7361.025118014921 
0035000014 (0036000013) : 8135.862008089523 
0033000015 (0035000014) : 9273.597608303633 
0020000016 (0033000015) : 9901.844780095553 
