0000000000 (genesis block) : 0 
0024000001 (0000000000) : 1131.4473709708234 
0020000002 (0024000001) : 1822.5785518208231 
0037000003 (0020000002) : 1940.6378888314432 
0035000004 (0037000003) : 2040.0112278776312 
0036000005 (0035000004) : 3365.8495570643922 
0016000006 (0036000005) : 3888.6323142760416 
0035000007 (0016000006) : 4143.817486195814 
0003000008 (0035000007) : 4536.480022604941 
0035000009 (0003000008) : 4546.378414695795 
0030000010 (0035000009) : 5531.5676741584175 
0004000011 (0030000010) : 5843.614980873897 
0023000012 (0004000011) : 5968.306206288736 
0036000013 (0023000012) : 7360.966418736842 
0035000014 (0036000013) : 8135.789800869681 
0033000015 (0035000014) : 9273.517980105393 
0020000016 (0033000015) : 9901.643366909972 
