0000000000 (genesis block) : 0 
0024000001 (0000000000) : 1131.4339580603457 
0020000002 (0024000001) : 1822.6067697671087 
0037000003 (0020000002) : 1940.8739856139828 
0035000004 (0037000003) : 2039.9613391440814 
0036000005 (0035000004) : 3365.736847417618 
0016000006 (0036000005) : 3888.574678166101 
0035000007 (0016000006) : 4143.772128874512 
0003000008 (0035000007) : 4536.59483779495 
0035000009 (0003000008) : 4546.331324315591 
0030000010 (0035000009) : 5531.687890372327 
0004000011 (0030000010) : 5843.655744329522 
0023000012 (0004000011) : 5968.377802460218 
0036000013 (0023000012) : 7360.856299075781 
0035000014 (0036000013) : 8135.742118902657 
0033000015 (0035000014) : 9273.428771948811 
0020000016 (0033000015) : 9901.675648114313 
