0000000000 (genesis block) : 0 
0024000001 (0000000000) : 1131.3992235163582 
0020000002 (0024000001) : 1822.5853662597165 
0037000003 (0020000002) : 1940.9457996277515 
0035000004 (0037000003) : 2040.1369867182848 
0036000005 (0035000004) : 3365.7018085708355 
0016000006 (0036000005) : 3888.539164553503 
0035000007 (0016000006) : 4143.946852370209 
0003000008 (0035000007) : 4536.403610823949 
0035000009 (0003000008) : 4546.507205241103 
0030000010 (0035000009) : 5531.66464061799 
0004000011 (0030000010) : 5843.446411492527 
0023000012 (0004000011) : 5968.137539976434 
0036000013 (0023000012) : 7360.8254823623665 
0035000014 (0036000013) : 8135.918143415458 
0033000015 (0035000014) : 9273.393597378208 
0020000016 (0033000015) : 9901.653850174313 
