0000000000 (genesis block) : 0 
0024000001 (0000000000) : 1131.425344457741 
0020000002 (0024000001) : 1822.7036332935552 
0037000003 (0020000002) : 1940.501669698224 
0035000004 (0037000003) : 2039.9085646116246 
0036000005 (0035000004) : 3365.7950327220265 
0016000006 (0036000005) : 3888.5393987093757 
0035000007 (0016000006) : 4143.719614998862 
0003000008 (0035000007) : 4536.484813642389 
0035000009 (0003000008) : 4546.2804363676 
0030000010 (0035000009) : 5531.554106905232 
0004000011 (0030000010) : 5843.54471055851 
0023000012 (0004000011) : 5968.238178122356 
0036000013 (0023000012) : 7360.914539068238 
0035000014 (0036000013) : 8135.69140567105 
0033000015 (0035000014) : 9273.419217336244 
0020000016 (0033000015) : 9901.772487682818 
