0000000000 (genesis block) : 0 
0024000001 (0000000000) : 1131.6176368013737 
0020000002 (0024000001) : 1822.7749193938346 
0037000003 (0020000002) : 1940.9919093839708 
0035000004 (0037000003) : 2040.293588209824 
0036000005 (0035000004) : 3365.9218343097014 
0016000006 (0036000005) : 3888.760297175159 
0035000007 (0016000006) : 4144.104696225154 
0003000008 (0035000007) : 4536.479559447224 
0035000009 (0003000008) : 4546.665150080128 
0030000010 (0035000009) : 5531.8546855657 
0004000011 (0030000010) : 5843.573666142653 
0023000012 (0004000011) : 5968.317676950952 
0036000013 (0023000012) : 7361.044148885608 
0035000014 (0036000013) : 8136.07542498666 
0033000015 (0035000014) : 9273.614202365894 
0020000016 (0033000015) : 9901.84399473858 
