0000000000 (genesis block) : 0 
0024000001 (0000000000) : 1131.3476860900978 
0020000002 (0024000001) : 1822.8064289024355 
0037000003 (0020000002) : 1940.8849811610914 
0035000004 (0037000003) : 2040.1843303728554 
0036000005 (0035000004) : 3365.652504338077 
0016000006 (0036000005) : 3888.489400051863 
0035000007 (0016000006) : 4143.994964643838 
0003000008 (0035000007) : 4536.684726558181 
0035000009 (0003000008) : 4546.554661799576 
0030000010 (0035000009) : 5531.681754931624 
0004000011 (0030000010) : 5843.163193250986 
0023000012 (0004000011) : 5968.080052473062 
0036000013 (0023000012) : 7360.772662884788 
0035000014 (0036000013) : 8135.9683357496515 
0033000015 (0035000014) : 9273.341851613053 
0020000016 (0033000015) : 9901.875801930217 
