0000000000 (genesis block) : 0 
0024000001 (0000000000) : 1131.3691812203374 
0020000002 (0024000001) : 1822.5861556598309 
0037000003 (0020000002) : 1940.7317978979904 
0035000004 (0037000003) : 2039.8173596436004 
0036000005 (0035000004) : 3365.7366917381228 
0016000006 (0036000005) : 3888.573883562416 
0035000007 (0016000006) : 4143.627643683889 
0003000008 (0035000007) : 4536.468883804625 
0035000009 (0003000008) : 4546.188571578284 
0030000010 (0035000009) : 5531.664341116022 
0004000011 (0030000010) : 5843.65933201369 
0023000012 (0004000011) : 5968.379510432046 
0036000013 (0023000012) : 7360.857508848201 
0035000014 (0036000013) : 8135.598972555444 
0033000015 (0035000014) : 9273.36179447835 
0020000016 (0033000015) : 9901.652718839778 
