0000000000 (genesis block) : 0 
0024000001 (0000000000) : 1131.2856842798785 
0020000002 (0024000001) : 1822.7534000001892 
0037000003 (0020000002) : 1940.987852736551 
0035000004 (0037000003) : 2040.107890288353 
0036000005 (0035000004) : 3365.5894426959107 
0016000006 (0036000005) : 3888.4277096671194 
0035000007 (0016000006) : 4143.9186799348345 
0003000008 (0035000007) : 4536.744014485193 
0035000009 (0003000008) : 4546.477939932539 
0030000010 (0035000009) : 5531.83609736428 
0004000011 (0030000010) : 5843.509176460595 
0023000012 (0004000011) : 5968.230975631838 
0036000013 (0023000012) : 7360.70957220348 
0035000014 (0036000013) : 8135.8887417185615 
0033000015 (0035000014) : 9273.280026358165 
0020000016 (0033000015) : 9901.822961467002 
