0000000000 (genesis block) : 0 
0024000001 (0000000000) : 1131.6338833465782 
0020000002 (0024000001) : 1822.857883704881 
0037000003 (0020000002) : 1940.9221574153378 
0035000004 (0037000003) : 2040.290469945266 
0036000005 (0035000004) : 3365.9389631602608 
0016000006 (0036000005) : 3888.6049652768597 
0035000007 (0016000006) : 4144.096746234824 
0003000008 (0035000007) : 4536.759378905509 
0035000009 (0003000008) : 4546.658336903238 
0030000010 (0035000009) : 5531.689162713846 
0004000011 (0030000010) : 5843.783871295047 
0023000012 (0004000011) : 5968.506604904981 
0036000013 (0023000012) : 7361.058595012661 
0035000014 (0036000013) : 8136.068758463679 
0033000015 (0035000014) : 9273.625430746004 
0020000016 (0033000015) : 9901.926339100382 
