0000000000 (genesis block) : 0 
0024000001 (0000000000) : 1131.0173915504888 
0020000002 (0024000001) : 1822.596135744965 
0037000003 (0020000002) : 1940.9111093795375 
0035000004 (0037000003) : 2040.1698196705177 
0036000005 (0035000004) : 3365.5778901662993 
0016000006 (0036000005) : 3888.413747596768 
0035000007 (0016000006) : 4143.978989781717 
0003000008 (0035000007) : 4536.631780185322 
0035000009 (0003000008) : 4546.540494909798 
0030000010 (0035000009) : 5531.648647895966 
0004000011 (0030000010) : 5843.500011100273 
0023000012 (0004000011) : 5968.2184496522905 
0036000013 (0023000012) : 7360.700318762082 
0035000014 (0036000013) : 8135.951099340769 
0033000015 (0035000014) : 9273.201133129041 
0020000016 (0033000015) : 9901.66599657831 
