0000000000 (genesis block) : 0 
0024000001 (0000000000) : 1131.556363229532 
0020000002 (0024000001) : 1822.6825788612525 
0037000003 (0020000002) : 1941.035207788037 
0035000004 (0037000003) : 2040.2026786275958 
0036000005 (0035000004) : 3365.9706872125375 
0016000006 (0036000005) : 3888.807800761631 
0035000007 (0016000006) : 4144.01362295189 
0003000008 (0035000007) : 4536.572044755563 
0035000009 (0003000008) : 4546.573965058602 
0030000010 (0035000009) : 5531.762563617233 
0004000011 (0030000010) : 5843.482258649445 
0023000012 (0004000011) : 5968.398309336566 
0036000013 (0023000012) : 7361.092850969624 
0035000014 (0036000013) : 8135.984047724941 
0033000015 (0035000014) : 9273.633062568593 
0020000016 (0033000015) : 9901.75117212169 
