0000000000 (genesis block) : 0 
0024000001 (0000000000) : 1131.5419006053103 
0020000002 (0024000001) : 1822.670794161728 
0037000003 (0020000002) : 1940.8827642371346 
0035000004 (0037000003) : 2040.0827010831997 
0036000005 (0035000004) : 3365.9497955932966 
0016000006 (0036000005) : 3888.786699097048 
0035000007 (0016000006) : 4143.894112314559 
0003000008 (0035000007) : 4536.105452066682 
0035000009 (0003000008) : 4546.454664370606 
0030000010 (0035000009) : 5531.750419178588 
0004000011 (0030000010) : 5843.744302738298 
0023000012 (0004000011) : 5968.435627738867 
0036000013 (0023000012) : 7361.071026871392 
0035000014 (0036000013) : 8135.865626540884 
0033000015 (0035000014) : 9273.621926603248 
0020000016 (0033000015) : 9901.739703824638 
