0000000000 (genesis block) : 0 
0024000001 (0000000000) : 1131.33089519149 
0020000002 (0024000001) : 1822.4602328019312 
0037000003 (0020000002) : 1940.7557629960409 
0035000004 (0037000003) : 2040.1237257843059 
0036000005 (0035000004) : 3365.732880518756 
0016000006 (0036000005) : 3888.5156384610796 
0035000007 (0016000006) : 4143.927057662954 
0003000008 (0035000007) : 4536.494208044719 
0035000009 (0003000008) : 4546.48809875641 
0030000010 (0035000009) : 5531.451486085404 
0004000011 (0030000010) : 5843.512307954568 
0023000012 (0004000011) : 5968.304027417642 
0036000013 (0023000012) : 7360.851462838067 
0035000014 (0036000013) : 8135.899224941582 
0033000015 (0035000014) : 9273.414439336011 
0020000016 (0033000015) : 9901.52704567606 
