0000000000 (genesis block) : 0 
0024000001 (0000000000) : 1131.4291829346384 
0020000002 (0024000001) : 1822.8879173429082 
0037000003 (0020000002) : 1940.9667661875596 
0035000004 (0037000003) : 2040.1030834991234 
0036000005 (0035000004) : 3365.7344701018746 
0016000006 (0036000005) : 3888.5715011844904 
0035000007 (0016000006) : 4143.913417888937 
0003000008 (0035000007) : 4536.688890946623 
0035000009 (0003000008) : 4546.473552197621 
0030000010 (0035000009) : 5531.763865064462 
0004000011 (0030000010) : 5843.2444973221545 
0023000012 (0004000011) : 5968.162663445646 
0036000013 (0023000012) : 7360.855092248177 
0035000014 (0036000013) : 8135.885900683926 
0033000015 (0035000014) : 9273.423090579121 
0020000016 (0033000015) : 9901.957251717924 
