0000000000 (genesis block) : 0 
0024000001 (0000000000) : 1131.4215133107825 
0020000002 (0024000001) : 1822.5509380484784 
0037000003 (0020000002) : 1940.6543710153164 
0035000004 (0037000003) : 2039.8572326112562 
0036000005 (0035000004) : 3365.874581327379 
0016000006 (0036000005) : 3888.6378574759433 
0035000007 (0016000006) : 4143.667703413476 
0003000008 (0035000007) : 4536.329799213713 
0035000009 (0003000008) : 4546.228602634956 
0030000010 (0035000009) : 5531.632941262383 
0004000011 (0030000010) : 5843.681202938928 
0023000012 (0004000011) : 5968.3914664087715 
0036000013 (0023000012) : 7360.9961216210395 
0035000014 (0036000013) : 8135.639407976719 
0033000015 (0035000014) : 9273.500039855995 
0020000016 (0033000015) : 9901.61877264675 
