0000000000 (genesis block) : 0 
0024000001 (0000000000) : 1131.3690766269476 
0020000002 (0024000001) : 1822.4980661438253 
0037000003 (0020000002) : 1940.706901721524 
0035000004 (0037000003) : 2039.9040905282761 
0036000005 (0035000004) : 3365.822402069224 
0016000006 (0036000005) : 3888.659326281745 
0035000007 (0016000006) : 4143.714878370993 
0003000008 (0035000007) : 4536.38335038271 
0035000009 (0003000008) : 4546.2741272462445 
0030000010 (0035000009) : 5531.578514314449 
0004000011 (0030000010) : 5843.724312705309 
0023000012 (0004000011) : 5968.444036630274 
0036000013 (0023000012) : 7360.944009678602 
0035000014 (0036000013) : 8135.684796389068 
0033000015 (0035000014) : 9273.447356757 
0020000016 (0033000015) : 9901.566550914862 
