0000000000 (genesis block) : 0 
0024000001 (0000000000) : 1131.1129420053855 
0020000002 (0024000001) : 1822.5902128155114 
0037000003 (0020000002) : 1940.815041625953 
0035000004 (0037000003) : 2040.0735568124685 
0036000005 (0035000004) : 3365.4808435028913 
0016000006 (0036000005) : 3888.3182335660626 
0035000007 (0016000006) : 4143.8834537872735 
0003000008 (0035000007) : 4536.62252842018 
0035000009 (0003000008) : 4546.444727490451 
0030000010 (0035000009) : 5531.669007649564 
0004000011 (0030000010) : 5843.4020863912165 
0023000012 (0004000011) : 5968.123080050068 
0036000013 (0023000012) : 7360.601612601479 
0035000014 (0036000013) : 8135.854649646535 
0033000015 (0035000014) : 9273.105575147245 
0020000016 (0033000015) : 9901.65704387462 
