0000000000 (genesis block) : 0 
0024000001 (0000000000) : 1131.2421377808507 
0020000002 (0024000001) : 1822.3718146057233 
0037000003 (0020000002) : 1940.8344604740912 
0035000004 (0037000003) : 2040.0358922057085 
0036000005 (0035000004) : 3365.6954710580676 
0016000006 (0036000005) : 3888.5339469056557 
0035000007 (0016000006) : 4143.840496348329 
0003000008 (0035000007) : 4536.406971399699 
0035000009 (0003000008) : 4546.399585291801 
0030000010 (0035000009) : 5531.451466197465 
0004000011 (0030000010) : 5843.598966126118 
0023000012 (0004000011) : 5968.339361880847 
0036000013 (0023000012) : 7360.818438223569 
0035000014 (0036000013) : 8135.812193991708 
0033000015 (0035000014) : 9273.323188024193 
0020000016 (0033000015) : 9901.440474609795 
