0000000000 (genesis block) : 0 
0024000001 (0000000000) : 1131.5927162229584 
0020000002 (0024000001) : 1822.7690525595551 
0037000003 (0020000002) : 1940.853154847365 
0035000004 (0037000003) : 2039.9396918465918 
0036000005 (0035000004) : 3365.8983065425064 
0016000006 (0036000005) : 3888.7351180708424 
0035000007 (0016000006) : 4143.7494429132 
0003000008 (0035000007) : 4536.525504017534 
0035000009 (0003000008) : 4546.309514374723 
0030000010 (0035000009) : 5531.759893088101 
0004000011 (0030000010) : 5843.407784314188 
0023000012 (0004000011) : 5968.326791678707 
0036000013 (0023000012) : 7361.021094811608 
0035000014 (0036000013) : 8135.721003072857 
0033000015 (0035000014) : 9273.586705814627 
0020000016 (0033000015) : 9901.835391729863 
