0000000000 (genesis block) : 0 
0024000001 (0000000000) : 1131.6511112077942 
0020000002 (0024000001) : 1822.7822682979968 
0037000003 (0020000002) : 1940.8564002180617 
0035000004 (0037000003) : 2039.9977799683463 
0036000005 (0035000004) : 3365.956520299856 
0016000006 (0036000005) : 3888.793600288277 
0035000007 (0016000006) : 4143.8074688421075 
0003000008 (0035000007) : 4536.467155025025 
0035000009 (0003000008) : 4546.369442338894 
0030000010 (0035000009) : 5531.77120419935 
0004000011 (0030000010) : 5843.467076920211 
0023000012 (0004000011) : 5968.386291252917 
0036000013 (0023000012) : 7361.079302686218 
0035000014 (0036000013) : 8135.782746358887 
0033000015 (0035000014) : 9273.64750945075 
0020000016 (0033000015) : 9901.845675780794 
