0000000000 (genesis block) : 0 
0024000001 (0000000000) : 1131.4947102059004 
0020000002 (0024000001) : 1822.6346421583632 
0037000003 (0020000002) : 1940.571169559562 
0035000004 (0037000003) : 2039.9443279135164 
0036000005 (0035000004) : 3365.866738531064 
0016000006 (0036000005) : 3888.611047450881 
0035000007 (0016000006) : 4143.750921154372 
0003000008 (0035000007) : 4536.414802223574 
0035000009 (0003000008) : 4546.311887413113 
0030000010 (0035000009) : 5531.624545637018 
0004000011 (0030000010) : 5843.6135803176 
0023000012 (0004000011) : 5968.307095617096 
0036000013 (0023000012) : 7360.984297405035 
0035000014 (0036000013) : 8135.724445256722 
0033000015 (0035000014) : 9273.48857035434 
0020000016 (0033000015) : 9901.703350234046 
