0000000000 (genesis block) : 0 
0024000001 (0000000000) : 1131.437631233734 
0020000002 (0024000001) : 1822.6544311596242 
0037000003 (0020000002) : 1940.6622238882844 
0035000004 (0037000003) : 2039.7485299608197 
0036000005 (0035000004) : 3365.8070734222656 
0016000006 (0036000005) : 3888.6430908619104 
0035000007 (0016000006) : 4143.559252213577 
0003000008 (0035000007) : 4536.44027778571 
0035000009 (0003000008) : 4546.11950517353 
0030000010 (0035000009) : 5531.6744750431935 
0004000011 (0030000010) : 5843.597936609792 
0023000012 (0004000011) : 5968.375916060039 
0036000013 (0023000012) : 7360.927505340801 
0035000014 (0036000013) : 8135.530594338869 
0033000015 (0035000014) : 9273.431650600405 
0020000016 (0033000015) : 9901.722082018076 
