0000000000 (genesis block) : 0 
0024000001 (0000000000) : 1131.2865716683993 
0020000002 (0024000001) : 1822.41462326521 
0037000003 (0020000002) : 1940.7997870376478 
0035000004 (0037000003) : 2040.0792890702687 
0036000005 (0035000004) : 3365.7381386617894 
0016000006 (0036000005) : 3888.5596436403075 
0035000007 (0016000006) : 4143.882993067955 
0003000008 (0035000007) : 4536.44950089589 
0035000009 (0003000008) : 4546.44357364318 
0030000010 (0035000009) : 5531.407588731362 
0004000011 (0030000010) : 5843.556336244721 
0023000012 (0004000011) : 5968.347956865304 
0036000013 (0023000012) : 7360.860704534696 
0035000014 (0036000013) : 8135.8548906298165 
0033000015 (0035000014) : 9273.366073094348 
0020000016 (0033000015) : 9901.482931176284 
