0000000000 (genesis block) : 0 
0024000001 (0000000000) : 1131.4083795536892 
0020000002 (0024000001) : 1822.768809169755 
0037000003 (0020000002) : 1940.6329386872742 
0035000004 (0037000003) : 2040.0197202858724 
0036000005 (0035000004) : 3365.7106877593983 
0016000006 (0036000005) : 3888.4079065638252 
0035000007 (0016000006) : 4143.830127456541 
0003000008 (0035000007) : 4536.616074217482 
0035000009 (0003000008) : 4546.391623061643 
0030000010 (0035000009) : 5531.684466009179 
0004000011 (0030000010) : 5843.412341351396 
0023000012 (0004000011) : 5968.105950784826 
0036000013 (0023000012) : 7360.832287533444 
0035000014 (0036000013) : 8135.800129129011 
0033000015 (0035000014) : 9273.403687925345 
0020000016 (0033000015) : 9901.838508279572 
