0000000000 (genesis block) : 0 
0024000001 (0000000000) : 1131.4340254939946 
0020000002 (0024000001) : 1822.5898294875549 
0037000003 (0020000002) : 1940.676172817118 
0035000004 (0037000003) : 2040.0429748718675 
0036000005 (0035000004) : 3365.8002097634 
0016000006 (0036000005) : 3888.4338728525427 
0035000007 (0016000006) : 4143.854025443853 
0003000008 (0035000007) : 4536.624996360178 
0035000009 (0003000008) : 4546.417669984112 
0030000010 (0035000009) : 5531.378394480324 
0004000011 (0030000010) : 5843.610217099792 
0023000012 (0004000011) : 5968.4135166360165 
0036000013 (0023000012) : 7360.919016642272 
0035000014 (0036000013) : 8135.826270544856 
0033000015 (0035000014) : 9273.491765907054 
0020000016 (0033000015) : 9901.657987349925 
