0000000000 (genesis block) : 0 
0010000001 (0000000000) : 48.30905715279058 
0006000002 (0010000001) : 377.51555205215686 
0009000003 (0006000002) : 635.5852247996892 
0010000004 (0009000003) : 931.7316891387941 
0005000005 (0010000004) : 1040.600064553 
0010000006 (0005000005) : 1502.4677142606752 
0001000007 (0010000006) : 2391.9422841027317 
0009000008 (0001000007) : 3562.2055286664086 
0017000009 (0009000008) : 3570.7958275990745 
0010000010 (0017000009) : 4350.776022435737 
0005000011 (0010000010) : 5746.514949951368 
0010000012 (0005000011) : 6113.7888459998285 
0001000013 (0010000012) : 6276.069965133194 
0010000014 (0001000013) : 7033.673143734458 
0005000015 (0010000014) : 7095.438556675341 
0001000016 (0005000015) : 7991.460184944962 
0010000017 (0001000016) : 8012.577430115746 
