0000000000 (genesis block) : 0 
0010000001 (0000000000) : 48.071435740051825 
0006000002 (0010000001) : 377.31099197539857 
0009000003 (0006000002) : 635.5904113131554 
0010000004 (0009000003) : 931.3096567871542 
0005000005 (0010000004) : 1040.0966686840975 
0010000006 (0005000005) : 1502.0481449959818 
0001000007 (0010000006) : 2392.1081543947157 
0009000008 (0001000007) : 3562.181101496514 
0017000009 (0009000008) : 3570.771009299994 
0010000010 (0017000009) : 4350.352979742854 
0005000011 (0010000010) : 5746.006908658732 
0010000012 (0005000011) : 6113.369883759742 
0001000013 (0010000012) : 6276.2367718479645 
0010000014 (0001000013) : 7033.251684009138 
0005000015 (0010000014) : 7094.934484312264 
0001000016 (0005000015) : 7991.622614701003 
0010000017 (0001000016) : 8012.1539098615685 
