0000000000 (genesis block) : 0 
0010000001 (0000000000) : 48.307795209792246 
0006000002 (0010000001) : 377.54708553873724 
0009000003 (0006000002) : 635.6618308762045 
0010000004 (0009000003) : 931.6273727855659 
0005000005 (0010000004) : 1040.6044161663945 
0010000006 (0005000005) : 1502.3632953284307 
0001000007 (0010000006) : 2392.0471048337017 
0009000008 (0001000007) : 3562.309244293384 
0017000009 (0009000008) : 3570.692240434291 
0010000010 (0017000009) : 4350.671111641718 
0005000011 (0010000010) : 5746.513989472821 
0010000012 (0005000011) : 6113.684810996867 
0001000013 (0010000012) : 6276.173608324164 
0010000014 (0001000013) : 7033.566434273711 
0005000015 (0010000014) : 7095.442367097795 
0001000016 (0005000015) : 7991.563774309851 
0010000017 (0001000016) : 8012.470293066082 
