0000000000 (genesis block) : 0 
0010000001 (0000000000) : 48.16989434885679 
0006000002 (0010000001) : 377.239063581535 
0009000003 (0006000002) : 635.7583438896814 
0010000004 (0009000003) : 931.5277510732178 
0005000005 (0010000004) : 1040.3564546181242 
0010000006 (0005000005) : 1502.2671580046504 
0001000007 (0010000006) : 2392.1722255612776 
0009000008 (0001000007) : 3562.3848874012324 
0017000009 (0009000008) : 3570.8641377126255 
0010000010 (0017000009) : 4350.568271576549 
0005000011 (0010000010) : 5746.267098279913 
0010000012 (0005000011) : 6113.586671613659 
0001000013 (0010000012) : 6276.296002506576 
0010000014 (0001000013) : 7033.468152495318 
0005000015 (0010000014) : 7095.191891914085 
0001000016 (0005000015) : 7991.686493159537 
0010000017 (0001000016) : 8012.369823468291 
