0000000000 (genesis block) : 0 
0010000001 (0000000000) : 48.352581003697125 
0006000002 (0010000001) : 377.6013820952938 
0009000003 (0006000002) : 635.7909986173206 
0010000004 (0009000003) : 931.6692241152772 
0005000005 (0010000004) : 1040.4579149994277 
0010000006 (0005000005) : 1502.4041430102486 
0001000007 (0010000006) : 2392.306063564759 
0009000008 (0001000007) : 3562.3790979940445 
0017000009 (0009000008) : 3571.132713379155 
0010000010 (0017000009) : 4350.710218373398 
0005000011 (0010000010) : 5746.368576865537 
0010000012 (0005000011) : 6113.726388353431 
0001000013 (0010000012) : 6276.435515980822 
0010000014 (0001000013) : 7033.60800005759 
0005000015 (0010000014) : 7095.295520759416 
0001000016 (0005000015) : 7991.819907954308 
0010000017 (0001000016) : 8012.511335970578 
