0000000000 (genesis block) : 0 
0010000001 (0000000000) : 48.20176486478721 
0006000002 (0010000001) : 377.390622657294 
0009000003 (0006000002) : 635.5138406115105 
0010000004 (0009000003) : 931.6023184916617 
0005000005 (0010000004) : 1040.3881407894141 
0010000006 (0005000005) : 1502.339008463177 
0001000007 (0010000006) : 2391.871834063542 
0009000008 (0001000007) : 3562.132561574873 
0017000009 (0009000008) : 3571.0230291178973 
0010000010 (0017000009) : 4350.642713305036 
0005000011 (0010000010) : 5746.296398511723 
0010000012 (0005000011) : 6113.660163197492 
0001000013 (0010000012) : 6275.998695801949 
0010000014 (0001000013) : 7033.54189121882 
0005000015 (0010000014) : 7095.224385314604 
0001000016 (0005000015) : 7991.386398634934 
0010000017 (0001000016) : 8012.444193347669 
