0000000000 (genesis block) : 0 
0010000001 (0000000000) : 48.231704910031716 
0006000002 (0010000001) : 377.4387490568525 
0009000003 (0006000002) : 635.3780915011587 
0010000004 (0009000003) : 931.550640538393 
0005000005 (0010000004) : 1040.3377252638597 
0010000006 (0005000005) : 1502.2917213269975 
0001000007 (0010000006) : 2391.8676575993127 
0009000008 (0001000007) : 3561.941524771174 
0017000009 (0009000008) : 3571.011315821376 
0010000010 (0017000009) : 4350.59255454407 
0005000011 (0010000010) : 5746.25079830871 
0010000012 (0005000011) : 6113.60946587557 
0001000013 (0010000012) : 6275.99631448813 
0010000014 (0001000013) : 7033.491294204844 
0005000015 (0010000014) : 7095.174650701425 
0001000016 (0005000015) : 7991.381983474109 
0010000017 (0001000016) : 8012.3935213652085 
