0000000000 (genesis block) : 0 
0010000001 (0000000000) : 48.219507181212954 
0006000002 (0010000001) : 377.41783338449386 
0009000003 (0006000002) : 635.443465124436 
0010000004 (0009000003) : 931.6441186364148 
0005000005 (0010000004) : 1040.4313695239568 
0010000006 (0005000005) : 1502.3851115453524 
0001000007 (0010000006) : 2391.7734615305844 
0009000008 (0001000007) : 3562.0347478236386 
0017000009 (0009000008) : 3570.9253724565588 
0010000010 (0017000009) : 4350.685790227856 
0005000011 (0010000010) : 5746.345972770816 
0010000012 (0005000011) : 6113.7029283575175 
0001000013 (0010000012) : 6275.901106835376 
0010000014 (0001000013) : 7033.584606982512 
0005000015 (0010000014) : 7095.268246060196 
0001000016 (0005000015) : 7991.288654715365 
0010000017 (0001000016) : 8012.486688870335 
