0000000000 (genesis block) : 0 
0010000001 (0000000000) : 48.280147571850925 
0006000002 (0010000001) : 377.6325532523661 
0009000003 (0006000002) : 635.8012668886836 
0010000004 (0009000003) : 931.5133488187278 
0005000005 (0010000004) : 1040.6117889592063 
0010000006 (0005000005) : 1502.2518701483202 
0001000007 (0010000006) : 2392.186442497515 
0009000008 (0001000007) : 3562.4472055900433 
0017000009 (0009000008) : 3571.1278825606814 
0010000010 (0017000009) : 4350.557846017083 
0005000011 (0010000010) : 5746.523194501573 
0010000012 (0005000011) : 6113.5733180386305 
0001000013 (0010000012) : 6276.312934331978 
0010000014 (0001000013) : 7033.455029786713 
0005000015 (0010000014) : 7095.447533645763 
0001000016 (0005000015) : 7991.700591239869 
0010000017 (0001000016) : 8012.35718325204 
