0000000000 (genesis block) : 0 
0010000001 (0000000000) : 48.33549059802956 
0006000002 (0010000001) : 377.4627746239047 
0009000003 (0006000002) : 635.6659860352237 
0010000004 (0009000003) : 931.790721527518 
0005000005 (0010000004) : 1040.5798875904497 
0010000006 (0005000005) : 1502.5317569583735 
0001000007 (0010000006) : 2392.051302019879 
0009000008 (0001000007) : 3562.3129186548217 
0017000009 (0009000008) : 3570.86548583538 
0010000010 (0017000009) : 4350.837668486229 
0005000011 (0010000010) : 5746.490923581801 
0010000012 (0005000011) : 6113.8524438732575 
0001000013 (0010000012) : 6276.177904586701 
0010000014 (0001000013) : 7033.734258764353 
0005000015 (0010000014) : 7095.41618851817 
0001000016 (0005000015) : 7991.567354899695 
0010000017 (0001000016) : 8012.6353501232825 
