0000000000 (genesis block) : 0 
0010000001 (0000000000) : 48.16166080239592 
0006000002 (0010000001) : 377.3432287266656 
0009000003 (0006000002) : 635.6060092156143 
0010000004 (0009000003) : 931.4815742654865 
0005000005 (0010000004) : 1040.2681297398342 
0010000006 (0005000005) : 1502.2180894274366 
0001000007 (0010000006) : 2391.993198389618 
0009000008 (0001000007) : 3562.2522386384453 
0017000009 (0009000008) : 3570.9405531981756 
0010000010 (0017000009) : 4350.522610171449 
0005000011 (0010000010) : 5746.176703001948 
0010000012 (0005000011) : 6113.540184108451 
0001000013 (0010000012) : 6276.118995126353 
0010000014 (0001000013) : 7033.421410904738 
0005000015 (0010000014) : 7095.104474478252 
0001000016 (0005000015) : 7991.508905353235 
0010000017 (0001000016) : 8012.323700759493 
