0000000000 (genesis block) : 0 
0010000001 (0000000000) : 48.167743961840316 
0006000002 (0010000001) : 377.60622895143644 
0009000003 (0006000002) : 635.960108288837 
0010000004 (0009000003) : 931.407430393506 
0005000005 (0010000004) : 1040.5358889268387 
0010000006 (0005000005) : 1502.1421942197226 
0001000007 (0010000006) : 2392.356429627841 
0009000008 (0001000007) : 3562.620602557915 
0017000009 (0009000008) : 3570.9565553048933 
0010000010 (0017000009) : 4350.448781479458 
0005000011 (0010000010) : 5746.446006246587 
0010000012 (0005000011) : 6113.4638611129085 
0001000013 (0010000012) : 6276.483757592253 
0010000014 (0001000013) : 7033.347065351874 
0005000015 (0010000014) : 7095.374847544427 
0001000016 (0005000015) : 7991.875020915112 
0010000017 (0001000016) : 8012.247767457858 
