0000000000 (genesis block) : 0 
0010000001 (0000000000) : 48.32077035951029 
0006000002 (0010000001) : 377.4855085304031 
0009000003 (0006000002) : 635.5967028187375 
0010000004 (0009000003) : 931.7477331049039 
0005000005 (0010000004) : 1040.6004486464035 
0010000006 (0005000005) : 1502.4875107566295 
0001000007 (0010000006) : 2391.954910668995 
0009000008 (0001000007) : 3562.21604395483 
0017000009 (0009000008) : 3570.9621320385554 
0010000010 (0017000009) : 4350.790514064236 
0005000011 (0010000010) : 5746.509939124829 
0010000012 (0005000011) : 6113.807131516171 
0001000013 (0010000012) : 6276.082378574286 
0010000014 (0001000013) : 7033.690986378886 
0005000015 (0010000014) : 7095.438900456453 
0001000016 (0005000015) : 7991.470039471159 
0010000017 (0001000016) : 8012.590927638334 
