0000000000 (genesis block) : 0 
0010000001 (0000000000) : 48.350200644585776 
0006000002 (0010000001) : 377.6182360659553 
0009000003 (0006000002) : 635.7346466242623 
0010000004 (0009000003) : 931.5869252620428 
0005000005 (0010000004) : 1040.719913066869 
0010000006 (0005000005) : 1502.325061082651 
0001000007 (0010000006) : 2392.1183611969514 
0009000008 (0001000007) : 3562.3805968394977 
0017000009 (0009000008) : 3570.814081345649 
0010000010 (0017000009) : 4350.629444391873 
0005000011 (0010000010) : 5746.627643115011 
0010000012 (0005000011) : 6113.647531066208 
0001000013 (0010000012) : 6276.244855666984 
0010000014 (0001000013) : 7033.5292081077205 
0005000015 (0010000014) : 7095.557444660528 
0001000016 (0005000015) : 7991.637118184684 
0010000017 (0001000016) : 8012.430101845349 
