0000000000 (genesis block) : 0 
0010000001 (0000000000) : 48.174021277189055 
0006000002 (0010000001) : 377.468331519639 
0009000003 (0006000002) : 635.8469597771169 
0010000004 (0009000003) : 931.4131008996437 
0005000005 (0010000004) : 1040.3902749125784 
0010000006 (0005000005) : 1502.150385785563 
0001000007 (0010000006) : 2392.2212684242572 
0009000008 (0001000007) : 3562.4750398219153 
0017000009 (0009000008) : 3570.4777276160053 
0010000010 (0017000009) : 4350.456245716945 
0005000011 (0010000010) : 5746.300287270241 
0010000012 (0005000011) : 6113.47184506797 
0001000013 (0010000012) : 6276.35213417463 
0010000014 (0001000013) : 7033.353633326501 
0005000015 (0010000014) : 7095.229573774585 
0001000016 (0005000015) : 7991.736581566966 
0010000017 (0001000016) : 8012.257093537925 
