0000000000 (genesis block) : 0 
0010000001 (0000000000) : 48.13750124865345 
0006000002 (0010000001) : 377.3242154926709 
0009000003 (0006000002) : 635.8231996522418 
0010000004 (0009000003) : 931.3755671066139 
0005000005 (0010000004) : 1040.506599002637 
0010000006 (0005000005) : 1502.1139152421867 
0001000007 (0010000006) : 2392.2784983852025 
0009000008 (0001000007) : 3562.418038422435 
0017000009 (0009000008) : 3570.9179984562816 
0010000010 (0017000009) : 4350.416859521778 
0005000011 (0010000010) : 5746.415751016759 
0010000012 (0005000011) : 6113.434383006506 
0001000013 (0010000012) : 6276.404988111773 
0010000014 (0001000013) : 7033.316451901949 
0005000015 (0010000014) : 7095.3443160842335 
0001000016 (0005000015) : 7991.792490803071 
0010000017 (0001000016) : 8012.217454906396 
