0000000000 (genesis block) : 0 
0010000001 (0000000000) : 48.1595271326165 
0006000002 (0010000001) : 377.27373160321184 
0009000003 (0006000002) : 635.811986929233 
0010000004 (0009000003) : 931.39685935756 
0005000005 (0010000004) : 1040.3929784564368 
0010000006 (0005000005) : 1502.1350785564946 
0001000007 (0010000006) : 2392.3072063935465 
0009000008 (0001000007) : 3562.435011597174 
0017000009 (0009000008) : 3570.9976356304564 
0010000010 (0017000009) : 4350.438496009548 
0005000011 (0010000010) : 5746.301862964474 
0010000012 (0005000011) : 6113.4563736603 
0001000013 (0010000012) : 6276.434647558213 
0010000014 (0001000013) : 7033.339507785875 
0005000015 (0010000014) : 7095.22709659883 
0001000016 (0005000015) : 7991.822032102466 
0010000017 (0001000016) : 8012.239760000503 
