0000000000 (genesis block) : 0 
0010000001 (0000000000) : 48.23145193829854 
0006000002 (0010000001) : 377.30133469171545 
0009000003 (0006000002) : 635.8059911681747 
0010000004 (0009000003) : 931.5788669773572 
0005000005 (0010000004) : 1040.419006362836 
0010000006 (0005000005) : 1502.3154703193811 
0001000007 (0010000006) : 2392.1640031633146 
0009000008 (0001000007) : 3562.4237812236224 
0017000009 (0009000008) : 3570.7163431909476 
0010000010 (0017000009) : 4350.618922902015 
0005000011 (0010000010) : 5746.327361135302 
0010000012 (0005000011) : 6113.637648539473 
0001000013 (0010000012) : 6276.292043825498 
0010000014 (0001000013) : 7033.5183982230765 
0005000015 (0010000014) : 7095.252498226374 
0001000016 (0005000015) : 7991.677220765151 
0010000017 (0001000016) : 8012.418752716343 
