0000000000 (genesis block) : 0 
0010000001 (0000000000) : 47.97963088950469 
0006000002 (0010000001) : 377.4119333094718 
0009000003 (0006000002) : 635.7345287027728 
0010000004 (0009000003) : 931.1380236591757 
0005000005 (0010000004) : 1040.2693767691148 
0010000006 (0005000005) : 1501.8761057264314 
0001000007 (0010000006) : 2392.2804960673525 
0009000008 (0001000007) : 3562.3540070047484 
0017000009 (0009000008) : 3570.752742700575 
0010000010 (0017000009) : 4350.180564209569 
0005000011 (0010000010) : 5746.178847603179 
0010000012 (0005000011) : 6113.197768047062 
0001000013 (0010000012) : 6276.409630822465 
0010000014 (0001000013) : 7033.079539034519 
0005000015 (0010000014) : 7095.106869026939 
0001000016 (0005000015) : 7991.79465722211 
0010000017 (0001000016) : 8011.981289867717 
