0000000000 (genesis block) : 0 
0010000001 (0000000000) : 48.15735435046368 
0006000002 (0010000001) : 377.21887255308405 
0009000003 (0006000002) : 635.7116829785231 
0010000004 (0009000003) : 931.4748971511859 
0005000005 (0010000004) : 1040.2640184512627 
0010000006 (0005000005) : 1502.2147825980142 
0001000007 (0010000006) : 2392.229374549588 
0009000008 (0001000007) : 3562.3062553831705 
0017000009 (0009000008) : 3570.870440361007 
0010000010 (0017000009) : 4350.520245829719 
0005000011 (0010000010) : 5746.1733705641 
0010000012 (0005000011) : 6113.535142531655 
0001000013 (0010000012) : 6276.357897116391 
0010000014 (0001000013) : 7033.41732801005 
0005000015 (0010000014) : 7095.098936566119 
0001000016 (0005000015) : 7991.743802354132 
0010000017 (0001000016) : 8012.318651755781 
